736.9988 857.5403 10 0
743.6141 812.9314 10 0.03335556
744.2997 806.8003 10 0.06671111
743.8567 800.2911 10 0.1000667
743.1602 795.7944 10 0.1334222
742.2807 790.2268 10 0.1667778
740.8908 784.3836 10 0.2001333
739.0676 778.6632 10 0.2334889
736.6992 773.2065 10 0.2668444
734.0908 768.1822 10 0.3002
731.3801 763.4847 10 0.3335556
728.2389 759.3438 10 0.3669111
724.6138 754.8113 10 0.4002667
720.9222 750.3834 10 0.4336222
716.7788 746.6877 10 0.4669778
712.1771 743.4869 10 0.5003333
707.414 740.5418 10 0.5336889
702.412 738.137 10 0.5670444
696.9308 736.3061 10 0.6004
691.6378 735.0345 10 0.6337556
686.6239 734.2736 10 0.6671111
680.9898 733.9018 10 0.7004667
675.247 734.2732 10 0.7338222
669.5433 734.9041 10 0.7671778
664.1963 736.0961 10 0.8005333
659.0224 737.9414 10 0.8338889
653.3198 739.9076 10 0.8672444
647.6713 742.0011 10 0.9006
642.6051 744.4446 10 0.9339556
637.2669 747.6229 10 0.9673111
632.6752 750.4698 10 1.000667
628.4237 753.7652 10 1.034022
624.3022 757.8206 10 1.067378
620.0663 762.3247 10 1.100733
616.5269 766.4913 10 1.134089
613.509 771.2746 10 1.167444
610.0619 771.8964 10 1.2008
605.9123 774.8967 10 1.234156
601.2302 778.809 10 1.267511
596.8618 782.837 10 1.300867
592.9598 786.8257 10 1.334222
588.7806 790.8505 10 1.367578
584.6229 795.5977 10 1.400933
580.9083 800.1909 10 1.434289
577.5669 804.9211 10 1.467644
574.6516 810.0646 10 1.501
572.2894 814.849 10 1.534356
570.0123 820.2309 10 1.567711
568.1355 825.6429 10 1.601067
566.6727 831.1112 10 1.634422
565.5693 836.7516 10 1.667778
564.7386 842.3415 10 1.701133
564.7485 848.0236 10 1.734489
564.9856 853.7402 10 1.767844
565.7878 859.6319 10 1.8012
567.1191 865.6812 10 1.834556
568.8048 870.8474 10 1.867911
570.8757 876.1635 10 1.901267
573.1451 880.9132 10 1.934622
575.756 885.9399 10 1.967978
579.0651 890.9741 10 2.001333
582.2658 894.7889 10 2.034689
585.6951 898.3874 10 2.068044
586.4387 902.2469 10 2.1014
587.8941 906.8932 10 2.134756
588.8231 909.2144 10 2.168111
588.4977 908.9566 10 2.201467
587.2473 910.0392 10 2.234822
586.4476 910.8889 10 2.268178
586.4639 912.5414 10 2.301533
584.527 913.3135 10 2.334889
582.7523 914.4527 10 2.368244
581.4504 917.1652 10 2.4016
579.0369 918.2869 10 2.434956
576.7995 920.1726 10 2.468311
574.4287 921.815 10 2.501667
571.591 922.2499 10 2.535022
569.6729 923.6233 10 2.568378
568.3553 923.703 10 2.601733
567.9481 924.506 10 2.635089
567.5379 924.3314 10 2.668444
567.2333 924.2196 10 2.7018
566.7319 924.8696 10 2.735156
566.5025 924.7787 10 2.768511
566.8269 925.0502 10 2.801867
567.2992 924.8831 10 2.835222
570.8287 925.7865 10 2.868578
575.5038 927.232 10 2.901933
577.6395 928.1482 10 2.935289
581.1647 927.6383 10 2.968644
584.2718 930.7702 10 3.002
585.5632 932.6861 10 3.035356
587.7326 929.4397 10 3.068711
589.846 927.6551 10 3.102067
592.363 927.4335 10 3.135422
593.3254 926.3282 10 3.168778
594.9164 923.253 10 3.202133
597.6641 920.3971 10 3.235489
600.6515 916.5864 10 3.268844
601.9933 913.2262 10 3.3022
601.1774 909.9418 10 3.335556
600.584 905.667 10 3.368911
600.4973 901.654 10 3.402267
600.8633 897.2955 10 3.435622
602.7611 892.194 10 3.468978
604.8263 886.616 10 3.502333
605.022 880.3071 10 3.535689
603.5734 876.2838 10 3.569044
600.3092 872.2195 10 3.6024
598.6787 865.8652 10 3.635756
596.7659 860.2393 10 3.669111
594.3994 854.6168 10 3.702467
591.5837 849.6121 10 3.735822
587.1709 845.534 10 3.769178
583.0238 842.7178 10 3.802533
577.6807 839.4017 10 3.835889
572.4887 836.1653 10 3.869244
565.6336 835.0234 10 3.9026
559.7915 833.6337 10 3.935956
553.6656 831.8808 10 3.969311
548.0219 830.3823 10 4.002667
542.0238 828.9752 10 4.036022
536.0263 827.9374 10 4.069378
529.5018 826.9463 10 4.102733
524.2663 827.0412 10 4.136089
518.7078 827.3895 10 4.169444
513.0876 828.5835 10 4.2028
507.809 830.1139 10 4.236156
502.4408 832.1178 10 4.269511
497.3472 835.6587 10 4.302867
492.3536 838.7877 10 4.336222
487.324 841.537 10 4.369578
481.8883 844.8044 10 4.402933
477.0715 848.4457 10 4.436289
472.6885 851.6725 10 4.469644
468.4189 855.8212 10 4.503
464.7643 860.1361 10 4.536356
461.6627 864.959 10 4.569711
459.0214 870.0332 10 4.603067
456.8558 874.9222 10 4.636422
454.5115 880.6532 10 4.669778
452.8814 886.8005 10 4.703133
451.132 890.2385 10 4.736489
447.6865 892.748 10 4.769844
444.5488 896.1786 10 4.8032
441.2749 898.9672 10 4.836556
437.0209 901.5225 10 4.869911
432.7535 903.2494 10 4.903267
427.9418 902.3259 10 4.936622
423.1332 901.859 10 4.969978
415.3646 900.6214 10 5.003333
407.8653 901.204 10 5.036689
400.7184 900.472 10 5.070044
393.7383 901.1784 10 5.1034
386.9696 901.9348 10 5.136756
379.8534 901.113 10 5.170111
372.9798 902.5708 10 5.203467
366.9909 902.6372 10 5.236822
361.2443 904.6267 10 5.270178
353.2682 904.5777 10 5.303533
347.9102 903.9386 10 5.336889
343.8722 900.9806 10 5.370244
338.3949 901.0451 10 5.4036
332.1759 902.8486 10 5.436956
328.0703 900.559 10 5.470311
323.6796 897.9906 10 5.503667
317.8899 896.2894 10 5.537022
314.8321 892.9704 10 5.570378
309.9831 891.8816 10 5.603733
302.6012 890.0181 10 5.637089
299.1331 889.71 10 5.670444
295.4603 888.6243 10 5.7038
291.4932 886.9405 10 5.737156
289.4597 885.2684 10 5.770511
285.1166 884.1185 10 5.803867
281.7875 881.7653 10 5.837222
277.3276 880.8298 10 5.870578
275.3117 879.3409 10 5.903933
274.1178 877.6018 10 5.937289
272.3316 874.9844 10 5.970644
266.8749 871.8029 10 6.004
263.1662 868.2502 10 6.037356
259.6371 866.9802 10 6.070711
254.5016 864.9838 10 6.104067
253.1992 862.5715 10 6.137422
250.0149 858.8531 10 6.170778
245.3123 855.8098 10 6.204133
242.5967 853.0982 10 6.237489
237.3895 851.0077 10 6.270844
231.4044 851.2369 10 6.3042
229.8588 847.0079 10 6.337556
226.9366 844.9165 10 6.370911
224.0818 843.7923 10 6.404267
220.8727 840.5667 10 6.437622
217.8505 837.2576 10 6.470978
215.2031 833.122 10 6.504333
210.1119 829.6902 10 6.537689
205.4107 828.8991 10 6.571044
202.2353 824.8853 10 6.6044
199.5482 822.7613 10 6.637756
196.3677 818.5176 10 6.671111
193.6318 816.1375 10 6.704467
191.0517 816.2476 10 6.737822
189.2612 812.5391 10 6.771178
184.0055 809.1457 10 6.804533
181.1374 804.2454 10 6.837889
178.2286 800.0296 10 6.871244
172.9549 798.3134 10 6.9046
166.9508 795.5135 10 6.937956
166.2584 792.772 10 6.971311
163.7429 789.0731 10 7.004667
159.0798 786.4782 10 7.038022
155.6697 782.7458 10 7.071378
154.2661 778.0593 10 7.104733
149.9304 775.9769 10 7.138089
147.7739 774.253 10 7.171444
145.1942 769.4552 10 7.2048
143.1907 763.7243 10 7.238156
138.421 760.5246 10 7.271511
133.0094 757.2658 10 7.304867
132.9098 753.9966 10 7.338222
129.9208 751.6813 10 7.371578
125.6748 748.9618 10 7.404933
125.5828 741.507 10 7.438289
122.6959 734.7331 10 7.471644
119.6113 730.588 10 7.505
118.58 727.5535 10 7.538356
115.0547 725.3807 10 7.571711
113.7555 723.7367 10 7.605067
112.2962 719.6469 10 7.638422
109.7183 715.7346 10 7.671778
108.4261 712.2251 10 7.705133
104.3648 708.6076 10 7.738489
99.21469 704.7407 10 7.771844
100.1109 700.017 10 7.8052
98.44243 693.535 10 7.838556
94.0841 689.806 10 7.871911
89.57899 686.4923 10 7.905267
89.00826 680.9182 10 7.938622
84.98201 677.4297 10 7.971978
81.83263 674.2997 10 8.005333
82.01784 669.7217 10 8.038689
80.12963 664.2666 10 8.072044
77.00079 657.5955 10 8.1054
76.20168 652.0649 10 8.138756
76.58073 650.3469 10 8.172111
75.78068 647.838 10 8.205467
72.56578 643.6312 10 8.238822
72.2331 639.6201 10 8.272178
71.20785 639.2987 10 8.305533
72.19801 635.0419 10 8.338889
69.47583 631.1807 10 8.372244
64.83005 625.6837 10 8.4056
61.21748 620.3175 10 8.438956
59.02435 615.7406 10 8.472311
59.84047 613.3818 10 8.505667
57.03351 610.1052 10 8.539022
58.58799 603.9092 10 8.572378
57.58348 597.0793 10 8.605733
54.83318 592.0959 10 8.639089
51.63853 587.3737 10 8.672444
51.84925 583.872 10 8.7058
52.34653 579.9204 10 8.739156
51.93668 573.6469 10 8.772511
49.21786 567.7186 10 8.805867
46.72037 563.1031 10 8.839222
46.13507 559.1748 10 8.872578
44.42417 553.3757 10 8.905933
43.05932 548.1945 10 8.939289
44.83034 544.4534 10 8.972644
45.22268 539.1321 10 9.006
43.03844 534.058 10 9.039356
42.04861 528.6433 10 9.072711
43.34858 525.5284 10 9.106067
42.66934 521.2283 10 9.139422
40.63242 515.1883 10 9.172778
40.77271 508.4041 10 9.206133
43.78068 504.2657 10 9.239489
44.0327 499.6509 10 9.272844
43.58778 492.9131 10 9.3062
41.79195 486.7079 10 9.339556
41.79693 483.245 10 9.372911
43.32819 477.6345 10 9.406267
42.24888 471.884 10 9.439622
42.54078 467.7832 10 9.472978
43.82323 463.7146 10 9.506333
43.24913 457.6172 10 9.539689
45.33703 453.8721 10 9.573044
44.69153 449.1759 10 9.6064
44.4999 442.3415 10 9.639756
45.89602 435.5085 10 9.673111
46.15873 428.8916 10 9.706467
48.90714 425.2842 10 9.739822
49.63024 420.398 10 9.773178
48.98462 415.1856 10 9.806533
49.70091 411.0276 10 9.839889
53.53643 406.3274 10 9.873244
51.80065 399.3947 10 9.9066
53.42473 391.9652 10 9.939956
54.68318 385.1066 10 9.973311
54.66634 380.8414 10 10.00667
54.53419 376.8436 10 10.04002
56.4408 372.9881 10 10.07338
57.39822 368.4342 10 10.10673
59.1587 361.9972 10 10.14009
60.76978 357.3163 10 10.17344
62.60815 351.0513 10 10.2068
62.61594 343.9796 10 10.24016
62.3214 338.6028 10 10.27351
66.29679 334.0333 10 10.30687
67.83305 329.5923 10 10.34022
70.05425 327.4097 10 10.37358
71.97704 321.8765 10 10.40693
72.68212 315.4194 10 10.44029
74.92214 308.2552 10 10.47364
77.75532 305.9542 10 10.507
80.62302 301.6794 10 10.54036
82.92047 296.2859 10 10.57371
82.92988 290.7941 10 10.60707
86.06858 287.6157 10 10.64042
88.88457 282.3176 10 10.67378
91.5753 278.2499 10 10.70713
92.38184 273.1206 10 10.74049
94.27484 266.7391 10 10.77384
97.34778 263.884 10 10.8072
100.9479 259.9465 10 10.84056
103.0511 256.9398 10 10.87391
105.7951 255.3909 10 10.90727
108.0895 251.6444 10 10.94062
109.2382 248.8713 10 10.97398
113.2399 245.1955 10 11.00733
115.5704 241.8898 10 11.04069
116.6792 238.9841 10 11.07404
121.0635 236.4619 10 11.1074
125.0746 234.5332 10 11.14076
127.9515 230.5485 10 11.17411
129.6759 228.0923 10 11.20747
132.8031 225.0715 10 11.24082
134.7852 222.3549 10 11.27418
137.2357 217.9406 10 11.30753
140.3325 215.8095 10 11.34089
141.8503 211.4731 10 11.37424
145.3676 206.4515 10 11.4076
149.3649 202.9227 10 11.44096
151.2978 198.6309 10 11.47431
152.2165 196.7684 10 11.50767
155.521 194.4598 10 11.54102
159.4663 192.0229 10 11.57438
161.3807 189.2439 10 11.60773
164.6891 187.752 10 11.64109
169.058 183.4553 10 11.67444
170.6492 178.4481 10 11.7078
173.117 178.0743 10 11.74116
178.4738 173.7253 10 11.77451
181.228 168.0345 10 11.80787
184.2057 166.5843 10 11.84122
187.4076 163.6619 10 11.87458
192.6467 159.4505 10 11.90793
195.9297 158.2376 10 11.94129
196.6268 155.6359 10 11.97464
199.8602 154.1056 10 12.008
202.631 149.7967 10 12.04136
205.3568 148.2598 10 12.07471
210.2812 146.0175 10 12.10807
213.6402 141.3884 10 12.14142
215.023 137.1248 10 12.17478
217.8341 134.9028 10 12.20813
222.1544 133.7636 10 12.24149
225.2493 130.3357 10 12.27484
230.8893 127.0024 10 12.3082
237.0424 125.6835 10 12.34156
241.2355 122.2474 10 12.37491
243.6947 117.5382 10 12.40827
245.3662 113.1278 10 12.44162
248.3765 113.0562 10 12.47498
252.4704 111.3876 10 12.50833
258.0332 109.7343 10 12.54169
262.9129 108.1056 10 12.57504
266.5047 103.5525 10 12.6084
269.0846 99.52378 10 12.64176
271.2713 100.0005 10 12.67511
274.8023 96.80181 10 12.70847
280.1987 92.4568 10 12.74182
282.9567 91.93092 10 12.77518
288.2607 90.26662 10 12.80853
292.9973 87.27727 10 12.84189
296.8779 82.03585 10 12.87524
302.2963 82.0871 10 12.9086
307.3724 79.38823 10 12.94196
311.6134 75.28584 10 12.97531
315.563 71.35039 10 13.00867
321.385 71.61652 10 13.04202
326.2531 69.061 10 13.07538
330.5121 65.20505 10 13.10873
335.7983 62.84736 10 13.14209
338.4681 63.32806 10 13.17544
340.6704 60.94234 10 13.2088
344.4829 59.87723 10 13.24216
349.0338 58.28993 10 13.27551
353.1617 57.54991 10 13.30887
359.4345 58.94986 10 13.34222
365.8296 58.34078 10 13.37558
372.1973 55.4702 10 13.40893
376.7361 52.8612 10 13.44229
378.7522 53.46913 10 13.47564
383.8266 51.54466 10 13.509
388.3687 50.30928 10 13.54236
395.4588 51.96272 10 13.57571
402.4499 52.0362 10 13.60907
407.8906 53.08837 10 13.64242
413.2825 50.69917 10 13.67578
418.1345 47.15919 10 13.70913
421.5794 43.64652 10 13.74249
423.4777 44.3988 10 13.77584
427.5077 43.06931 10 13.8092
433.2888 39.72588 10 13.84256
438.2672 41.4253 10 13.87591
444.1271 42.8067 10 13.90927
449.7805 42.14105 10 13.94262
454.064 41.4641 10 13.97598
457.0027 43.45413 10 14.00933
461.4885 42.62449 10 14.04269
467.0097 40.15497 10 14.07604
472.2468 37.23021 10 14.1094
477.1128 35.24695 10 14.14276
478.9107 36.08887 10 14.17611
482.5015 34.83335 10 14.20947
486.5885 34.65314 10 14.24282
490.9967 38.38893 10 14.27618
496.3708 39.30443 10 14.30953
503.1432 40.57413 10 14.34289
509.3694 39.78641 10 14.37624
514.9554 37.86019 10 14.4096
518.296 39.22439 10 14.44296
524.0358 38.53854 10 14.47631
527.2268 39.65501 10 14.50967
530.0863 41.01486 10 14.54302
536.1542 41.15532 10 14.57638
542.0287 39.83749 10 14.60973
545.415 40.1552 10 14.64309
550.4617 42.728 10 14.67644
556.1813 42.7119 10 14.7098
558.6659 44.76361 10 14.74316
563.4124 47.53417 10 14.77651
569.0014 48.41955 10 14.80987
573.1648 48.17091 10 14.84322
575.5559 50.38232 10 14.87658
580.5599 51.7216 10 14.90993
585.8814 51.31684 10 14.94329
590.3636 50.77674 10 14.97664
593.1672 54.54679 10 15.01
598.8338 56.41909 10 15.04336
603.3457 57.96721 10 15.07671
606.5521 59.01833 10 15.11007
611.9853 58.58173 10 15.14342
615.2536 59.85122 10 15.17678
620.3125 61.44643 10 15.21013
622.7841 64.82974 10 15.24349
626.8782 65.55113 10 15.27684
629.7943 66.9583 10 15.3102
634.7165 70.33088 10 15.34356
640.2531 72.11987 10 15.37691
642.9447 74.65931 10 15.41027
648.3295 74.94976 10 15.44362
650.7205 79.24879 10 15.47698
655.3323 82.41669 10 15.51033
660.8969 82.72202 10 15.54369
664.8159 82.82046 10 15.57704
666.2668 85.53225 10 15.6104
670.2862 87.16222 10 15.64376
676.5482 88.1601 10 15.67711
682.4519 88.16681 10 15.71047
685.2864 89.1061 10 15.74382
686.9983 91.40599 10 15.77718
690.5141 94.75932 10 15.81053
694.4297 96.75351 10 15.84389
697.8793 98.81039 10 15.87724
700.4822 101.3711 10 15.9106
703.7548 103.1436 10 15.94396
708.6009 105.136 10 15.97731
712.1165 107.1629 10 16.01067
714.8273 111.4574 10 16.04402
720.3086 115.2791 10 16.07738
726.7297 117.5451 10 16.11073
732.9306 118.2649 10 16.14409
737.1995 118.8208 10 16.17744
738.1498 121.0085 10 16.2108
741.7011 123.631 10 16.24416
747.75 126.4241 10 16.27751
751.7979 130.4826 10 16.31087
753.6531 134.3306 10 16.34422
757.5595 140.3561 10 16.37758
763.9371 144.0272 10 16.41093
769.8659 146.8717 10 16.44429
775.0038 149.366 10 16.47764
779.6978 151.3602 10 16.511
780.8114 153.9548 10 16.54436
783.7041 156.9373 10 16.57771
788.2043 160.2317 10 16.61107
792.5413 164.0569 10 16.64442
793.5214 167.8679 10 16.67778
796.4603 170.0362 10 16.71113
800.6594 171.9627 10 16.74449
800.803 175.4211 10 16.77784
803.7868 180.5818 10 16.8112
808.0121 185.8402 10 16.84456
813.3278 189.6686 10 16.87791
814.838 192.6852 10 16.91127
817.2949 196.0705 10 16.94462
821.8111 199.5045 10 16.97798
825.1565 204.5164 10 17.01133
825.4574 208.0156 10 17.04469
827.1889 211.1479 10 17.07804
831.1539 214.6247 10 17.1114
836.3617 219.1827 10 17.14476
837.3581 225.6191 10 17.17811
840.1854 230.6904 10 17.21147
845.1798 234.3982 10 17.24482
850.1823 238.4415 10 17.27818
854.6327 242.3028 10 17.31153
855.1432 245.0612 10 17.34489
858.1266 246.8056 10 17.37824
861.707 251.8714 10 17.4116
864.2325 255.6267 10 17.44496
867.4733 258.6437 10 17.47831
866.5001 262.8464 10 17.51167
866.1013 269.5636 10 17.54502
868.729 275.5063 10 17.57838
873.1445 280.2374 10 17.61173
878.0275 284.6505 10 17.64509
881.5962 289.2183 10 17.67844
879.6166 292.6904 10 17.7118
882.0128 296.5345 10 17.74516
885.1661 300.436 10 17.77851
888.6344 305.6931 10 17.81187
889.6769 309.6827 10 17.84522
889.1793 313.4631 10 17.87858
890.2376 319.9416 10 17.91193
893.3922 326.2836 10 17.94529
896.64 332.596 10 17.97864
900.0501 338.9029 10 18.012
900.625 343.2053 10 18.04536
901.9665 346.4726 10 18.07871
905.0294 350.9077 10 18.11207
907.8561 355.5049 10 18.14542
905.4068 361.2637 10 18.17878
905.9024 367.918 10 18.21213
908.438 374.1133 10 18.24549
911.777 379.6231 10 18.27884
913.3777 385.1905 10 18.3122
911.17 389.3714 10 18.34556
911.7206 394.7394 10 18.37891
912.4854 401.467 10 18.41227
914.4853 407.981 10 18.44562
917.7543 413.4947 10 18.47898
918.1939 416.7875 10 18.51233
918.9665 420.1387 10 18.54569
919.5567 426.9401 10 18.57904
918.2764 432.8522 10 18.6124
918.7675 439.0378 10 18.64576
919.5754 443.8722 10 18.67911
920.8288 449.562 10 18.71247
923.1944 455.2368 10 18.74582
926.1794 460.6265 10 18.77918
926.7706 464.5485 10 18.81253
925.1845 470.514 10 18.84589
925.8956 476.8302 10 18.87924
927.7145 482.1677 10 18.9126
925.828 485.8558 10 18.94596
924.4751 489.7489 10 18.97931
923.6579 495.8027 10 19.01267
923.3834 502.6751 10 19.04602
922.4092 509.041 10 19.07938
919.909 514.3815 10 19.11273
920.0123 520.2476 10 19.14609
921.8781 525.8288 10 19.17944
923.8368 530.8819 10 19.2128
924.0182 533.3357 10 19.24616
924.7253 537.3594 10 19.27951
921.9276 541.2771 10 19.31287
919.0375 546.9585 10 19.34622
917.6228 552.8411 10 19.37958
918.1032 558.2916 10 19.41293
916.2243 561.5732 10 19.44629
915.5242 567.7832 10 19.47964
916.4726 574.1579 10 19.513
914.7987 577.4758 10 19.54636
913.5064 580.8112 10 19.57971
913.1272 587.2118 10 19.61307
913.9805 593.4602 10 19.64642
914.2522 597.4425 10 19.67978
910.0858 601.0303 10 19.71313
908.0816 606.734 10 19.74649
907.7273 612.988 10 19.77984
905.7585 615.8985 10 19.8132
902.4351 621.1324 10 19.84656
899.8663 628.3805 10 19.87991
899.0095 634.4553 10 19.91327
896.7581 635.9546 10 19.94662
896.8242 641.0503 10 19.97998
893.7671 647.4922 10 20.01333
890.9721 651.0787 10 20.04669
886.718 655.9753 10 20.08004
883.7158 662.6292 10 20.1134
882.5739 669.6162 10 20.14676
882.2915 675.8435 10 20.18011
881.4225 682.7063 10 20.21347
877.971 685.9533 10 20.24682
875.841 690.5872 10 20.28018
874.4899 695.903 10 20.31353
870.5599 700.2583 10 20.34689
866.6113 703.7773 10 20.38024
862.2996 709.747 10 20.4136
858.8578 716.3328 10 20.44696
853.5049 718.5962 10 20.48031
850.3849 723.125 10 20.51367
848.234 728.2725 10 20.54702
846.7345 733.9819 10 20.58038
844.262 739.7457 10 20.61373
841.9548 744.0629 10 20.64709
835.994 747.5838 10 20.68044
831.4599 752.6245 10 20.7138
827.2703 758.3039 10 20.74716
824.2186 764.073 10 20.78051
820.4145 765.2942 10 20.81387
817.3846 769.2785 10 20.84722
814.4307 775.3822 10 20.88058
810.9479 781.5392 10 20.91393
806.0282 786.6191 10 20.94729
801.2655 788.3783 10 20.98064
798.4721 791.9822 10 21.014
796.3048 797.0006 10 21.04736
791.9062 802.0806 10 21.08071
787.0777 804.7115 10 21.11407
781.9396 807.8316 10 21.14742
776.6502 813.0667 10 21.18078
773.3112 819.2152 10 21.21413
770.4729 819.8864 10 21.24749
765.5475 822.2275 10 21.28084
760.8043 826.2842 10 21.3142
756.9492 831.0761 10 21.34756
753.4769 836.1422 10 21.38091
747.7197 838.7009 10 21.41427
742.5306 842.5611 10 21.44762
738.433 847.4407 10 21.48098
735.5444 849.7216 10 21.51433
732.5733 853.2338 10 21.54769
727.1401 856.1119 10 21.58104
723.256 856.6847 10 21.6144
718.9179 860.5881 10 21.64776
715.0873 865.4001 10 21.68111
710.1214 867.3736 10 21.71447
704.2763 868.5686 10 21.74782
698.7367 872.0292 10 21.78118
694.4274 876.2159 10 21.81453
690.1375 880.705 10 21.84789
685.4992 885.2667 10 21.88124
681.6967 887.6916 10 21.9146
676.4616 887.9234 10 21.94796
670.7967 890.8338 10 21.98131
666.383 894.8249 10 22.01467
662.9953 895.6009 10 22.04802
657.5808 896.0706 10 22.08138
650.7117 897.6516 10 22.11473
652.7747 893.05 10 22.14809
646.6153 891.838 10 22.18144
642.6643 892.7001 10 22.2148
635.7009 894.5304 10 22.24816
630.5363 895.5557 10 22.28151
624.711 898.0138 10 22.31487
619.2171 898.8622 10 22.34822
614.3735 901.321 10 22.38158
610.3172 902.1417 10 22.41493
608.3294 905.8528 10 22.44829
606.1304 911.8609 10 22.48164
603.33 915.5903 10 22.515
597.1009 916.9208 10 22.54836
592.7825 918.8746 10 22.58171
587.8914 920.2782 10 22.61507
582.3775 918.6509 10 22.64842
576.7492 921.2658 10 22.68178
570.9044 926.1453 10 22.71513
564.4404 925.6967 10 22.74849
556.7677 926.2109 10 22.78184
549.7838 930.7551 10 22.8152
545.396 932.1113 10 22.84856
539.981 932.0269 10 22.88191
533.2101 929.7147 10 22.91527
527.3993 931.3216 10 22.94862
522.3587 930.2187 10 22.98198
517.1147 929.7902 10 23.01533
512.6662 933.0203 10 23.04869
508.4894 932.2111 10 23.08204
502.9457 929.2663 10 23.1154
496.9832 928.987 10 23.14876
490.5444 930.3959 10 23.18211
482.8434 932.2264 10 23.21547
475.3701 931.5605 10 23.24882
471.9491 930.2221 10 23.28218
467.8394 931.3419 10 23.31553
463.5123 933.4058 10 23.34889
458.5849 934.7176 10 23.38224
454.4155 931.4458 10 23.4156
449.6912 930.303 10 23.44896
444.9464 930.9869 10 23.48231
438.6938 930.3135 10 23.51567
434.8719 927.5341 10 23.54902
430.1576 926.5055 10 23.58238
423.7055 926.2071 10 23.61573
417.7231 928.28 10 23.64909
414.8884 927.0671 10 23.68244
411.1872 927.6093 10 23.7158
405.9485 926.6002 10 23.74916
398.1376 924.3452 10 23.78251
390.1554 923.5804 10 23.81587
383.6186 923.1212 10 23.84922
380.3886 919.6776 10 23.88258
376.1753 918.5679 10 23.91593
371.1526 918.8971 10 23.94929
366.4369 917.1095 10 23.98264
361.3621 916.9119 10 24.016
357.5412 915.7517 10 24.04936
353.8642 912.6398 10 24.08271
349.5916 909.8846 10 24.11607
346.5176 906.159 10 24.14942
342.5562 904.9093 10 24.18278
339.0565 906.3725 10 24.21613
336.3426 905.3149 10 24.24949
330.18 901.3808 10 24.28284
323.819 901.0788 10 24.3162
318.6213 900.732 10 24.34956
314.5521 897.1174 10 24.38291
308.8295 894.4573 10 24.41627
304.4077 892.5999 10 24.44962
300.9268 890.4444 10 24.48298
295.3448 884.6819 10 24.51633
291.4444 882.3553 10 24.54969
288.4951 880.903 10 24.58304
285.6936 879.9667 10 24.6164
281.6694 876.2456 10 24.64976
274.3844 873.8636 10 24.68311
270.023 874.5283 10 24.71647
266.9439 871.0188 10 24.74982
263.087 868.5191 10 24.78318
261.5418 866.9334 10 24.81653
258.7164 867.9569 10 24.84989
254.1473 866.3855 10 24.88324
251.7957 863.1614 10 24.9166
247.4507 857.9538 10 24.94996
242.5229 855.8407 10 24.98331
237.0154 855.694 10 25.01667
232.6254 853.4634 10 25.05002
230.1569 849.07 10 25.08338
226.0838 844.4463 10 25.11673
221.3058 842.8114 10 25.15009
219.4733 842.1441 10 25.18344
215.2294 841.1337 10 25.2168
211.1966 837.6363 10 25.25016
210.1227 833.5504 10 25.28351
206.6699 831.959 10 25.31687
204.2075 828.6234 10 25.35022
201.572 826.4885 10 25.38358
198.6396 824.1993 10 25.41693
196.201 821.5305 10 25.45029
194.3403 815.0249 10 25.48364
190.4225 811.1065 10 25.517
190.0781 811.3091 10 25.55036
189.4855 811.2465 10 25.58371
187.2312 810.2227 10 25.61707
185.0298 809.1543 10 25.65042
184.9033 806.9823 10 25.68378
182.7021 806.0047 10 25.71713
182.9267 807.011 10 25.75049
185.6802 808.815 10 25.78384
186.3921 806.316 10 25.8172
186.0962 806.1617 10 25.85056
185.1928 804.4237 10 25.88391
185.0469 804.3169 10 25.91727
185.2376 804.5837 10 25.95062
186.1483 805.9038 10 25.98398
186.1899 804.8075 10 26.01733
185.8163 803.7065 10 26.05069
186.3022 805.3863 10 26.08404
186.3748 806.7416 10 26.1174
188.2895 808.7414 10 26.15076
187.2061 805.8719 10 26.18411
187.2061 805.8719 10 26.21747
186.7163 805.9056 10 26.25082
185.9603 805.0926 10 26.28418
185.9603 805.0926 10 26.31753
188.2517 805.0979 10 26.35089
191.1548 805.247 10 26.38424
191.1548 805.247 10 26.4176
192.7991 806.9401 10 26.45096
194.5588 809.2847 10 26.48431
194.5588 809.2847 10 26.51767
194.2952 811.3584 10 26.55102
196.4573 814.8152 10 26.58438
196.4573 814.8152 10 26.61773
200.9001 815.584 10 26.65109
200.2646 816.4348 10 26.68444
200.2646 816.4348 10 26.7178
198.9091 816.6752 10 26.75116
201.0657 816.1101 10 26.78451
201.0657 816.1101 10 26.81787
203.0705 817.0285 10 26.85122
201.0877 816.8852 10 26.88458
201.0877 816.8852 10 26.91793
201.6524 819.9285 10 26.95129
203.8099 821.5497 10 26.98464
203.8099 821.5497 10 27.018
204.3656 822.5827 10 27.05136
204.3946 822.625 10 27.08471
204.3946 822.625 10 27.11807
200.7852 821.4072 10 27.15142
201.1731 820.6553 10 27.18478
201.4319 819.6712 10 27.21813
199.734 817.0606 10 27.25149
198.965 815.5775 10 27.28484
201.3402 817.1294 10 27.3182
202.5269 818.029 10 27.35156
202.8902 818.3963 10 27.38491
201.4095 819.4504 10 27.41827
200.4448 819.3765 10 27.45162
201.6819 819.8294 10 27.48498
201.4413 818.8404 10 27.51833
202.9205 819.6269 10 27.55169
201.8743 819.8313 10 27.58504
203.4419 821.0876 10 27.6184
203.5552 821.3998 10 27.65176
202.2377 820.6452 10 27.68511
201.6031 819.1135 10 27.71847
202.2443 819.2239 10 27.75182
201.5507 817.4905 10 27.78518
199.5319 817.2908 10 27.81853
199.25 817.8966 10 27.85189
201.716 818.6874 10 27.88524
203.7741 819.921 10 27.9186
202.8231 819.899 10 27.95196
204.3342 821.8884 10 27.98531
205.2436 821.8074 10 28.01867
205.4819 822.7743 10 28.05202
205.4734 822.8328 10 28.08538
206.8592 821.7926 10 28.11873
207.7018 822.2369 10 28.15209
207.9559 823.5491 10 28.18544
207.2916 823.9119 10 28.2188
206.6175 823.8022 10 28.25216
205.2707 820.9422 10 28.28551
205.097 822.0083 10 28.31887
206.9635 823.2845 10 28.35222
206.747 823.1022 10 28.38558
209.7048 825.8903 10 28.41893
210.5419 826.9213 10 28.45229
212.6583 828.3685 10 28.48564
217.0669 830.5807 10 28.519
218.2281 832.3871 10 28.55236
219.5156 833.9727 10 28.58571
219.4408 834.0239 10 28.61907
219.8413 833.5591 10 28.65242
218.5049 834.0153 10 28.68578
218.2248 833.6323 10 28.71913
220.0353 834.328 10 28.75249
220.6843 832.5964 10 28.78584
219.4596 831.8933 10 28.8192
218.7329 832.5937 10 28.85256
217.8719 831.7053 10 28.88591
218.3177 831.3049 10 28.91927
219.9073 833.2465 10 28.95262
216.983 831.7207 10 28.98598
217.1488 832.0781 10 29.01933
219.4224 832.7404 10 29.05269
221.0374 834.1446 10 29.08604
222.8448 835.5437 10 29.1194
224.5648 837.2606 10 29.15276
225.5001 837.796 10 29.18611
225.9799 838.0522 10 29.21947
227.0438 838.9124 10 29.25282
226.6152 838.42 10 29.28618
227.5407 839.2038 10 29.31953
229.1668 840.8835 10 29.35289
228.4603 840.3794 10 29.38624
230.4196 841.0798 10 29.4196
231.4187 839.9675 10 29.45296
229.8062 840.1089 10 29.48631
228.7994 839.4895 10 29.51967
228.9393 839.4085 10 29.55302
227.4794 837.951 10 29.58638
227.0572 838.6767 10 29.61973
227.4553 839.7404 10 29.65309
228.0295 840.0435 10 29.68644
226.2903 838.787 10 29.7198
227.3324 838.9113 10 29.75316
227.7322 838.4485 10 29.78651
229.2132 839.7208 10 29.81987
230.3652 840.9512 10 29.85322
230.3779 840.8398 10 29.88658
229.9082 841.285 10 29.91993
230.0366 841.8077 10 29.95329
229.3721 841.756 10 29.98664
228.2067 840.6814 10 30.02
227.8015 841.1901 10 30.05336
227.5556 841.2885 10 30.08671
228.2919 840.9453 10 30.12007
227.1224 840.6744 10 30.15342
226.7265 838.9785 10 30.18678
228.2289 836.5712 10 30.22013
228.5841 835.1063 10 30.25349
228.8423 836.386 10 30.28684
227.661 838.2005 10 30.3202
225.1784 839.2836 10 30.35356
226.1523 838.0874 10 30.38691
227.5218 838.4492 10 30.42027
227.1829 839.9152 10 30.45362
225.8132 839.2958 10 30.48698
225.6603 838.642 10 30.52033
224.7756 837.5453 10 30.55369
222.8484 837.6769 10 30.58704
222.6065 836.3889 10 30.6204
222.1854 836.0491 10 30.65376
220.2689 835.1175 10 30.68711
220.3199 834.1061 10 30.72047
221.9962 834.9571 10 30.75382
222.3123 833.3641 10 30.78718
220.1512 832.8579 10 30.82053
219.181 833.7321 10 30.85389
217.5283 833.0266 10 30.88724
217.7201 832.2962 10 30.9206
216.5968 832.7124 10 30.95396
218.0836 832.0669 10 30.98731
219.7819 832.5161 10 31.02067
220.2857 834.3324 10 31.05402
219.9 834.578 10 31.08738
221.7178 835.0326 10 31.12073
224.3043 836.4603 10 31.15409
223.1872 837.3562 10 31.18744
222.8643 835.8787 10 31.2208
224.5045 837.7703 10 31.25416
224.8289 837.8922 10 31.28751
224.401 837.9983 10 31.32087
224.7913 840.2939 10 31.35422
224.8326 838.7298 10 31.38758
226.2034 836.9897 10 31.42093
226.8501 838.4919 10 31.45429
226.7192 838.8686 10 31.48764
224.97 838.2572 10 31.521
226.8917 838.4606 10 31.55436
225.1035 837.6147 10 31.58771
226.6022 838.2647 10 31.62107
226.8947 838.073 10 31.65442
226.8587 837.6346 10 31.68778
226.9517 838.0581 10 31.72113
227.7553 838.3617 10 31.75449
228.0304 838.7248 10 31.78784
228.1762 839.6525 10 31.8212
230.3438 841.9796 10 31.85456
232.4183 842.9245 10 31.88791
233.4942 844.2931 10 31.92127
234.8829 845.192 10 31.95462
235.4856 845.5311 10 31.98798
234.9237 845.316 10 32.02133
235.6516 845.86 10 32.05469
236.288 845.2966 10 32.08804
236.7655 845.865 10 32.1214
239.7638 847.4548 10 32.15476
240.403 848.9237 10 32.18811
239.8054 849.9717 10 32.22147
238.5678 850.5104 10 32.25482
239.145 849.0938 10 32.28818
239.7045 846.7749 10 32.32153
238.4791 846.6354 10 32.35489
238.7195 847.2131 10 32.38824
237.0863 845.3025 10 32.4216
234.1423 843.1321 10 32.45496
234.8986 843.4783 10 32.48831
234.2335 844.4417 10 32.52167
234.2617 845.5135 10 32.55502
233.9298 842.631 10 32.58838
233.4977 842.5055 10 32.62173
232.6047 842.1218 10 32.65509
230.4447 841.8808 10 32.68844
229.7654 842.2464 10 32.7218
229.1936 840.7869 10 32.75516
226.8517 841.9503 10 32.78851
229.0683 842.6463 10 32.82187
227.6399 840.0478 10 32.85522
226.6469 839.085 10 32.88858
227.6384 840.1654 10 32.92193
227.8769 840.5215 10 32.95529
228.1672 840.4738 10 32.98864
228.0843 840.4919 10 33.022
228.2289 842.5239 10 33.05536
226.6361 841.1198 10 33.08871
227.8321 841.0029 10 33.12207
227.6456 841.8227 10 33.15542
228.2263 841.2773 10 33.18878
227.0672 840.0831 10 33.22213
227.4413 840.7903 10 33.25549
228.1816 841.9032 10 33.28884
229.0708 841.7847 10 33.3222
229.4644 840.8767 10 33.35556
228.5983 840.9787 10 33.38891
229.6341 842.0407 10 33.42227
231.7407 842.8325 10 33.45562
231.3666 841.7105 10 33.48898
231.62 843.489 10 33.52233
235.0461 846.031 10 33.55569
234.3829 846.1109 10 33.58904
233.8745 847.0135 10 33.6224
233.593 845.455 10 33.65576
234.79 846.205 10 33.68911
233.8247 846.7044 10 33.72247
233.2379 846.8647 10 33.75582
232.1194 845.72 10 33.78918
232.4936 845.0238 10 33.82253
232.5594 843.9607 10 33.85589
234.262 844.4692 10 33.88924
233.9533 845.201 10 33.9226
232.6671 843.9466 10 33.95596
231.8281 843.0195 10 33.98931
232.6761 844.6558 10 34.02267
232.9573 845.8042 10 34.05602
233.0083 845.2334 10 34.08938
233.6308 843.2908 10 34.12273
234.036 843.4232 10 34.15609
232.2276 842.7175 10 34.18944
231.0378 842.6596 10 34.2228
228.6144 842.7108 10 34.25616
229.3021 841.9555 10 34.28951
227.7675 840.8878 10 34.32287
227.7808 840.9741 10 34.35622
227.7835 840.0383 10 34.38958
226.8423 840.4235 10 34.42293
225.9231 837.9896 10 34.45629
224.8586 838.5561 10 34.48964
225.9963 839.8722 10 34.523
226.1282 837.9602 10 34.55636
225.0193 836.7188 10 34.58971
227.0524 840.3786 10 34.62307
227.4092 838.7929 10 34.65642
227.6797 838.2683 10 34.68978
226.8644 838.3457 10 34.72313
228.6081 839.0435 10 34.75649
228.6083 840.4486 10 34.78984
228.7864 840.9958 10 34.8232
230.7476 841.1414 10 34.85656
230.8443 841.0783 10 34.88991
230.2459 840.3642 10 34.92327
229.0537 841.499 10 34.95662
229.0925 840.6359 10 34.98998
226.853 838.8549 10 35.02333
228.0806 840.5006 10 35.05669
228.5585 841.7475 10 35.09004
231.8332 842.3713 10 35.1234
233.0934 842.86 10 35.15676
233.6093 842.9694 10 35.19011
232.5795 843.4938 10 35.22347
233.0878 843.7443 10 35.25682
232.3473 842.9082 10 35.29018
231.7175 841.6516 10 35.32353
231.3203 842.2175 10 35.35689
232.6554 842.0948 10 35.39024
233.3003 840.2009 10 35.4236
233.4697 840.297 10 35.45696
232.2413 841.1038 10 35.49031
232.1478 841.7117 10 35.52367
232.4637 842.9473 10 35.55702
232.8625 842.8234 10 35.59038
232.6921 842.5902 10 35.62373
231.9441 842.6153 10 35.65709
231.7226 842.4449 10 35.69044
232.9186 842.9729 10 35.7238
233.8121 844.003 10 35.75716
234.7989 844.0694 10 35.79051
234.7299 844.6567 10 35.82387
235.3509 845.1975 10 35.85722
235.533 845.9267 10 35.89058
236.0297 846.176 10 35.92393
237.4158 846.4821 10 35.95729
240.02 847.4156 10 35.99064
240.2176 847.6429 10 36.024
241.117 848.7788 10 36.05736
241.3927 848.6901 10 36.09071
241.049 848.7253 10 36.12407
242.0711 848.9936 10 36.15742
242.1224 849.1917 10 36.19078
241.8114 849.2762 10 36.22413
242.7318 849.9871 10 36.25749
242.2971 848.9568 10 36.29084
242.4269 849.9109 10 36.3242
242.5605 849.4985 10 36.35756
241.9782 849.992 10 36.39091
241.4274 849.6837 10 36.42427
240.5348 848.1333 10 36.45762
239.8532 848.5042 10 36.49098
240.4428 846.7456 10 36.52433
239.6832 845.8821 10 36.55769
239.4313 845.8151 10 36.59104
239.2931 845.7951 10 36.6244
238.9789 846.7679 10 36.65776
237.7523 846.0047 10 36.69111
238.3639 846.8073 10 36.72447
238.5983 847.6511 10 36.75782
239.618 847.4043 10 36.79118
240.828 848.068 10 36.82453
241.8447 848.9105 10 36.85789
241.2773 848.3142 10 36.89124
241.1221 848.8892 10 36.9246
241.8696 849.2571 10 36.95796
242.3668 849.9066 10 36.99131
241.4592 847.3062 10 37.02467
241.5708 848.2725 10 37.05802
241.7587 849.3613 10 37.09138
241.8253 849.1097 10 37.12473
242.0181 849.5093 10 37.15809
241.8695 849.1544 10 37.19144
243.1509 850.3889 10 37.2248
243.4843 850.2981 10 37.25816
243.0182 848.8815 10 37.29151
242.4302 849.3847 10 37.32487
242.1498 849.6554 10 37.35822
241.9224 848.8937 10 37.39158
243.1107 849.5545 10 37.42493
243.7457 850.7704 10 37.45829
242.9751 849.5902 10 37.49164
242.2869 849.8449 10 37.525
242.3605 850.0839 10 37.55836
242.5547 849.7033 10 37.59171
242.8937 849.2867 10 37.62507
243.3776 849.8558 10 37.65842
243.3178 850.989 10 37.69178
244.4497 851.9174 10 37.72513
243.7745 851.5846 10 37.75849
243.5467 850.6427 10 37.79184
244.1289 850.6635 10 37.8252
243.2391 850.6207 10 37.85856
243.9475 849.9216 10 37.89191
242.7254 850.2443 10 37.92527
242.4182 850.0277 10 37.95862
241.6252 850.429 10 37.99198
242.8419 850.792 10 38.02533
242.788 849.2371 10 38.05869
243.749 850.3493 10 38.09204
243.8809 850.4432 10 38.1254
243.2124 850.5882 10 38.15876
243.9386 850.4811 10 38.19211
244.9156 851.4205 10 38.22547
244.7948 849.8197 10 38.25882
245.4335 850.074 10 38.29218
244.6425 851.316 10 38.32553
244.273 852.0238 10 38.35889
245.4244 852.4429 10 38.39224
248.1503 853.2121 10 38.4256
248.7965 852.7489 10 38.45896
247.9624 853.5286 10 38.49231
249.7338 854.4315 10 38.52567
249.5961 853.6416 10 38.55902
251.8357 856.023 10 38.59238
250.5243 856.7034 10 38.62573
251.0853 855.8443 10 38.65909
251.8844 855.6749 10 38.69244
252.049 856.0177 10 38.7258
251.3479 855.3749 10 38.75916
251.0078 855.7889 10 38.79251
251.6548 855.4012 10 38.82587
251.7258 856.348 10 38.85922
251.9641 855.724 10 38.89258
251.7588 856.0307 10 38.92593
250.7 854.9985 10 38.95929
250.6679 853.5495 10 38.99264
249.8271 854.2088 10 39.026
250.0123 853.7889 10 39.05936
249.7355 854.675 10 39.09271
249.0074 854.4917 10 39.12607
249.0423 854.0942 10 39.15942
249.3079 854.9291 10 39.19278
250.8343 855.4415 10 39.22613
249.5723 854.9743 10 39.25949
249.5899 854.9055 10 39.29284
250.9381 854.8895 10 39.3262
250.0939 855.4395 10 39.35956
250.6366 855.1712 10 39.39291
250.8286 855.3841 10 39.42627
249.5864 854.9689 10 39.45962
250.1813 854.8468 10 39.49298
250.4056 855.2 10 39.52633
250.5822 855.0781 10 39.55969
249.3678 854.4724 10 39.59304
251.8347 855.0943 10 39.6264
251.6073 856.1212 10 39.65976
252.6172 855.8139 10 39.69311
251.527 856.2395 10 39.72647
252.4058 856.5282 10 39.75982
253.3168 856.5279 10 39.79318
253.8303 857.1291 10 39.82653
253.0379 857.3765 10 39.85989
253.4991 857.6565 10 39.89324
253.3462 857.0704 10 39.9266
255.1861 857.8443 10 39.95996
255.5413 858.5288 10 39.99331
255.5525 858.4122 10 40.02667
255.7722 858.4376 10 40.06002
256.5451 858.8365 10 40.09338
255.5407 858.0552 10 40.12673
254.8355 858.1612 10 40.16009
254.8245 857.9423 10 40.19344
253.3675 857.1373 10 40.2268
253.629 855.9844 10 40.26016
254.3757 857.2152 10 40.29351
253.8462 856.6372 10 40.32687
252.1022 856.3348 10 40.36022
252.5012 855.4504 10 40.39358
252.6464 856.4412 10 40.42693
251.8711 856.193 10 40.46029
251.4896 855.245 10 40.49364
251.5899 856.2642 10 40.527
251.8561 856.734 10 40.56036
253.1236 857.3214 10 40.59371
253.5435 857.0859 10 40.62707
253.9344 856.5255 10 40.66042
252.4798 856.049 10 40.69378
251.6466 856.6568 10 40.72713
253.0526 857.7473 10 40.76049
251.234 855.5274 10 40.79384
252.0005 856.1356 10 40.8272
253.6552 856.385 10 40.86056
253.6091 856.7544 10 40.89391
252.3753 855.1516 10 40.92727
254.0457 856.7743 10 40.96062
254.0107 857.8183 10 40.99398
254.6941 858.0795 10 41.02733
255.1145 858.9305 10 41.06069
254.7055 857.6016 10 41.09404
254.7987 857.5543 10 41.1274
254.3757 857.2249 10 41.16076
252.2186 856.8008 10 41.19411
252.3623 857.1776 10 41.22747
252.9761 856.5961 10 41.26082
252.9009 857.5029 10 41.29418
253.4246 856.9537 10 41.32753
252.8286 856.7777 10 41.36089
253.1503 856.5334 10 41.39424
252.7831 856.463 10 41.4276
253.6084 855.4402 10 41.46096
254.4388 855.8488 10 41.49431
253.27 856.2358 10 41.52767
252.7501 857.093 10 41.56102
253.2265 856.6002 10 41.59438
252.1386 855.806 10 41.62773
252.0445 855.6007 10 41.66109
251.0812 854.7217 10 41.69444
250.8315 854.9664 10 41.7278
252.0145 855.281 10 41.76116
251.7673 853.8462 10 41.79451
251.7821 853.8551 10 41.82787
250.0498 854.3587 10 41.86122
250.3403 854.8323 10 41.89458
250.2151 854.5634 10 41.92793
250.6295 854.6567 10 41.96129
250.148 854.7057 10 41.99464
250.0623 854.5504 10 42.028
249.5565 854.5956 10 42.06136
248.422 854.1652 10 42.09471
248.1328 853.7896 10 42.12807
247.8825 853.8934 10 42.16142
249.3481 854.6551 10 42.19478
248.9865 854.0981 10 42.22813
249.7875 853.1859 10 42.26149
249.386 853.9576 10 42.29484
249.8757 854.1542 10 42.3282
250.1775 854.3891 10 42.36156
250.2468 854.0509 10 42.39491
249.3574 854.5393 10 42.42827
249.6325 854.5728 10 42.46162
249.3539 854.8141 10 42.49498
249.693 855.9331 10 42.52833
249.7324 854.9647 10 42.56169
248.4805 854.3421 10 42.59504
248.2476 853.2968 10 42.6284
247.7606 853.8334 10 42.66176
248.2993 853.9499 10 42.69511
247.7611 854.3748 10 42.72847
245.4159 852.4286 10 42.76182
245.435 851.9849 10 42.79518
245.8016 852.0516 10 42.82853
246.0355 851.3467 10 42.86189
246.0931 851.7565 10 42.89524
245.8509 851.9087 10 42.9286
245.1517 851.2934 10 42.96196
244.0098 850.9786 10 42.99531
244.0969 850.6732 10 43.02867
244.4238 851.1555 10 43.06202
245.028 850.8826 10 43.09538
245.0233 851.0601 10 43.12873
245.9972 851.763 10 43.16209
244.1178 850.3179 10 43.19544
243.934 849.1128 10 43.2288
243.4114 850.0438 10 43.26216
243.7995 850.2109 10 43.29551
243.7133 850.2944 10 43.32887
242.9188 850.3473 10 43.36222
243.1859 850.4093 10 43.39558
242.7325 851.6003 10 43.42893
244.2064 851.2198 10 43.46229
244.4317 850.3073 10 43.49564
243.934 850.705 10 43.529
243.6358 850.3312 10 43.56236
243.1053 849.9577 10 43.59571
243.0282 850.1984 10 43.62907
242.6179 850.0935 10 43.66242
243.9746 850.1353 10 43.69578
244.8659 851.545 10 43.72913
243.5157 851.3759 10 43.76249
242.6276 849.9736 10 43.79584
242.6242 850.1512 10 43.8292
244.7016 851.5904 10 43.86256
244.3775 851.4863 10 43.89591
244.4335 850.6025 10 43.92927
245.1777 851.5202 10 43.96262
245.372 851.1266 10 43.99598
244.8905 851.8514 10 44.02933
245.9551 851.7979 10 44.06269
246.2883 851.8269 10 44.09604
245.9347 852.3153 10 44.1294
246.7603 853.5629 10 44.16276
246.9352 853.497 10 44.19611
247.6363 853.4987 10 44.22947
248.4129 852.8991 10 44.26282
248.4786 853.8471 10 44.29618
248.7267 855.8381 10 44.32953
249.0403 857.6876 10 44.36289
249.1202 857.8074 10 44.39624
249.8461 858.1354 10 44.4296
250.4728 858.6427 10 44.46296
250.7231 858.6483 10 44.49631
251.4826 859.2826 10 44.52967
251.7243 859.3601 10 44.56302
251.4437 859.2558 10 44.59638
251.0267 858.9833 10 44.62973
250.9391 857.9541 10 44.66309
252.2321 856.0288 10 44.69644
252.1724 856.2647 10 44.7298
251.9796 856.6454 10 44.76316
252.4543 856.3186 10 44.79651
253.436 856.8865 10 44.82987
253.7064 856.6671 10 44.86322
253.7711 857.2777 10 44.89658
252.1862 855.6313 10 44.92993
252.4301 855.9482 10 44.96329
252.6139 856.8603 10 44.99664
252.2835 856.1785 10 45.03
252.394 857.2863 10 45.06336
252.9103 857.366 10 45.09671
253.0363 856.4587 10 45.13007
252.5649 855.4821 10 45.16342
252.2829 854.5469 10 45.19678
251.1149 853.9952 10 45.23013
251.4531 855.2455 10 45.26349
250.8265 855.007 10 45.29684
252.2407 855.8332 10 45.3302
251.7726 856.0547 10 45.36356
251.5432 856.1498 10 45.39691
253.1847 857.241 10 45.43027
253.3573 857.1428 10 45.46362
253.0305 857.5048 10 45.49698
253.5806 856.8163 10 45.53033
255.2078 858.1906 10 45.56369
254.203 859.0334 10 45.59704
254.4495 857.2411 10 45.6304
255.1193 857.6865 10 45.66376
257.0889 859.4203 10 45.69711
257.8497 860.3475 10 45.73047
257.7065 859.9081 10 45.76382
258.1398 859.7364 10 45.79718
257.9116 859.6218 10 45.83053
257.7235 859.662 10 45.86389
257.6776 859.6963 10 45.89724
258.2171 858.7508 10 45.9306
258.467 860.0091 10 45.96396
259.4877 860.5034 10 45.99731
260.8729 861.4561 10 46.03067
261.4337 861.8399 10 46.06402
261.0971 861.9469 10 46.09738
264.7969 863.8276 10 46.13073
266.7576 864.909 10 46.16409
266.4978 864.3643 10 46.19744
266.5511 864.5809 10 46.2308
267.5767 865.3995 10 46.26416
268.6962 866.2814 10 46.29751
271.1981 866.0196 10 46.33087
269.9636 865.4609 10 46.36422
268.4983 865.882 10 46.39758
268.42 867.2386 10 46.43093
268.2998 866.3429 10 46.46429
267.714 866.5998 10 46.49764
267.8473 865.7245 10 46.531
267.8231 866.2273 10 46.56436
265.9543 864.7421 10 46.59771
265.0547 863.8795 10 46.63107
264.8399 863.1588 10 46.66442
263.9797 863.4526 10 46.69778
263.9611 863.8078 10 46.73113
262.4733 862.5268 10 46.76449
262.7995 862.9086 10 46.79784
262.764 862.3968 10 46.8312
263.1428 862.3942 10 46.86456
263.4035 863.2017 10 46.89791
263.7481 863.8213 10 46.93127
263.9716 863.2069 10 46.96462
263.4267 863.7268 10 46.99798
264.4523 862.741 10 47.03133
264.2454 862.3458 10 47.06469
264.0063 863.3855 10 47.09804
263.4226 862.9078 10 47.1314
264.4982 863.4482 10 47.16476
263.384 863.466 10 47.19811
263.0086 864.11 10 47.23147
263.8518 863.5056 10 47.26482
264.6121 863.8543 10 47.29818
265.2353 863.0003 10 47.33153
265.1427 863.485 10 47.36489
265.3152 864.5628 10 47.39824
266.8646 865.1121 10 47.4316
267.5128 865.8681 10 47.46496
268.0995 865.6906 10 47.49831
268.9756 866.4471 10 47.53167
270.9246 867.9371 10 47.56502
270.3291 868.0933 10 47.59838
274.0216 868.7435 10 47.63173
274.7319 868.9311 10 47.66509
275.3589 868.9735 10 47.69844
275.1996 869.7887 10 47.7318
275.9292 870.2731 10 47.76516
274.8256 869.5898 10 47.79851
274.9606 869.6922 10 47.83187
274.5505 869.3002 10 47.86522
274.0335 868.8983 10 47.89858
273.4734 868.9936 10 47.93193
273.1138 868.1925 10 47.96529
272.8219 866.3435 10 47.99864
272.4619 865.8837 10 48.032
272.7354 868.6246 10 48.06536
274.5211 869.7066 10 48.09871
274.923 871.2089 10 48.13207
275.4794 870.9378 10 48.16542
276.8711 871.2545 10 48.19878
278.2614 871.6635 10 48.23213
279.1341 872.1858 10 48.26549
279.2442 872.4298 10 48.29884
279.983 872.994 10 48.3322
282.821 873.8237 10 48.36556
282.4303 873.0753 10 48.39891
284.1514 873.6667 10 48.43227
284.5803 874.0203 10 48.46562
283.9856 874.6039 10 48.49898
282.9403 873.0021 10 48.53233
283.2416 874.371 10 48.56569
283.2239 874.1998 10 48.59904
282.3426 875.1426 10 48.6324
281.4445 873.6842 10 48.66576
282.9623 873.9703 10 48.69911
283.4514 874.2638 10 48.73247
281.9819 874.0739 10 48.76582
280.7016 873.6852 10 48.79918
280.5881 873.0483 10 48.83253
280.5778 872.4179 10 48.86589
282.1712 873.2099 10 48.89924
282.296 873.4701 10 48.9326
280.9216 872.6519 10 48.96596
278.8422 871.8426 10 48.99931
278.1242 871.3281 10 49.03267
278.4274 871.4247 10 49.06602
278.7951 872.1974 10 49.09938
277.3996 871.6785 10 49.13273
277.5669 871.7409 10 49.16609
278.4079 871.9297 10 49.19944
278.2697 870.5011 10 49.2328
278.8622 871.8733 10 49.26616
280.446 872.9056 10 49.29951
279.2792 871.6825 10 49.33287
279.3758 871.0888 10 49.36622
278.1858 872.5799 10 49.39958
278.6705 872.185 10 49.43293
280.3431 872.0468 10 49.46629
278.8025 873.225 10 49.49964
278.9395 872.4091 10 49.533
278.9236 872.4443 10 49.56636
280.1436 872.7255 10 49.59971
280.4162 873.1974 10 49.63307
280.5834 873.7254 10 49.66642
282.223 873.6227 10 49.69978
283.1937 874.1153 10 49.73313
284.6853 875.1362 10 49.76649
285.6046 876.2006 10 49.79984
286.235 877.3168 10 49.8332
288.3177 878.0056 10 49.86656
288.6647 877.5253 10 49.89991
291.7966 876.7388 10 49.93327
293.0161 878.5364 10 49.96662
293.0128 879.9676 10 49.99998
293.9721 879.9339 10 50.03333
294.2159 879.6126 10 50.06669
295.6239 879.6324 10 50.10004
296.8024 880.3418 10 50.1334
296.9366 880.732 10 50.16676
298.1234 881.8603 10 50.20011
298.9016 880.9875 10 50.23347
300.1432 882.8223 10 50.26682
301.8192 882.9502 10 50.30018
303.8641 884.2899 10 50.33353
303.0792 883.6811 10 50.36689
304.4167 884.209 10 50.40024
304.4747 885.2455 10 50.4336
304.8273 885.499 10 50.46696
305.7536 885.9592 10 50.50031
306.464 885.3999 10 50.53367
309.0558 886.1633 10 50.56702
308.7159 885.9323 10 50.60038
309.9675 885.8026 10 50.63373
310.6544 886.5107 10 50.66709
310.2494 886.5013 10 50.70044
309.5838 886.4197 10 50.7338
309.8071 886.9423 10 50.76716
312.0464 886.8864 10 50.80051
310.9284 887.5337 10 50.83387
311.8314 887.2984 10 50.86722
311.1376 887.5559 10 50.90058
311.6419 886.929 10 50.93393
311.5119 887.8968 10 50.96729
314.4494 888.3024 10 51.00064
315.531 888.6596 10 51.034
315.9392 889.0003 10 51.06736
313.2169 888.9836 10 51.10071
316.4827 887.6717 10 51.13407
316.8172 886.2595 10 51.16742
316.9449 885.7614 10 51.20078
316.7682 886.2958 10 51.23413
317.8836 886.3941 10 51.26749
317.8693 887.1895 10 51.30084
316.5822 886.9111 10 51.3342
318.0762 888.5188 10 51.36756
316.9305 889.5735 10 51.40091
316.9306 888.5988 10 51.43427
316.5631 889.3398 10 51.46762
315.9884 888.8174 10 51.50098
315.6014 887.0368 10 51.53433
315.2852 888.2475 10 51.56769
314.9871 887.4192 10 51.60104
314.7308 887.121 10 51.6344
313.6052 886.3808 10 51.66776
313.8688 886.19 10 51.70111
312.7437 886.726 10 51.73447
312.2784 887.4106 10 51.76782
310.7348 886.1445 10 51.80118
310.4446 886.9912 10 51.83453
310.2214 886.4328 10 51.86789
309.3548 886.6911 10 51.90124
308.3493 886.0209 10 51.9346
307.7998 886.1973 10 51.96796
309.3195 887.2126 10 52.00131
308.9086 886.1194 10 52.03467
309.283 885.5262 10 52.06802
309.5635 886.5791 10 52.10138
309.56 887.8669 10 52.13473
309.4495 887.8263 10 52.16809
310.9031 888.7065 10 52.20144
310.4172 887.9845 10 52.2348
311.0325 887.939 10 52.26816
311.8989 888.1491 10 52.30151
311.3115 888.3112 10 52.33487
311.2354 887.5863 10 52.36822
310.1612 888.4917 10 52.40158
310.4745 887.6416 10 52.43493
311.6151 888.0463 10 52.46829
311.3462 887.7724 10 52.50164
311.8033 888.4466 10 52.535
311.4824 887.6518 10 52.56836
311.8826 888.1237 10 52.60171
310.8977 887.6341 10 52.63507
312.2145 887.7548 10 52.66842
311.2289 887.4086 10 52.70178
310.979 887.8955 10 52.73513
310.235 887.8766 10 52.76849
310.1751 887.5449 10 52.80184
310.8258 887.6695 10 52.8352
310.6219 888.5656 10 52.86856
311.3236 888.6451 10 52.90191
312.2218 888.4389 10 52.93527
312.227 889.5164 10 52.96862
311.7034 889.6084 10 53.00198
312.5198 888.8015 10 53.03533
313.5724 888.5407 10 53.06869
314.1999 889.2814 10 53.10204
314.3542 888.6326 10 53.1354
313.7503 886.8229 10 53.16876
313.4941 888.5185 10 53.20211
314.3732 889.4482 10 53.23547
314.3356 889.5256 10 53.26882
313.4666 889.2056 10 53.30218
312.8911 888.7052 10 53.33553
313.3484 889.441 10 53.36889
313.6862 887.4589 10 53.40224
314.7495 887.4299 10 53.4356
314.1507 887.4668 10 53.46896
314.0228 888.4831 10 53.50231
313.9738 888.6466 10 53.53567
313.6175 888.6484 10 53.56902
313.4474 888.5372 10 53.60238
312.4851 887.4551 10 53.63573
312.6067 887.9312 10 53.66909
312.8054 887.6551 10 53.70244
313.0745 888.3836 10 53.7358
313.9168 888.9697 10 53.76916
314.6948 888.5434 10 53.80251
315.1181 889.1231 10 53.83587
315.3594 889.1849 10 53.86922
316.0978 890.6632 10 53.90258
316.7489 889.3155 10 53.93593
317.0092 891.0251 10 53.96929
317.4717 890.9456 10 54.00264
319.0218 891.1736 10 54.036
319.8575 892.0716 10 54.06936
321.5267 891.963 10 54.10271
321.3257 891.6154 10 54.13607
321.7715 892.5933 10 54.16942
323.1975 892.3778 10 54.20278
323.4384 892.5648 10 54.23613
323.6927 892.9416 10 54.26949
324.7134 891.4601 10 54.30284
325.8235 891.0346 10 54.3362
327.1315 891.1305 10 54.36956
327.6213 891.1053 10 54.40291
327.3387 891.1168 10 54.43627
327.9421 892.2001 10 54.46962
327.8056 893.7169 10 54.50298
328.3639 894.0014 10 54.53633
328.6361 894.7497 10 54.56969
329.1694 894.0964 10 54.60304
328.7371 894.7461 10 54.6364
329.8258 895.045 10 54.66976
330.149 894.939 10 54.70311
330.1626 894.474 10 54.73647
330.6996 896.1851 10 54.76982
331.6278 895.2647 10 54.80318
331.4818 894.8609 10 54.83653
331.6275 896.1808 10 54.86989
332.3912 895.3289 10 54.90324
332.1899 895.2866 10 54.9366
332.8867 896.1188 10 54.96996
332.5708 895.3752 10 55.00331
332.2836 895.523 10 55.03667
332.9061 896.2142 10 55.07002
331.7459 895.42 10 55.10338
331.6398 895.5982 10 55.13673
331.3804 895.0602 10 55.17009
330.3303 894.9659 10 55.20344
329.3766 894.4292 10 55.2368
329.7415 894.6401 10 55.27016
329.6244 893.6444 10 55.30351
330.2141 893.3171 10 55.33687
329.8257 893.1935 10 55.37022
329.4697 894.7319 10 55.40358
328.5593 894.1911 10 55.43693
329.6302 895.6045 10 55.47029
329.4708 895.0725 10 55.50364
327.9306 894.7829 10 55.537
328.3225 893.8355 10 55.57036
329.3063 893.7539 10 55.60371
329.2205 893.5162 10 55.63707
328.7307 894.7383 10 55.67042
329.7845 894.0698 10 55.70378
330.7909 893.988 10 55.73713
330.7819 894.9097 10 55.77049
331.0986 895.1745 10 55.80384
333.7634 895.3513 10 55.8372
333.1045 896.0385 10 55.87056
333.4482 895.8235 10 55.90391
334.6811 896.1976 10 55.93727
334.3334 896.7285 10 55.97062
336.6008 896.3039 10 56.00398
337.0971 895.5292 10 56.03733
337.3003 896.9966 10 56.07069
336.9289 897.1311 10 56.10404
337.361 897.4274 10 56.1374
337.4098 896.8118 10 56.17076
336.2312 897.2593 10 56.20411
335.5865 895.5653 10 56.23747
335.0538 896.6175 10 56.27082
337.0261 897.0139 10 56.30418
335.7418 897.3373 10 56.33753
335.8088 897.0402 10 56.37089
335.5098 897.2301 10 56.40424
336.6818 898.7077 10 56.4376
336.8245 896.9457 10 56.47096
336.8606 894.8919 10 56.50431
336.5823 896.0605 10 56.53767
336.5251 897.0356 10 56.57102
336.2137 896.9156 10 56.60438
336.2255 897.0623 10 56.63773
336.9935 896.7298 10 56.67109
336.484 897.8732 10 56.70444
337.2429 896.919 10 56.7378
337.1404 896.313 10 56.77116
338.0579 896.9214 10 56.80451
339.2134 895.9117 10 56.83787
339.4031 895.3076 10 56.87122
339.2826 894.5216 10 56.90458
338.7383 893.7732 10 56.93793
338.8202 892.93 10 56.97129
340.7052 891.7935 10 57.00464
341.8074 891.8027 10 57.038
341.4664 892.6187 10 57.07136
341.4698 894.479 10 57.10471
341.2561 895.751 10 57.13807
340.3662 896.9257 10 57.17142
339.4375 897.8476 10 57.20478
340.4273 898.5956 10 57.23813
341.3392 898.1836 10 57.27149
340.4698 897.8652 10 57.30484
340.0984 897.6536 10 57.3382
340.5574 898.455 10 57.37156
339.3692 898.2286 10 57.40491
340.3009 897.5976 10 57.43827
339.3661 896.8219 10 57.47162
338.7604 897.9965 10 57.50498
337.9942 897.8097 10 57.53833
338.2868 896.918 10 57.57169
338.6729 897.5009 10 57.60504
338.7012 897.159 10 57.6384
338.4685 898.3968 10 57.67176
338.3791 897.8464 10 57.70511
337.3445 896.8805 10 57.73847
336.4865 897.1581 10 57.77182
335.1753 896.7397 10 57.80518
334.7834 895.75 10 57.83853
335.264 897.0198 10 57.87189
333.6209 896.7769 10 57.90524
332.2387 895.1993 10 57.9386
331.3114 895.4368 10 57.97196
330.842 895.5529 10 58.00531
329.7087 895.7813 10 58.03867
330.0799 895.5272 10 58.07202
328.0581 894.5431 10 58.10538
326.8529 894.0262 10 58.13873
326.3627 893.9346 10 58.17209
326.332 893.5878 10 58.20544
325.1049 892.737 10 58.2388
324.2618 892.9799 10 58.27216
323.9449 892.633 10 58.30551
324.4544 891.8698 10 58.33887
322.8891 892.0506 10 58.37222
321.9803 891.61 10 58.40558
320.9031 890.1003 10 58.43893
320.0707 889.0918 10 58.47229
318.4351 890.2955 10 58.50564
317.4636 890.4263 10 58.539
318.5052 890.0864 10 58.57236
316.516 890.0901 10 58.60571
315.727 889.8745 10 58.63907
313.9646 889.0081 10 58.67242
312.7287 888.0614 10 58.70578
311.1014 887.9529 10 58.73913
309.5913 887.4314 10 58.77249
309.3845 887.0352 10 58.80584
307.8406 885.441 10 58.8392
307.0944 884.9853 10 58.87256
306.2088 884.8126 10 58.90591
305.2238 884.2308 10 58.93927
305.6559 884.5472 10 58.97262
305.1071 884.3791 10 59.00598
305.7441 885.0712 10 59.03933
304.8766 884.1996 10 59.07269
304.303 883.7744 10 59.10604
302.9187 883.7966 10 59.1394
302.5494 882.5652 10 59.17276
301.9386 882.2346 10 59.20611
302.1686 881.7678 10 59.23947
300.6507 881.1475 10 59.27282
300.1173 881.8287 10 59.30618
298.6916 881.4654 10 59.33953
298.4038 881.9374 10 59.37289
297.4813 881.6936 10 59.40624
297.8697 881.0816 10 59.4396
296.6383 880.5542 10 59.47296
295.931 879.4447 10 59.50631
294.708 879.0119 10 59.53967
294.2192 879.7721 10 59.57302
293.1404 878.9666 10 59.60638
292.8435 879.282 10 59.63973
291.8053 878.2302 10 59.67309
292.927 878.4644 10 59.70644
292.9661 878.5878 10 59.7398
292.2308 877.9753 10 59.77316
291.5785 876.9045 10 59.80651
292.1423 877.3494 10 59.83987
291.0509 877.0025 10 59.87322
290.7315 877.1011 10 59.90658
290.8585 876.2997 10 59.93993
290.4003 877.4465 10 59.97329
290.9896 877.9089 10 60.00664
290.2062 876.9685 10 60.04
290.3453 877.1275 10 60.07336
290.6756 877.2102 10 60.10671
290.4883 877.1338 10 60.14007
291.0479 877.9404 10 60.17342
291.6142 877.6622 10 60.20678
291.2934 878.7243 10 60.24013
291.772 877.7588 10 60.27349
292.2015 877.6864 10 60.30684
293.0215 879.2283 10 60.3402
293.7593 878.6409 10 60.37356
294.7358 879.656 10 60.40691
296.0351 880.1823 10 60.44027
296.7661 880.5622 10 60.47362
297.5106 880.4788 10 60.50698
299.0405 879.8037 10 60.54033
299.8265 880.9678 10 60.57369
300.9635 881.989 10 60.60704
301.4338 883.2203 10 60.6404
303.0314 884.1052 10 60.67376
302.56 883.0831 10 60.70711
302.2788 883.6607 10 60.74047
302.9644 883.6298 10 60.77382
303.7335 881.9217 10 60.80718
303.7341 881.853 10 60.84053
304.2655 883.0528 10 60.87389
305.8895 882.1038 10 60.90724
305.9232 881.9086 10 60.9406
306.4542 883.585 10 60.97396
307.7402 885.2246 10 61.00731
307.6519 885.4316 10 61.04067
307.2767 885.1398 10 61.07402
307.646 885.7042 10 61.10738
309.1254 885.1353 10 61.14073
308.2242 886.087 10 61.17409
307.5995 886.1091 10 61.20744
307.681 886.2793 10 61.2408
308.0219 886.0665 10 61.27416
308.7021 885.5973 10 61.30751
308.8093 886.6516 10 61.34087
309.7552 886.8024 10 61.37422
310.0966 886.5238 10 61.40758
310.6917 887.3305 10 61.44093
311.8617 887.774 10 61.47429
313.7418 887.3217 10 61.50764
314.6358 887.786 10 61.541
315.383 888.4395 10 61.57436
316.1828 888.7086 10 61.60771
316.7836 889.5986 10 61.64107
318.4435 890.0833 10 61.67442
318.9528 889.4307 10 61.70778
319.1844 890.0348 10 61.74113
319.9451 890.2985 10 61.77449
320.1025 890.1996 10 61.80784
320.1417 890.1332 10 61.8412
321.8022 891.7582 10 61.87456
323.7706 892.0629 10 61.90791
323.9924 891.9214 10 61.94127
324.2183 892.5946 10 61.97462
325.7739 892.965 10 62.00798
326.26 893.4718 10 62.04133
326.4445 893.2202 10 62.07469
327.5955 893.4231 10 62.10804
328.1536 894.0172 10 62.1414
327.2218 893.3088 10 62.17476
327.1206 894.0214 10 62.20811
329.4967 892.1938 10 62.24147
330.214 890.5576 10 62.27482
330.2523 890.9813 10 62.30818
329.2253 893.1003 10 62.34153
329.6825 894.3867 10 62.37489
330.4251 893.943 10 62.40824
331.0826 893.475 10 62.4416
329.8132 894.354 10 62.47496
331.1707 894.2976 10 62.50831
331.4854 894.3673 10 62.54167
332.5505 892.8987 10 62.57502
332.2759 892.9266 10 62.60838
330.6437 894.2645 10 62.64173
329.5987 894.4576 10 62.67509
329.8325 894.9175 10 62.70844
328.2957 894.3815 10 62.7418
328.1941 892.8904 10 62.77516
328.5231 893.6974 10 62.80851
329.1966 892.4546 10 62.84187
330.6286 892.3182 10 62.87522
329.7203 892.7573 10 62.90858
330.3896 893.0444 10 62.94193
330.2001 893.707 10 62.97529
330.1694 895.4227 10 63.00864
329.5776 895.727 10 63.042
330.2419 894.3937 10 63.07536
332.228 894.7754 10 63.10871
331.6899 895.0711 10 63.14207
333.3273 895.2669 10 63.17542
334.1955 895.0768 10 63.20878
335.0912 894.5618 10 63.24213
335.5562 895.6681 10 63.27549
335.4307 896.6713 10 63.30884
336.5992 896.9069 10 63.3422
337.8601 897.0867 10 63.37556
338.9676 897.5595 10 63.40891
339.8826 896.6066 10 63.44227
340.6734 897.6745 10 63.47562
341.1862 897.3298 10 63.50898
341.2821 898.7934 10 63.54233
342.3855 899.1542 10 63.57569
342.7273 898.9289 10 63.60904
342.5262 899.5263 10 63.6424
343.2515 899.7833 10 63.67576
344.4096 898.7237 10 63.70911
345.325 900.5078 10 63.74247
346.2003 901.1081 10 63.77582
346.7902 900.8984 10 63.80918
346.8227 901.4625 10 63.84253
347.2861 900.4151 10 63.87589
348.1745 901.2686 10 63.90924
347.6664 900.8134 10 63.9426
348.565 901.529 10 63.97596
349.9421 900.9079 10 64.00931
350.0216 901.4525 10 64.04267
349.2344 901.9539 10 64.07602
351.597 901.6392 10 64.10938
352.0315 901.7877 10 64.14273
353.3788 900.8428 10 64.17609
354.4278 901.483 10 64.20944
353.8228 901.7512 10 64.2428
354.9199 901.6346 10 64.27616
355.8876 902.4547 10 64.30951
355.816 902.2627 10 64.34287
357.1093 903.4182 10 64.37622
356.1352 903.4441 10 64.40958
357.3102 903.8879 10 64.44293
358.2349 903.793 10 64.47629
358.6012 904.056 10 64.50964
359.1562 904.6998 10 64.543
361.3222 904.7685 10 64.57636
361.7075 905.0877 10 64.60971
362.3324 906.1522 10 64.64307
362.3464 906.0747 10 64.67642
361.3565 905.6463 10 64.70978
360.1189 906.3514 10 64.74313
359.745 905.4527 10 64.77649
359.5013 904.0551 10 64.80984
359.7802 903.5879 10 64.8432
358.8048 904.1429 10 64.87656
358.8566 904.4919 10 64.90991
357.4465 904.5792 10 64.94327
359.3875 904.7931 10 64.97662
359.9139 904.5596 10 65.00998
360.6235 905.1834 10 65.04333
360.7539 905.4004 10 65.07669
360.9577 904.7625 10 65.11004
360.62 904.355 10 65.1434
360.6081 904.6521 10 65.17676
361.663 904.9482 10 65.21011
361.8546 905.5327 10 65.24347
362.6935 906.0347 10 65.27682
361.6943 905.6889 10 65.31018
362.1214 905.4457 10 65.34353
361.4153 905.1208 10 65.37689
360.7426 904.6622 10 65.41024
360.9532 903.8052 10 65.4436
360.1643 905.01 10 65.47696
359.6118 904.1937 10 65.51031
360.6483 905.6734 10 65.54367
360.9437 904.9853 10 65.57702
360.7834 904.6074 10 65.61038
360.1735 905.2185 10 65.64373
359.807 905.0836 10 65.67709
359.422 904.97 10 65.71044
359.1596 903.9955 10 65.7438
359.2693 904.4105 10 65.77716
359.8768 904.0016 10 65.81051
359.6428 904.585 10 65.84387
360.8038 905.5923 10 65.87722
361.5471 905.1205 10 65.91058
361.6047 905.0788 10 65.94393
360.9066 905.0392 10 65.97729
360.1221 905.1421 10 66.01064
360.0677 904.4419 10 66.044
361.2666 904.9251 10 66.07736
360.4018 904.663 10 66.11071
360.5965 905.1465 10 66.14407
360.508 904.512 10 66.17742
361.8132 905.1686 10 66.21078
364.3417 905.4959 10 66.24413
365.3849 905.0838 10 66.27749
366.0377 905.133 10 66.31084
365.7717 906.3767 10 66.3442
366.6997 906.2808 10 66.37756
365.9911 906.7753 10 66.41091
366.0427 906.1446 10 66.44427
366.1822 906.3006 10 66.47762
366.283 906.8785 10 66.51098
366.2482 905.5409 10 66.54433
366.4134 906.4254 10 66.57769
365.7853 907.8536 10 66.61104
366.157 908.0832 10 66.6444
365.653 907.762 10 66.67776
365.54 906.6102 10 66.71111
365.7625 906.9535 10 66.74447
365.7566 906.5697 10 66.77782
366.8816 906.7325 10 66.81118
366.9644 906.927 10 66.84453
367.0789 906.7887 10 66.87789
367.3038 905.869 10 66.91124
367.1794 906.7102 10 66.9446
366.8669 906.2966 10 66.97796
366.1029 906.2412 10 67.01131
366.7455 907.1062 10 67.04467
366.9768 906.6794 10 67.07802
367.5476 905.5837 10 67.11138
368.4399 905.1375 10 67.14473
368.1293 906.0912 10 67.17809
369.2795 906.7487 10 67.21144
370.5066 907.2809 10 67.2448
371.2189 906.3189 10 67.27816
370.8456 906.9472 10 67.31151
371.9488 908.0021 10 67.34487
372.7512 908.0352 10 67.37822
373.8673 907.3846 10 67.41158
374.0568 907.6667 10 67.44493
374.6354 908.6258 10 67.47829
375.4764 908.6917 10 67.51164
376.7711 909.1327 10 67.545
377.1846 909.1377 10 67.57836
377.389 908.7195 10 67.61171
376.8445 909.0415 10 67.64507
377.7021 908.1073 10 67.67842
377.5482 909.6842 10 67.71178
378.375 910.2143 10 67.74513
378.498 909.9599 10 67.77849
379.4156 909.9883 10 67.81184
379.318 910.6144 10 67.8452
378.9466 910.1452 10 67.87856
379.5319 911.4289 10 67.91191
380.2604 910.8565 10 67.94527
379.2226 910.3549 10 67.97862
379.6207 910.1257 10 68.01198
378.5473 909.5518 10 68.04533
377.8992 910.1526 10 68.07869
377.188 909.3325 10 68.11204
377.1459 909.8692 10 68.1454
378.5074 909.9577 10 68.17876
379.6443 908.9737 10 68.21211
380.7443 907.6449 10 68.24547
379.878 907.912 10 68.27882
379.613 909.3519 10 68.31218
379.0043 909.6725 10 68.34553
379.756 910.2131 10 68.37889
379.5548 910.004 10 68.41224
380.1046 910.401 10 68.4456
380.7052 910.5628 10 68.47896
379.9241 910.4652 10 68.51231
379.5306 910.9043 10 68.54567
379.2903 910.0508 10 68.57902
378.8663 910.9611 10 68.61238
377.9065 910.5789 10 68.64573
376.1616 910.3594 10 68.67909
375.2952 909.6754 10 68.71244
374.8091 910.2188 10 68.7458
373.1362 909.3369 10 68.77916
370.8037 908.0918 10 68.81251
369.5348 907.7283 10 68.84587
367.9365 907.4267 10 68.87922
366.7551 907.9515 10 68.91258
366.0299 907.6198 10 68.94593
365.713 907.7186 10 68.97929
364.0548 907.6788 10 69.01264
363.0063 907.8159 10 69.046
362.4458 906.4172 10 69.07936
360.8627 905.9717 10 69.11271
360.8126 905.3612 10 69.14607
360.7348 903.7475 10 69.17942
359.733 904.5642 10 69.21278
357.4425 904.7166 10 69.24613
357.4213 903.9495 10 69.27949
358.423 905.2065 10 69.31284
358.4343 905.2317 10 69.3462
358.1324 905.0509 10 69.37956
357.803 905.0655 10 69.41291
356.6653 904.7097 10 69.44627
357.4579 904.1411 10 69.47962
357.6396 903.8399 10 69.51298
356.0742 904.4512 10 69.54633
355.8843 904.2619 10 69.57969
354.2198 904.1112 10 69.61304
352.02 904.4265 10 69.6464
351.9155 903.2606 10 69.67976
350.7663 902.0626 10 69.71311
349.0423 902.5547 10 69.74647
347.8996 901.7213 10 69.77982
347.0335 901.8198 10 69.81318
346.8491 900.9132 10 69.84653
345.9055 901.0061 10 69.87989
346.3572 900.2672 10 69.91324
346.443 901.0004 10 69.9466
345.0906 902.3932 10 69.97996
344.5628 903.797 10 70.01331
344.6516 901.4482 10 70.04667
345.6602 899.4999 10 70.08002
344.8285 900.6278 10 70.11338
344.9773 901.6666 10 70.14673
345.0437 902.0583 10 70.18009
344.5744 901.1388 10 70.21344
343.589 899.8266 10 70.2468
344.0764 899.6798 10 70.28016
343.4153 900.2173 10 70.31351
343.0435 899.8501 10 70.34687
343.1563 899.4069 10 70.38022
343.5346 898.9314 10 70.41358
342.9592 899.0144 10 70.44693
341.9958 899.6996 10 70.48029
340.9627 900.203 10 70.51364
339.8895 899.9327 10 70.547
341.4131 899.6584 10 70.58036
341.6794 899.4684 10 70.61371
342.5226 900.1873 10 70.64707
341.74 899.8154 10 70.68042
342.789 899.654 10 70.71378
341.1944 899.386 10 70.74713
340.3344 900.9515 10 70.78049
339.4965 900.8171 10 70.81384
338.6235 900.2159 10 70.8472
336.0546 899.1831 10 70.88056
335.4022 899.2603 10 70.91391
335.5644 898.7556 10 70.94727
334.4997 898.6212 10 70.98062
333.3971 897.3568 10 71.01398
333.7423 897.6188 10 71.04733
332.1324 896.244 10 71.08069
332.4069 895.4116 10 71.11404
331.5878 895.6221 10 71.1474
330.7152 896.1191 10 71.18076
330.4658 895.3087 10 71.21411
329.0193 895.2871 10 71.24747
329.7072 894.8199 10 71.28082
328.469 894.9213 10 71.31418
328.6504 895.5257 10 71.34753
327.765 895.5899 10 71.38089
327.988 895.7496 10 71.41424
327.3605 895.9689 10 71.4476
326.9565 895.6706 10 71.48096
326.593 896.4373 10 71.51431
325.5912 895.1292 10 71.54767
324.9923 894.2876 10 71.58102
325.5766 894.757 10 71.61438
324.3236 893.7652 10 71.64773
324.3449 893.9489 10 71.68109
323.8243 893.3899 10 71.71444
323.6908 893.1461 10 71.7478
323.2132 892.2545 10 71.78116
323.2828 891.5987 10 71.81451
323.486 892.7412 10 71.84787
322.9872 892.1697 10 71.88122
322.9965 893.1565 10 71.91458
322.6915 892.8856 10 71.94793
322.2511 892.6115 10 71.98129
321.4995 893.4778 10 72.01464
321.4675 892.3631 10 72.048
320.5488 892.2482 10 72.08136
320.074 892.2688 10 72.11471
320.1815 892.6935 10 72.14807
318.9161 892.605 10 72.18142
318.5327 892.2983 10 72.21478
317.6839 891.574 10 72.24813
317.5664 890.8338 10 72.28149
317.3916 890.8107 10 72.31484
318.0567 891.533 10 72.3482
317.8094 891.0742 10 72.38156
316.5577 890.4659 10 72.41491
316.4007 890.7985 10 72.44827
315.2205 890.1153 10 72.48162
315.5943 891.6934 10 72.51498
315.4613 890.8892 10 72.54833
314.5464 889.2289 10 72.58169
314.8603 888.9592 10 72.61504
313.1529 889.4418 10 72.6484
311.6193 889.0828 10 72.68176
310.7913 888.721 10 72.71511
309.6122 888.6726 10 72.74847
309.2982 888.6784 10 72.78182
309.13 886.9205 10 72.81518
309.2152 888.0388 10 72.84853
308.9215 887.6956 10 72.88189
308.2768 888.2538 10 72.91524
307.2218 887.5039 10 72.9486
307.2934 887.6253 10 72.98196
306.7376 886.547 10 73.01531
304.5949 887.1512 10 73.04867
303.4213 887.1159 10 73.08202
302.0361 886.3334 10 73.11538
302.068 885.7636 10 73.14873
301.7621 885.6836 10 73.18209
299.3683 884.3168 10 73.21544
297.1131 883.5495 10 73.2488
296.9539 882.5901 10 73.28216
294.6644 881.4493 10 73.31551
293.5542 880.8651 10 73.34887
292.1957 879.1061 10 73.38222
291.4837 879.5384 10 73.41558
290.769 878.4878 10 73.44893
290.5179 880.0048 10 73.48229
289.539 878.5358 10 73.51564
287.9108 877.6737 10 73.549
287.9415 878.8219 10 73.58236
287.3485 877.9632 10 73.61571
286.7792 877.8054 10 73.64907
284.9545 876.4196 10 73.68242
284.4813 876.0883 10 73.71578
282.5669 875.377 10 73.74913
282.4955 874.7618 10 73.78249
282.3047 873.5062 10 73.81584
280.9417 873.7084 10 73.8492
280.2802 873.2852 10 73.88256
279.1053 873.3436 10 73.91591
279.6754 872.7267 10 73.94927
278.7844 872.5088 10 73.98262
278.3674 872.6408 10 74.01598
276.6293 872.8306 10 74.04933
276.8654 870.3192 10 74.08269
277.2805 870.7953 10 74.11604
278.2521 870.3591 10 74.1494
277.5891 870.5806 10 74.18276
276.8951 871.413 10 74.21611
276.8034 872.1033 10 74.24947
276.6313 872.962 10 74.28282
276.1444 872.1748 10 74.31618
275.9053 871.7319 10 74.34953
275.6368 873.0501 10 74.38289
275.8224 872.4867 10 74.41624
274.5977 871.8834 10 74.4496
275.0936 871.9761 10 74.48296
274.6427 872.8337 10 74.51631
274.1431 872.1802 10 74.54967
272.9698 871.8645 10 74.58302
273.1043 871.2385 10 74.61638
273.3619 870.5472 10 74.64973
272.9237 870.8384 10 74.68309
272.349 870.6494 10 74.71644
271.7767 870.1465 10 74.7498
271.5368 869.8543 10 74.78316
270.5436 869.6841 10 74.81651
269.9052 870.2874 10 74.84987
269.08 870.2231 10 74.88322
268.3433 869.817 10 74.91658
269.9317 868.7266 10 74.94993
270.1839 868.3555 10 74.98329
270.0401 867.6511 10 75.01664
269.9515 868.6044 10 75.05
269.3628 868.1436 10 75.08336
269.9469 868.7208 10 75.11671
269.2125 869.0085 10 75.15007
269.1476 868.7356 10 75.18342
269.0889 868.8764 10 75.21678
267.8949 868.6352 10 75.25013
267.8622 868.6464 10 75.28349
268.5117 867.5662 10 75.31684
268.3636 867.1904 10 75.3502
268.3143 866.8116 10 75.38356
268.4677 866.5366 10 75.41691
267.8337 866.5373 10 75.45027
267.8612 867.0323 10 75.48362
267.1473 867.4405 10 75.51698
266.4367 866.7849 10 75.55033
266.3827 866.6194 10 75.58369
266.021 866.0578 10 75.61704
265.5492 865.5084 10 75.6504
265.5642 864.0417 10 75.68376
263.7345 863.8817 10 75.71711
261.264 864.598 10 75.75047
259.5506 863.4121 10 75.78382
260.1853 862.5465 10 75.81718
259.2061 862.497 10 75.85053
259.5186 861.944 10 75.88389
258.3508 861.8292 10 75.91724
257.9656 861.6648 10 75.9506
257.4177 862.0483 10 75.98396
257.4581 861.2812 10 76.01731
257.6006 861.5266 10 76.05067
258.5031 860.4521 10 76.08402
258.863 858.7221 10 76.11738
258.5914 860.9344 10 76.15073
257.4447 860.9372 10 76.18409
257.4447 860.9372 10 76.21744
256.3386 859.9494 10 76.2508
255.52 859.3938 10 76.28416
255.52 859.3938 10 76.31751
254.8485 859.9034 10 76.35087
255.0304 860.4194 10 76.38422
255.0304 860.4194 10 76.41758
254.3734 858.1243 10 76.45093
253.9019 857.8533 10 76.48429
253.9019 857.8533 10 76.51764
254.1086 859.0592 10 76.551
252.8524 857.7402 10 76.58436
252.8524 857.7402 10 76.61771
253.327 857.4377 10 76.65107
254.5376 857.0609 10 76.68442
254.5376 857.0609 10 76.71778
254.1482 857.6869 10 76.75113
254.5939 858.474 10 76.78449
254.5939 858.474 10 76.81784
255.2262 858.2517 10 76.8512
254.9949 858.0481 10 76.88456
254.9949 858.0481 10 76.91791
255.7603 858.5099 10 76.95127
255.1577 858.1011 10 76.98462
255.1577 858.1011 10 77.01798
255.2487 858.1261 10 77.05133
254.8084 858.7127 10 77.08469
254.8084 858.7127 10 77.11804
254.393 858.7187 10 77.1514
253.6863 858.1592 10 77.18476
253.5658 858.6139 10 77.21811
253.2339 858.3291 10 77.25147
253.6289 856.9347 10 77.28482
253.6563 858.043 10 77.31818
253.4484 857.9226 10 77.35153
252.5801 857.9814 10 77.38489
252.9543 857.1571 10 77.41824
253.5005 856.8076 10 77.4516
252.9642 858.0939 10 77.48496
251.9882 857.5683 10 77.51831
251.8361 857.0309 10 77.55167
251.4211 856.2985 10 77.58502
251.3599 856.5293 10 77.61838
251.092 856.2361 10 77.65173
251.0521 856.3244 10 77.68509
250.8241 855.8187 10 77.71844
250.4405 856.8555 10 77.7518
251.2097 856.0863 10 77.78516
251.2842 855.8101 10 77.81851
250.6082 855.6953 10 77.85187
249.9471 855.0409 10 77.88522
249.8795 854.5675 10 77.91858
249.1582 855.5237 10 77.95193
249.9695 855.4505 10 77.98529
249.3615 855.5553 10 78.01864
248.329 855.172 10 78.052
247.8959 854.9389 10 78.08536
247.9019 855.1874 10 78.11871
247.4291 855.2366 10 78.15207
247.2879 854.112 10 78.18542
245.8252 854.8456 10 78.21878
246.0349 854.6601 10 78.25213
244.2077 853.5495 10 78.28549
244.1922 852.8302 10 78.31884
242.5814 851.5156 10 78.3522
243.0984 850.6861 10 78.38556
242.6356 851.1862 10 78.41891
241.8899 850.7018 10 78.45227
240.9552 849.4951 10 78.48562
242.1238 849.8196 10 78.51898
241.2677 850.0438 10 78.55233
240.9422 851.3058 10 78.58569
241.8865 849.9077 10 78.61904
241.7983 849.5206 10 78.6524
242.7983 851.0582 10 78.68576
243.1596 848.917 10 78.71911
243.6741 848.3613 10 78.75247
242.416 848.8218 10 78.78582
241.8244 848.5319 10 78.81918
241.5587 849.0605 10 78.85253
241.2594 849.8808 10 78.88589
241.6968 849.9927 10 78.91924
240.5083 850.6379 10 78.9526
239.9618 849.9265 10 78.98596
239.8194 847.9949 10 79.01931
239.2588 848.6177 10 79.05267
238.1999 848.0189 10 79.08602
237.2597 848.0598 10 79.11938
237.2948 847.0471 10 79.15273
237.0915 846.4876 10 79.18609
236.5027 846.6422 10 79.21944
236.5364 845.9591 10 79.2528
235.8336 847.3308 10 79.28616
235.7908 847.2628 10 79.31951
234.5325 845.7784 10 79.35287
234.2617 845.3421 10 79.38622
233.9638 844.7393 10 79.41958
234.0356 844.3862 10 79.45293
232.5828 844.067 10 79.48629
230.9685 844.196 10 79.51964
231.5358 843.9487 10 79.553
231.8184 844.6273 10 79.58636
231.5608 844.4273 10 79.61971
231.4313 844.6781 10 79.65307
230.8754 843.2435 10 79.68642
231.4775 843.0587 10 79.71978
231.0092 842.3124 10 79.75313
230.0223 842.7079 10 79.78649
230.0847 841.9275 10 79.81984
229.5258 842.0293 10 79.8532
229.4679 842.1655 10 79.88656
229.6576 842.4238 10 79.91991
229.4489 841.3477 10 79.95327
229.4548 841.1096 10 79.98662
229.1244 841.2577 10 80.01998
227.4291 841.2043 10 80.05333
226.6327 839.1075 10 80.08669
225.4994 838.1442 10 80.12004
225.6628 838.4095 10 80.1534
225.4698 839.1383 10 80.18676
225.076 838.6246 10 80.22011
224.8404 838.1156 10 80.25347
224.1012 837.0982 10 80.28682
224.3979 837.7148 10 80.32018
222.7152 838.536 10 80.35353
223.2939 838.2755 10 80.38689
223.6464 837.3343 10 80.42024
223.9738 837.9695 10 80.4536
223.639 837.6024 10 80.48696
223.1922 836.8746 10 80.52031
221.7597 836.3724 10 80.55367
221.1995 836.3843 10 80.58702
220.6159 836.8481 10 80.62038
220.449 835.6111 10 80.65373
220.4305 836.1512 10 80.68709
220.7061 836.4898 10 80.72044
220.4093 836.2038 10 80.7538
218.6529 834.7913 10 80.78716
219.3555 834.9395 10 80.82051
217.7635 833.8253 10 80.85387
217.0301 833.2372 10 80.88722
217.1931 833.6254 10 80.92058
216.0772 832.6781 10 80.95393
216.1013 832.8178 10 80.98729
215.7174 832.1192 10 81.02064
215.1478 832.1682 10 81.054
214.3812 830.9527 10 81.08736
214.482 831.3695 10 81.12071
213.0977 830.4805 10 81.15407
212.8663 829.9178 10 81.18742
212.256 829.0736 10 81.22078
211.1979 828.2007 10 81.25413
211.4249 828.0483 10 81.28749
209.4477 828.3652 10 81.32084
209.5591 827.739 10 81.3542
210.1919 826.7803 10 81.38756
209.6867 826.3926 10 81.42091
208.7826 826.5198 10 81.45427
208.35 826.2532 10 81.48762
208.9818 825.925 10 81.52098
208.2813 825.4231 10 81.55433
208.0992 825.3619 10 81.58769
208.7196 825.71 10 81.62104
208.2486 825.1212 10 81.6544
207.5152 825.1832 10 81.68776
207.1104 824.5785 10 81.72111
206.9922 823.5457 10 81.75447
206.0965 824.0985 10 81.78782
205.0101 824.1252 10 81.82118
205.9641 823.4263 10 81.85453
206.1946 821.2587 10 81.88789
205.4279 820.6086 10 81.92124
205.2042 821.4333 10 81.9546
205.1223 822.4673 10 81.98796
205.7058 822.6807 10 82.02131
205.5271 823.2824 10 82.05467
204.9134 823.9882 10 82.08802
204.9474 823.7888 10 82.12138
204.6396 823.554 10 82.15473
203.9106 823.3974 10 82.18809
203.6748 823.1499 10 82.22144
203.8256 822.4322 10 82.2548
204.4576 822.7384 10 82.28816
203.4982 822.402 10 82.32151
203.1586 821.8877 10 82.35487
203.3231 821.6754 10 82.38822
203.2759 822.1906 10 82.42158
203.038 822.5984 10 82.45493
203.2429 822.0083 10 82.48829
203.696 822.8139 10 82.52164
203.7067 823.0305 10 82.555
203.13 822.0613 10 82.58836
202.1712 823.1838 10 82.62171
201.9304 822.3971 10 82.65507
202.764 822.8627 10 82.68842
202.3118 821.8876 10 82.72178
203.1224 822.0713 10 82.75513
202.2553 821.9028 10 82.78849
203.618 821.6345 10 82.82184
204.9556 820.6249 10 82.8552
204.8466 821.2489 10 82.88856
203.8004 822.2046 10 82.92191
203.3953 821.1716 10 82.95527
203.1088 821.706 10 82.98862
203.2434 821.7467 10 83.02198
202.2775 821.5522 10 83.05533
202.5307 820.9851 10 83.08869
202.1512 821.9976 10 83.12204
201.8423 820.766 10 83.1554
202.0594 821.7415 10 83.18876
201.8106 821.2592 10 83.22211
201.0216 819.8085 10 83.25547
201.162 819.6452 10 83.28882
201.061 819.396 10 83.32218
200.541 820.3615 10 83.35553
200.6615 821.898 10 83.38889
199.9943 821.7045 10 83.42224
199.627 820.6235 10 83.4556
199.5546 820.0977 10 83.48896
199.2734 820.1781 10 83.52231
199.2602 819.6954 10 83.55567
199.461 819.2383 10 83.58902
199.7007 819.6404 10 83.62238
198.9603 819.0989 10 83.65573
198.4954 819.0252 10 83.68909
198.5189 818.337 10 83.72244
199.2621 818.5756 10 83.7558
198.4528 818.6301 10 83.78916
197.427 817.668 10 83.82251
197.2533 816.3856 10 83.85587
196.4992 816.2488 10 83.88922
195.8593 816.2933 10 83.92258
195.6859 815.7196 10 83.95593
195.2942 815.4181 10 83.98929
194.7944 815.677 10 84.02264
194.1834 814.8433 10 84.056
193.9406 813.8818 10 84.08936
193.3576 813.9917 10 84.12271
192.2321 814.0357 10 84.15607
192.3297 813.3205 10 84.18942
191.6075 811.9294 10 84.22278
190.6007 811.3995 10 84.25613
190.5985 812.2263 10 84.28949
190.8147 811.1406 10 84.32284
190.0232 809.4302 10 84.3562
189.4304 810.0829 10 84.38956
188.5179 810.4233 10 84.42291
188.9869 811.9989 10 84.45627
189.4755 811.7612 10 84.48962
188.4392 810.6416 10 84.52298
188.5766 809.4421 10 84.55633
187.9068 809.8881 10 84.58969
189.084 809.8507 10 84.62304
188.7614 809.1716 10 84.6564
188.898 809.5925 10 84.68976
189.2467 810.397 10 84.72311
189.5883 809.8372 10 84.75647
189.5665 809.3549 10 84.78982
188.9806 810.2809 10 84.82318
189.4542 810.3449 10 84.85653
189.5453 809.7828 10 84.88989
189.361 809.3305 10 84.92324
189.492 808.782 10 84.9566
188.4251 808.8564 10 84.98996
187.8302 807.6075 10 85.02331
188.0303 808.0293 10 85.05667
188.2058 807.8196 10 85.09002
188.1559 807.9763 10 85.12338
188.0731 807.5685 10 85.15673
188.3973 807.7524 10 85.19009
186.159 806.9843 10 85.22344
186.1863 807.5644 10 85.2568
186.2222 806.097 10 85.29016
186.1541 805.6592 10 85.32351
184.2296 806.7347 10 85.35687
184.4637 806.8265 10 85.39022
184.7342 805.7631 10 85.42358
184.8403 806.1949 10 85.45693
184.5645 807.4155 10 85.49029
184.2378 806.3539 10 85.52364
184.4692 805.6522 10 85.557
182.8374 804.2589 10 85.59036
182.448 804.5528 10 85.62371
182.0506 803.4821 10 85.65707
181.0461 803.2977 10 85.69042
180.7777 802.1359 10 85.72378
180.5146 800.7686 10 85.75713
179.4795 800.2306 10 85.79049
178.5153 799.8436 10 85.82384
179.3554 799.0261 10 85.8572
178.0701 798.9324 10 85.89056
177.911 798.7883 10 85.92391
176.1299 797.8035 10 85.95727
175.871 796.4093 10 85.99062
174.715 795.5231 10 86.02398
174.3817 795.2993 10 86.05733
172.6669 793.7965 10 86.09069
172.7503 792.6566 10 86.12404
172.0002 792.6218 10 86.1574
171.8079 792.7272 10 86.19076
170.5013 791.6378 10 86.22411
170.2202 791.3508 10 86.25747
169.8459 789.9542 10 86.29082
168.6055 788.9908 10 86.32418
168.4574 787.3738 10 86.35753
167.4044 786.5698 10 86.39089
166.5764 785.5717 10 86.42424
166.0632 784.9514 10 86.4576
164.3581 783.4276 10 86.49096
162.2465 782.3229 10 86.52431
162.6023 782.1993 10 86.55767
161.4543 781.7336 10 86.59102
160.4592 781.3096 10 86.62438
160.3102 779.9828 10 86.65773
159.3014 781.0692 10 86.69109
158.9496 779.8313 10 86.72444
159.4644 778.74 10 86.7578
158.6422 778.1198 10 86.79116
157.8476 777.7051 10 86.82451
157.1856 777.0936 10 86.85787
156.5052 776.3838 10 86.89122
155.6253 774.6612 10 86.92458
155.6916 774.0326 10 86.95793
156.026 772.4489 10 86.99129
154.7051 772.8503 10 87.02464
152.8847 772.7631 10 87.058
153.2216 772.4313 10 87.09136
152.2699 771.2473 10 87.12471
151.8233 770.9585 10 87.15807
150.3984 769.2237 10 87.19142
150.5956 769.2492 10 87.22478
149.6524 767.7175 10 87.25813
148.7893 767.0147 10 87.29149
147.6779 765.1366 10 87.32484
146.2971 764.1146 10 87.3582
146.0149 762.7715 10 87.39156
144.5255 762.4255 10 87.42491
144.7029 761.2149 10 87.45827
144.5305 760.342 10 87.49162
143.4833 759.4148 10 87.52498
143.2679 759.3064 10 87.55833
141.8519 759.1702 10 87.59169
142.1012 759.8568 10 87.62504
141.2279 759.777 10 87.6584
141.4384 759.7307 10 87.69176
141.416 759.5299 10 87.72511
140.6156 759.4704 10 87.75847
140.5306 758.4104 10 87.79182
140.4584 757.7156 10 87.82518
140.7279 756.4182 10 87.85853
139.5511 755.2633 10 87.89189
138.3333 755.2953 10 87.92524
138.0353 755.1451 10 87.9586
139.0398 754.1108 10 87.99196
138.7463 753.4873 10 88.02531
137.8567 753.1648 10 88.05867
137.7194 752.9077 10 88.09202
136.3836 753.2966 10 88.12538
136.4576 753.293 10 88.15873
136.5715 751.6414 10 88.19209
136.4834 751.8656 10 88.22544
134.7916 750.5825 10 88.2588
134.4749 749.0259 10 88.29216
134.2082 748.8767 10 88.32551
133.1128 748.6441 10 88.35887
133.0634 747.2118 10 88.39222
132.8177 746.8556 10 88.42558
131.9035 745.7741 10 88.45893
131.6651 745.2257 10 88.49229
131.4097 745.3492 10 88.52564
131.309 744.2427 10 88.559
130.3599 743.6824 10 88.59236
130.1023 742.9756 10 88.62571
129.9082 741.6991 10 88.65907
129.6828 741.6644 10 88.69242
128.8602 741.0395 10 88.72578
128.377 741.3442 10 88.75913
128.1761 740.3719 10 88.79249
127.5288 738.4222 10 88.82584
126.3759 737.7678 10 88.8592
125.4803 736.1845 10 88.89256
125.4608 735.5482 10 88.92591
124.9853 735.2993 10 88.95927
124.602 735.4219 10 88.99262
124.9751 735.2281 10 89.02598
124.5713 733.7313 10 89.05933
124.0277 733.3512 10 89.09269
123.1132 733.1528 10 89.12604
122.2998 732.9041 10 89.1594
123.168 731.9421 10 89.19276
123.0771 731.3074 10 89.22611
121.5803 731.9255 10 89.25947
121.2894 731.8873 10 89.29282
122.0466 730.0889 10 89.32618
121.0309 729.8077 10 89.35953
121.6477 730.412 10 89.39289
120.7113 729.4213 10 89.42624
120.9195 729.9391 10 89.4596
119.2978 728.636 10 89.49296
119.3572 726.9204 10 89.52631
119.1467 726.5367 10 89.55967
119.4301 726.0153 10 89.59302
118.5754 726.5543 10 89.62638
119.3706 726.5271 10 89.65973
118.9259 726.9935 10 89.69309
118.9672 726.5336 10 89.72644
118.8964 725.8109 10 89.7598
118.2193 724.766 10 89.79316
116.8728 724.6068 10 89.82651
118.0526 724.4457 10 89.85987
117.2249 724.0365 10 89.89322
116.8629 723.0916 10 89.92658
116.4529 722.6054 10 89.95993
116.5458 722.2308 10 89.99329
117.0467 721.8635 10 90.02664
117.5032 721.8521 10 90.06
116.9883 722.4207 10 90.09336
116.2706 722.5118 10 90.12671
116.5557 722.4712 10 90.16007
116.1057 723.3888 10 90.19342
116.643 723.0896 10 90.22678
116.4585 722.4162 10 90.26013
115.4879 720.7664 10 90.29349
114.6344 720.5331 10 90.32684
114.2438 719.5558 10 90.3602
115.0309 719.4861 10 90.39356
115.373 718.8931 10 90.42691
114.9755 719.6484 10 90.46027
114.8523 719.7125 10 90.49362
114.5336 719.0462 10 90.52698
114.0473 718.0781 10 90.56033
114.2226 718.5355 10 90.59369
113.7881 717.2864 10 90.62704
112.9047 717.0692 10 90.6604
113.7195 717.7255 10 90.69376
112.6099 715.9181 10 90.72711
112.2082 716.3652 10 90.76047
111.8185 716.1992 10 90.79382
112.0456 714.8864 10 90.82718
111.7025 714.0836 10 90.86053
111.676 713.473 10 90.89389
110.8643 713.0411 10 90.92724
111.1121 711.8449 10 90.9606
109.2234 711.3473 10 90.99396
108.1704 712.055 10 91.02731
109.1508 709.805 10 91.06067
109.2182 709.4313 10 91.09402
107.8361 709.5452 10 91.12738
107.4794 708.8188 10 91.16073
107.7059 708.4625 10 91.19409
107.3962 708.119 10 91.22744
107.3758 708.8358 10 91.2608
107.0257 706.3756 10 91.29416
105.951 706.3206 10 91.32751
106.0883 705.3416 10 91.36087
105.977 703.2982 10 91.39422
105.3432 704.1266 10 91.42758
105.7371 703.0452 10 91.46093
105.9058 703.4749 10 91.49429
104.7653 703.0012 10 91.52764
104.124 701.9765 10 91.561
103.586 701.5628 10 91.59436
103.9265 700.9799 10 91.62771
103.9406 700.405 10 91.66107
103.7831 700.4996 10 91.69442
102.7598 700.537 10 91.72778
102.7399 699.4166 10 91.76113
102.3107 698.4747 10 91.79449
102.5045 698.454 10 91.82784
103.1829 697.9864 10 91.8612
101.7941 696.7051 10 91.89456
100.4329 696.7151 10 91.92791
101.0014 695.8149 10 91.96127
100.9664 694.6592 10 91.99462
100.5577 694.1601 10 92.02798
99.26365 693.4476 10 92.06133
99.02776 692.4991 10 92.09469
98.89693 691.274 10 92.12804
98.5631 690.147 10 92.1614
97.70972 690.2437 10 92.19476
97.99174 689.2565 10 92.22811
96.88622 688.3991 10 92.26147
96.81051 688.2008 10 92.29482
97.29221 687.338 10 92.32818
97.10671 686.9694 10 92.36153
96.74742 687.3019 10 92.39489
97.15547 686.7519 10 92.42824
97.3452 688.4709 10 92.4616
97.77254 687.6245 10 92.49496
97.48783 687.0573 10 92.52831
97.12631 686.2587 10 92.56167
97.81688 687.7256 10 92.59502
98.15271 688.4961 10 92.62838
98.41696 688.6296 10 92.66173
99.20547 689.2426 10 92.69509
98.54947 690.0758 10 92.72844
98.48504 690.5027 10 92.7618
97.69495 689.9998 10 92.79516
98.074 689.6871 10 92.82851
99.34055 690.5141 10 92.86187
99.17699 690.7646 10 92.89522
101.3657 692.2661 10 92.92858
101.7221 691.761 10 92.96193
101.4515 692.9816 10 92.99529
101.62 693.8869 10 93.02864
101.4012 694.9958 10 93.062
101.6269 694.8259 10 93.09536
101.1441 695.4851 10 93.12871
102.3121 695.5366 10 93.16207
101.783 696.01 10 93.19542
102.5143 697.1744 10 93.22878
102.6855 697.1979 10 93.26213
103.0742 697.0168 10 93.29549
103.0292 698.3014 10 93.32884
104.1432 697.8991 10 93.3622
104.6032 699.1741 10 93.39556
103.6629 699.2268 10 93.42891
103.9779 699.255 10 93.46227
104.4997 699.7673 10 93.49562
103.9027 699.7291 10 93.52898
105.0305 700.9375 10 93.56233
105.0837 700.0519 10 93.59569
104.448 701.5325 10 93.62904
104.4809 701.5608 10 93.6624
106.1074 702.1573 10 93.69576
106.494 703.4507 10 93.72911
106.3125 703.354 10 93.76247
106.3962 704.3329 10 93.79582
107.4223 704.9785 10 93.82918
106.7599 706.1084 10 93.86253
107.7984 706.7084 10 93.89589
108.184 707.9036 10 93.92924
109.2891 708.4051 10 93.9626
109.1946 708.5222 10 93.99596
109.2657 707.8824 10 94.02931
109.1997 709.3819 10 94.06267
109.4258 709.7259 10 94.09602
109.6265 710.1398 10 94.12938
109.7876 711.5015 10 94.16273
110.7926 711.0499 10 94.19609
111.4252 710.5269 10 94.22944
110.6487 710.5349 10 94.2628
110.6976 710.4059 10 94.29616
110.7312 711.2282 10 94.32951
111.1576 711.7649 10 94.36287
112.0024 711.9038 10 94.39622
112.4873 712.5658 10 94.42958
111.8547 713.2321 10 94.46293
111.848 713.3774 10 94.49629
111.4718 713.1241 10 94.52964
111.2138 713.4482 10 94.563
112.6568 713.2036 10 94.59636
113.2322 713.8124 10 94.62971
112.4889 714.218 10 94.66307
114.0347 715.6169 10 94.69642
114.0275 716.4618 10 94.72978
114.7946 716.3679 10 94.76313
114.7724 717.2164 10 94.79649
115.0487 717.4984 10 94.82984
114.8108 717.3194 10 94.8632
114.6338 718.8883 10 94.89656
116.2678 717.5098 10 94.92991
116.1788 719.0282 10 94.96327
115.9899 719.8314 10 94.99662
115.4221 719.9048 10 95.02998
116.2936 719.8772 10 95.06333
116.1475 719.393 10 95.09669
116.6064 720.9679 10 95.13004
117.1821 721.364 10 95.1634
117.5353 721.5734 10 95.19676
117.6341 723.0251 10 95.23011
117.2288 723.3044 10 95.26347
117.1826 723.9978 10 95.29682
118.3087 724.1331 10 95.33018
118.3087 723.42 10 95.36353
118.1042 724.3194 10 95.39689
118.2518 724.2876 10 95.43024
118.221 725.0812 10 95.4636
118.5101 724.1187 10 95.49696
119.3171 724.9197 10 95.53031
119.2948 724.4341 10 95.56367
119.2581 724.8245 10 95.59702
119.1525 724.9685 10 95.63038
119.0497 724.891 10 95.66373
119.4136 726.0942 10 95.69709
119.5748 725.7661 10 95.73044
119.5317 726.2346 10 95.7638
119.9227 726.3098 10 95.79716
120.0339 726.4614 10 95.83051
120.364 727.1184 10 95.86387
119.9861 727.6484 10 95.89722
121.1664 727.672 10 95.93058
121.1027 728.2525 10 95.96393
122.8605 727.5699 10 95.99729
123.9062 729.0916 10 96.03064
122.8157 730.7084 10 96.064
122.7157 731.0771 10 96.09736
122.7537 731.734 10 96.13071
123.812 732.264 10 96.16407
124.4014 732.7854 10 96.19742
124.6386 733.244 10 96.23078
125.0005 734.083 10 96.26413
125.1919 733.1288 10 96.29749
126.0285 734.1269 10 96.33084
125.9458 734.9166 10 96.3642
126.8302 735.6234 10 96.39756
125.2908 736.3718 10 96.43091
126.3423 736.1146 10 96.46427
126.2539 736.6041 10 96.49762
126.8522 736.6061 10 96.53098
126.534 737.5764 10 96.56433
127.3437 737.2899 10 96.59769
128.6247 737.4557 10 96.63104
127.5972 738.3245 10 96.6644
127.8492 738.718 10 96.69776
127.9924 738.7904 10 96.73111
128.9373 738.3715 10 96.76447
128.9883 738.374 10 96.79782
128.5292 739.0057 10 96.83118
128.8545 739.9361 10 96.86453
128.7339 739.9712 10 96.89789
129.4763 740.8131 10 96.93124
129.4495 740.6439 10 96.9646
129.6982 741.439 10 96.99796
130.1762 740.4495 10 97.03131
130.0565 741.3278 10 97.06467
129.27 740.9665 10 97.09802
129.8863 741.6354 10 97.13138
129.2184 741.0471 10 97.16473
129.1633 740.8937 10 97.19809
129.5387 740.1442 10 97.23144
128.733 741.1651 10 97.2648
128.7855 740.6571 10 97.29816
128.7573 739.9851 10 97.33151
128.302 740.8596 10 97.36487
128.8306 740.4085 10 97.39822
128.7886 740.2848 10 97.43158
128.9719 741.5863 10 97.46493
130.0144 741.3483 10 97.49829
130.4279 741.0715 10 97.53164
129.8135 741.1114 10 97.565
129.4957 741.3526 10 97.59836
129.3553 741.0238 10 97.63171
129.4445 741.0835 10 97.66507
129.4996 741.5034 10 97.69842
129.8237 741.2797 10 97.73178
130.2351 740.4851 10 97.76513
129.9087 741.4473 10 97.79849
131.1635 741.9891 10 97.83184
130.8495 742.0941 10 97.8652
131.0607 742.6551 10 97.89856
131.4143 742.3934 10 97.93191
132.298 742.9086 10 97.96527
131.083 742.7156 10 97.99862
131.634 743.1056 10 98.03198
131.3986 743.251 10 98.06533
131.5765 743.4685 10 98.09869
131.9161 743.9105 10 98.13204
131.6571 743.2222 10 98.1654
132.1477 744.1812 10 98.19876
133.2089 744.4771 10 98.23211
134.4084 744.001 10 98.26547
133.4228 744.5823 10 98.29882
133.839 745.1109 10 98.33218
134.0284 746.3133 10 98.36553
134.5865 745.6815 10 98.39889
135.167 746.6761 10 98.43224
134.3962 747.6536 10 98.4656
134.2545 748.2576 10 98.49896
134.9007 748.4105 10 98.53231
135.4259 749.3567 10 98.56567
135.2879 749.9281 10 98.59902
135.2367 750.6403 10 98.63238
133.9836 752.4505 10 98.66573
135.3067 750.961 10 98.69909
135.4133 750.4787 10 98.73244
135.4684 750.9583 10 98.7658
136.3047 750.7311 10 98.79916
135.2793 751.0267 10 98.83251
135.1478 750.9702 10 98.86587
135.5713 750.4353 10 98.89922
135.0394 750.4971 10 98.93258
135.4117 751.6033 10 98.96593
135.6891 751.6376 10 98.99929
136.5594 751.4705 10 99.03264
136.185 750.8418 10 99.066
136.1766 751.7669 10 99.09936
136.5062 750.2658 10 99.13271
136.7612 750.2516 10 99.16607
136.6036 750.1685 10 99.19942
136.6413 750.2952 10 99.23278
