598.6787 865.8652 11 0
584.3965 377.5128 11 0.03335556
578.9583 375.7632 11 0.06671111
572.5648 373.8394 11 0.1000667
566.4075 371.6731 11 0.1334222
560.1214 369.3761 11 0.1667778
554.3933 366.9548 11 0.2001333
548.6567 364.67 11 0.2334889
543.2365 362.1008 11 0.2668444
537.6224 359.3416 11 0.3002
532.3415 356.312 11 0.3335556
527.3369 353.5574 11 0.3669111
522.4051 350.276 11 0.4002667
517.1431 346.7309 11 0.4336222
511.9261 343.4599 11 0.4669778
506.9295 340.1582 11 0.5003333
502.0117 336.6966 11 0.5336889
497.3267 333.217 11 0.5670444
492.7493 329.6833 11 0.6004
487.7446 326.0386 11 0.6337556
482.7486 321.7609 11 0.6671111
477.7565 317.8424 11 0.7004667
473.0792 314.0179 11 0.7338222
468.2132 309.8733 11 0.7671778
463.8039 305.8224 11 0.8005333
459.6967 301.7919 11 0.8338889
455.277 297.086 11 0.8672444
451.2525 292.2951 11 0.9006
446.9631 287.2818 11 0.9339556
442.5812 282.5027 11 0.9673111
439.0332 277.4099 11 1.000667
435.3096 271.8885 11 1.034022
431.8757 266.5436 11 1.067378
429.1304 261.7384 11 1.100733
426.2176 256.1829 11 1.134089
423.2474 250.0201 11 1.167444
420.2759 243.9416 11 1.2008
417.9029 238.356 11 1.234156
415.5173 232.9241 11 1.267511
413.2025 226.6806 11 1.300867
410.7845 220.6703 11 1.334222
408.7846 214.8527 11 1.367578
407.098 209.103 11 1.400933
405.4059 203.5461 11 1.434289
403.7994 197.6929 11 1.467644
402.3262 191.7181 11 1.501
400.9297 185.4538 11 1.534356
399.923 179.7086 11 1.567711
398.3863 172.9312 11 1.601067
398.1597 167.3421 11 1.634422
397.324 160.4403 11 1.667778
396.9233 154.4297 11 1.701133
396.7281 148.2215 11 1.734489
396.8492 142.066 11 1.767844
397.2321 135.4361 11 1.8012
397.9148 129.7142 11 1.834556
398.6995 123.699 11 1.867911
400.0048 118.109 11 1.901267
401.6065 112.1693 11 1.934622
402.9578 106.738 11 1.967978
404.6504 101.3084 11 2.001333
406.1271 96.13777 11 2.034689
407.9998 90.66712 11 2.068044
409.6514 85.32804 11 2.1014
411.984 79.6029 11 2.134756
414.5066 73.91276 11 2.168111
417.4736 69.03508 11 2.201467
419.9352 64.28941 11 2.234822
422.836 59.16915 11 2.268178
425.6519 54.2693 11 2.301533
428.6728 49.29009 11 2.334889
431.9469 44.50703 11 2.368244
435.3769 39.87499 11 2.4016
439.3708 38.40505 11 2.434956
445.086 36.50788 11 2.468311
451.4917 33.58235 11 2.501667
457.4622 31.41021 11 2.535022
463.5933 29.45018 11 2.568378
469.039 27.78601 11 2.601733
474.6352 26.75404 11 2.635089
481.1101 25.49273 11 2.668444
487.6778 24.90556 11 2.7018
494.3551 24.23878 11 2.735156
500.1692 24.15211 11 2.768511
505.8988 24.46869 11 2.801867
512.3746 24.34285 11 2.835222
517.9496 25.02969 11 2.868578
523.4937 26.07231 11 2.901933
529.1957 27.35312 11 2.935289
534.7164 28.99434 11 2.968644
540.3485 30.69966 11 3.002
545.2237 32.91087 11 3.035356
550.1727 34.76793 11 3.068711
555.504 37.5437 11 3.102067
561.1501 40.24322 11 3.135422
565.8759 42.36008 11 3.168778
571.1605 44.64371 11 3.202133
576.499 46.82337 11 3.235489
581.301 49.30258 11 3.268844
586.2589 51.78382 11 3.3022
591.0016 54.92011 11 3.335556
596.459 57.81504 11 3.368911
601.4735 60.52946 11 3.402267
607.08 64.296 11 3.435622
612.9918 67.44877 11 3.468978
617.718 70.48892 11 3.502333
622.4075 74.04009 11 3.535689
627.3344 76.64379 11 3.569044
632.1914 79.58677 11 3.6024
636.687 82.54002 11 3.635756
640.7572 86.26297 11 3.669111
644.7028 89.56204 11 3.702467
649.8274 92.41188 11 3.735822
654.5263 95.61312 11 3.769178
658.5609 98.88536 11 3.802533
663.6666 102.9245 11 3.835889
668.607 106.5724 11 3.869244
673.526 110.5079 11 3.9026
677.9355 114.3974 11 3.935956
681.7611 118.2572 11 3.969311
685.3667 122.1586 11 4.002667
689.3372 126.9872 11 4.036022
693.4131 132.0573 11 4.069378
697.0958 136.915 11 4.102733
700.5872 142.9314 11 4.136089
703.4859 147.9228 11 4.169444
706.1079 152.8967 11 4.2028
708.485 157.6611 11 4.236156
710.9793 162.8063 11 4.269511
713.926 168.2772 11 4.302867
715.8659 173.8466 11 4.336222
718.0205 179.2402 11 4.369578
719.8874 185.1256 11 4.402933
721.1717 191.2141 11 4.436289
722.6097 197.5968 11 4.469644
723.5008 204.0179 11 4.503
724.2579 209.9864 11 4.536356
724.556 216.2402 11 4.569711
724.9211 222.5507 11 4.603067
724.8801 228.8328 11 4.636422
724.5096 235.4396 11 4.669778
724.1974 241.3746 11 4.703133
723.3178 247.5184 11 4.736489
722.4862 253.6205 11 4.769844
720.992 260.122 11 4.8032
719.7322 265.7652 11 4.836556
718 271.124 11 4.869911
715.9927 276.7954 11 4.903267
713.9287 282.0622 11 4.936622
711.9849 287.7569 11 4.969978
709.5928 293.4178 11 5.003333
706.5705 299.2137 11 5.036689
703.9745 304.8248 11 5.070044
701.0186 309.7906 11 5.1034
698.169 314.5671 11 5.136756
694.9925 319.386 11 5.170111
691.3646 323.8904 11 5.203467
687.495 328.873 11 5.236822
684.2253 333.7172 11 5.270178
680.8012 338.3281 11 5.303533
677.2515 343.2683 11 5.336889
673.3153 348.0913 11 5.370244
669.3977 353.3059 11 5.4036
665.1805 358.2701 11 5.436956
660.5214 363.0896 11 5.470311
656.2474 367.5137 11 5.503667
651.6008 371.3675 11 5.537022
646.9197 375.0174 11 5.570378
642.0785 378.4751 11 5.603733
637.1236 381.6154 11 5.637089
632.0579 385.5379 11 5.670444
627.0511 389.1132 11 5.7038
621.2313 392.3863 11 5.737156
615.2603 395.5344 11 5.770511
609.7639 398.1301 11 5.803867
604.535 400.7141 11 5.837222
599.199 402.8979 11 5.870578
593.3123 405.3174 11 5.903933
588.4793 407.6144 11 5.937289
584.9704 410.0471 11 5.970644
581.0327 412.8638 11 6.004
575.8972 416.255 11 6.037356
571.52 419.0821 11 6.070711
566.5485 421.946 11 6.104067
562.6969 425.2292 11 6.137422
558.6897 428.3468 11 6.170778
554.2982 431.9613 11 6.204133
549.8323 435.762 11 6.237489
545.039 439.5579 11 6.270844
540.091 443.3622 11 6.3042
534.7649 447.08 11 6.337556
529.6539 450.8896 11 6.370911
526.6181 455.1126 11 6.404267
522.6091 458.957 11 6.437622
517.8807 462.797 11 6.470978
514.0191 465.2305 11 6.504333
512.5736 467.7485 11 6.537689
511.6518 469.8422 11 6.571044
510.6688 470.9611 11 6.6044
509.3245 472.3546 11 6.637756
508.218 473.9896 11 6.671111
506.3346 474.3802 11 6.704467
505.5984 475.882 11 6.737822
503.9241 476.2235 11 6.771178
502.1064 476.5101 11 6.804533
501.0457 476.6383 11 6.837889
498.55 476.8862 11 6.871244
496.1474 477.5953 11 6.9046
493.3767 477.7925 11 6.937956
490.7347 477.8914 11 6.971311
489.5157 477.8009 11 7.004667
488.1545 477.9233 11 7.038022
487.4009 477.734 11 7.071378
485.3201 476.6108 11 7.104733
483.9445 476.0132 11 7.138089
481.606 476.829 11 7.171444
479.8581 477.5996 11 7.2048
478.3111 477.933 11 7.238156
475.5646 478.8352 11 7.271511
472.7185 478.7546 11 7.304867
470.9122 479.7473 11 7.338222
469.419 480.6697 11 7.371578
467.4615 481.9957 11 7.404933
464.1195 483.6721 11 7.438289
459.8409 485.2975 11 7.471644
455.4582 487.608 11 7.505
454.1383 488.2318 11 7.538356
453.3241 490.2501 11 7.571711
451.4007 490.1969 11 7.605067
450.7589 492.4923 11 7.638422
449.971 493.6821 11 7.671778
447.0526 494.3023 11 7.705133
444.992 496.6889 11 7.738489
442.165 498.4106 11 7.771844
440.6633 499.4169 11 7.8052
438.4609 499.403 11 7.838556
434.947 500.7299 11 7.871911
432.1964 502.505 11 7.905267
428.674 503.4338 11 7.938622
425.8941 504.2273 11 7.971978
422.532 505.2184 11 8.005333
418.3755 505.7369 11 8.038689
414.9009 506.7385 11 8.072044
410.363 506.8953 11 8.1054
405.0746 507.3548 11 8.138756
399.1685 507.5202 11 8.172111
392.9225 507.6289 11 8.205467
386.2951 507.8255 11 8.238822
379.6779 508.1741 11 8.272178
372.8749 508.677 11 8.305533
366.5591 508.8588 11 8.338889
360.2205 509.1816 11 8.372244
353.2409 509.3427 11 8.4056
346.8017 509.8848 11 8.438956
340.2656 510.1192 11 8.472311
334.0879 510.2174 11 8.505667
327.4863 510.3156 11 8.539022
320.8568 510.2348 11 8.572378
314.1718 510.3605 11 8.605733
307.5075 510.5419 11 8.639089
301.0012 511.064 11 8.672444
294.7235 511.3798 11 8.7058
287.8668 511.4896 11 8.739156
281.5975 511.2881 11 8.772511
274.7486 510.9164 11 8.805867
268.3057 510.4149 11 8.839222
262.2155 510.0821 11 8.872578
256.0381 509.7524 11 8.905933
249.7626 509.3714 11 8.939289
243.7016 508.6716 11 8.972644
237.5438 507.486 11 9.006
230.8958 506.0692 11 9.039356
224.8423 504.1504 11 9.072711
218.7194 502.2539 11 9.106067
212.6876 500.893 11 9.139422
206.6425 499.2012 11 9.172778
200.1383 496.9868 11 9.206133
193.5965 494.6265 11 9.239489
187.4889 492.1289 11 9.272844
181.7872 489.5956 11 9.3062
176.4598 487.4063 11 9.339556
171.5372 484.8037 11 9.372911
166.4459 482.1703 11 9.406267
161.6912 479.1942 11 9.439622
156.754 475.9933 11 9.472978
151.8918 472.7574 11 9.506333
147.5161 469.3082 11 9.539689
143.114 465.8387 11 9.573044
138.1255 462.2214 11 9.6064
133.6762 458.9063 11 9.639756
129.087 454.7861 11 9.673111
123.9672 450.3016 11 9.706467
119.2693 446.2784 11 9.739822
114.5647 441.8721 11 9.773178
110.1429 437.443 11 9.806533
105.9341 432.7714 11 9.839889
101.6817 428.6972 11 9.873244
100.3364 424.8074 11 9.9066
99.29661 420.6289 11 9.939956
98.40815 415.2834 11 9.973311
97.96584 408.4684 11 10.00667
98.79803 402.2853 11 10.04002
98.7731 395.3777 11 10.07338
98.15627 389.2745 11 10.10673
98.28146 383.534 11 10.14009
99.50612 377.7375 11 10.17344
101.5884 371.8799 11 10.2068
102.6984 365.8656 11 10.24016
103.4648 360.0801 11 10.27351
104.2086 354.0638 11 10.30687
104.758 348.345 11 10.34022
105.0716 342.5614 11 10.37358
107.1626 336.6658 11 10.40693
108.581 330.4835 11 10.44029
109.731 324.2212 11 10.47364
111.7667 318.3165 11 10.507
114.0509 312.2494 11 10.54036
117.6897 305.1913 11 10.57371
120.8151 298.3159 11 10.60707
122.8743 291.5792 11 10.64042
124.0078 284.689 11 10.67378
125.7986 278.4184 11 10.70713
127.0801 272.3753 11 10.74049
127.3602 266.5126 11 10.77384
129.8972 260.4938 11 10.8072
132.7787 255.0749 11 10.84056
135.5345 249.1008 11 10.87391
138.3835 243.0561 11 10.90727
140.2507 237.0932 11 10.94062
141.8699 230.986 11 10.97398
143.2697 224.747 11 11.00733
145.6871 218.3913 11 11.04069
146.2175 212.3086 11 11.07404
146.6609 206.8493 11 11.1074
149.4745 204.4214 11 11.14076
154.3919 198.9992 11 11.17411
156.8022 192.7954 11 11.20747
159.0059 190.3723 11 11.24082
161.0788 186.5652 11 11.27418
163.7032 180.6955 11 11.30753
166.9726 178.4885 11 11.34089
171.286 173.9786 11 11.37424
173.9458 170.0133 11 11.4076
177.1225 163.8185 11 11.44096
181.1919 160.8756 11 11.47431
184.2359 156.3655 11 11.50767
186.8673 151.0229 11 11.54102
189.7122 146.892 11 11.57438
194.5023 143.9762 11 11.60773
200.0039 139.2773 11 11.64109
205.3342 133.5022 11 11.67444
208.8066 128.0118 11 11.7078
212.0717 123.4488 11 11.74116
214.8479 119.3585 11 11.77451
218.515 118.7823 11 11.80787
223.3717 116.3773 11 11.84122
227.8418 113.8389 11 11.87458
232.9139 110.6393 11 11.90793
237.657 108.2551 11 11.94129
242.8176 105.3317 11 11.97464
247.9458 103.0404 11 12.008
252.8959 101.3605 11 12.04136
258.393 99.40423 11 12.07471
263.564 97.66858 11 12.10807
269.5598 95.80253 11 12.14142
275.2833 94.48199 11 12.17478
281.3974 93.36113 11 12.20813
287.3393 92.67466 11 12.24149
293.1299 91.36718 11 12.27484
299.1091 91.03715 11 12.3082
305.4869 90.32183 11 12.34156
310.5383 90.78859 11 12.37491
316.1856 90.6904 11 12.40827
322.8426 91.0826 11 12.44162
328.2144 92.15566 11 12.47498
333.9483 93.47601 11 12.50833
338.7656 94.11401 11 12.54169
344.5961 94.94097 11 12.57504
350.5556 96.30512 11 12.6084
356.8035 97.74635 11 12.64176
362.8948 99.60871 11 12.67511
368.9579 101.5269 11 12.70847
374.7578 103.7104 11 12.74182
380.6901 106.0305 11 12.77518
386.2723 108.8646 11 12.80853
392.1098 112.0158 11 12.84189
397.2495 114.9733 11 12.87524
403.4885 118.5823 11 12.9086
407.7725 121.9203 11 12.94196
412.7874 125.4536 11 12.97531
418.3724 129.4863 11 13.00867
422.993 133.5985 11 13.04202
428.0886 137.8125 11 13.07538
432.1127 142.1912 11 13.10873
436.9202 147.0242 11 13.14209
440.638 151.3889 11 13.17544
444.5866 155.7351 11 13.2088
448.6515 160.3741 11 13.24216
452.5962 165.18 11 13.27551
456.7083 171.0924 11 13.30887
460.6037 176.6543 11 13.34222
463.6777 181.9426 11 13.37558
466.7945 187.3128 11 13.40893
469.68 192.818 11 13.44229
472.139 198.1791 11 13.47564
474.9885 204.4573 11 13.509
477.0886 210.2634 11 13.54236
478.9667 216.5285 11 13.57571
480.4511 222.4593 11 13.60907
481.6773 228.425 11 13.64242
482.8891 234.6227 11 13.67578
483.9185 241.3016 11 13.70913
484.509 248.2073 11 13.74249
485.1742 254.9891 11 13.77584
485.5177 261.767 11 13.8092
485.516 268.5151 11 13.84256
485.2388 275.3124 11 13.87591
484.9617 281.8052 11 13.90927
485.9266 286.7846 11 13.94262
487.1736 292.3577 11 13.97598
490.4725 297.1853 11 14.00933
494.4363 302.2071 11 14.04269
498.4004 307.6064 11 14.07604
503.7189 312.8207 11 14.1094
507.8091 318.0473 11 14.14276
510.8463 323.9566 11 14.17611
513.2853 327.4871 11 14.20947
515.2671 330.2156 11 14.24282
517.2853 333.2236 11 14.27618
519.857 336.3453 11 14.30953
522.7619 338.8956 11 14.34289
526.008 341.8958 11 14.37624
529.8577 346.0268 11 14.4096
533.9799 350.7898 11 14.44296
538.3134 355.6089 11 14.47631
542.8892 359.4788 11 14.50967
548.2494 362.9871 11 14.54302
553.1507 366.9599 11 14.57638
558.0459 371.4367 11 14.60973
562.1939 375.8673 11 14.64309
566.7449 379.9745 11 14.67644
571.026 384.4242 11 14.7098
575.2846 389.0096 11 14.74316
579.1379 393.9386 11 14.77651
583.8377 399.2054 11 14.80987
588.2452 404.6345 11 14.84322
592.1566 409.951 11 14.87658
595.4763 415.1203 11 14.90993
598.7158 420.2765 11 14.94329
601.825 426.0448 11 14.97664
604.9656 432.7087 11 15.01
607.6088 438.9691 11 15.04336
610.1302 444.5319 11 15.07671
611.9411 450.2651 11 15.11007
613.7113 455.9037 11 15.14342
615.0415 461.6924 11 15.17678
616.48 467.8881 11 15.21013
617.8099 474.2556 11 15.24349
619.3608 480.9411 11 15.27684
620.6696 487.8423 11 15.3102
621.5228 494.4662 11 15.34356
622.1019 501.0968 11 15.37691
622.6938 508.0389 11 15.41027
623.2192 515.3381 11 15.44362
623.3021 522.175 11 15.47698
623.0439 529.3793 11 15.51033
622.6797 535.932 11 15.54369
622.2155 542.0583 11 15.57704
621.0688 548.2069 11 15.6104
619.9504 554.1616 11 15.64376
618.3456 560.5022 11 15.67711
616.8891 566.5535 11 15.71047
615.2763 572.3376 11 15.74382
613.6144 578.2173 11 15.77718
611.6002 584.111 11 15.81053
609.563 590.3188 11 15.84389
607.2352 596.231 11 15.87724
604.5678 602.4169 11 15.9106
601.6952 608.6592 11 15.94396
598.2486 614.5079 11 15.97731
595.102 620.3687 11 16.01067
591.6324 626.4669 11 16.04402
587.621 632.4669 11 16.07738
583.7648 637.8599 11 16.11073
579.5165 643.4294 11 16.14409
574.96 648.9408 11 16.17744
570.4634 653.4587 11 16.2108
565.6453 658.3149 11 16.24416
560.5498 662.6643 11 16.27751
555.2499 666.7658 11 16.31087
550.081 670.4733 11 16.34422
544.7717 673.9591 11 16.37758
539.3434 677.1755 11 16.41093
533.8502 680.6626 11 16.44429
528.0164 683.234 11 16.47764
521.7703 685.7421 11 16.511
515.6677 688.5091 11 16.54436
509.8333 690.5829 11 16.57771
504.1081 692.4131 11 16.61107
498.452 694.0758 11 16.64442
492.5105 695.5864 11 16.67778
486.5827 697.4718 11 16.71113
480.1968 699.0766 11 16.74449
473.7622 700.5491 11 16.77784
466.8944 701.7554 11 16.8112
460.1276 702.4747 11 16.84456
453.5588 702.8989 11 16.87791
446.9178 703.2728 11 16.91127
440.4308 703.2568 11 16.94462
434.2762 703.5366 11 16.97798
427.6714 703.7015 11 17.01133
421.0369 704.1058 11 17.04469
414.4803 704.6927 11 17.07804
407.6759 704.4297 11 17.1114
401.189 704.6902 11 17.14476
394.9494 704.6683 11 17.17811
388.3871 704.5208 11 17.21147
381.8186 704.3265 11 17.24482
375.009 704.0648 11 17.27818
368.5788 703.6479 11 17.31153
362.0668 702.7658 11 17.34489
355.5466 701.5021 11 17.37824
348.9353 700.1998 11 17.4116
342.2547 698.3308 11 17.44496
335.8887 696.349 11 17.47831
329.6807 693.7382 11 17.51167
323.7518 691.277 11 17.54502
318.0205 688.9513 11 17.57838
312.1412 686.5434 11 17.61173
306.8543 683.7585 11 17.64509
301.5208 680.7668 11 17.67844
296.3048 677.1943 11 17.7118
290.5926 673.7961 11 17.74516
285.6644 670.1921 11 17.77851
280.7684 666.1146 11 17.81187
275.6617 661.4975 11 17.84522
270.821 655.77 11 17.87858
266.8572 651.1159 11 17.91193
263.2509 645.9758 11 17.94529
259.8522 641.3628 11 17.97864
257.0883 636.1098 11 18.012
253.9487 631.1753 11 18.04536
251.2564 625.6333 11 18.07871
248.6312 620.4163 11 18.11207
246.1811 614.8632 11 18.14542
244.0515 609.8382 11 18.17878
242.4158 604.38 11 18.21213
240.6555 599.1941 11 18.24549
238.6844 593.8502 11 18.27884
236.4391 588.2149 11 18.3122
233.9396 582.3782 11 18.34556
232.6589 575.9318 11 18.37891
234.0784 569.1297 11 18.41227
234.6506 562.2306 11 18.44562
235.0283 555.3701 11 18.47898
236.2421 549.2795 11 18.51233
238.8967 543.7734 11 18.54569
240.813 537.4031 11 18.57904
242.3023 530.7968 11 18.6124
243.9948 524.8039 11 18.64576
245.7489 518.8032 11 18.67911
247.1916 512.3408 11 18.71247
248.8856 506.2662 11 18.74582
250.4831 500.3495 11 18.77918
252.0998 494.0172 11 18.81253
254.0816 487.9615 11 18.84589
255.92 481.9239 11 18.87924
257.9636 475.4055 11 18.9126
261.0977 469.6665 11 18.94596
265.0857 463.8485 11 18.97931
267.5801 458.0208 11 19.01267
269.67 452.131 11 19.04602
271.3591 446.4286 11 19.07938
273.3139 440.6398 11 19.11273
275.0484 434.4824 11 19.14609
277.4432 428.9821 11 19.17944
280.3935 423.6417 11 19.2128
283.4774 417.9285 11 19.24616
286.2819 411.7378 11 19.27951
288.6354 405.8191 11 19.31287
292.2593 400.3598 11 19.34622
295.5491 394.1924 11 19.37958
298.0126 388.4638 11 19.41293
300.1741 382.8316 11 19.44629
302.021 376.5828 11 19.47964
304.2758 370.6894 11 19.513
306.2744 364.9017 11 19.54636
308.1929 359.197 11 19.57971
311.426 353.5122 11 19.61307
315.4565 348.455 11 19.64642
319.3153 342.9895 11 19.67978
322.5385 337.3198 11 19.71313
325.2524 332.6256 11 19.74649
328.0167 327.0353 11 19.77984
331.1242 321.5943 11 19.8132
336.3302 316.5446 11 19.84656
340.5375 311.0015 11 19.87991
344.4469 305.3417 11 19.91327
348.0254 299.8439 11 19.94662
351.513 294.8879 11 19.97998
354.8666 290.105 11 20.01333
358.5014 284.9789 11 20.04669
362.0402 280.5221 11 20.08004
365.9165 275.3798 11 20.1134
369.8151 270.4455 11 20.14676
373.6451 265.8457 11 20.18011
377.748 260.9479 11 20.21347
382.8233 257.393 11 20.24682
388.1993 253.5078 11 20.28018
392.7077 249.0759 11 20.31353
396.735 244.1602 11 20.34689
400.9072 238.4999 11 20.38024
404.9674 233.0564 11 20.4136
408.9705 227.9904 11 20.44696
412.898 223.1613 11 20.48031
417.1884 218.3814 11 20.51367
422.1642 213.5971 11 20.54702
426.6157 209.3051 11 20.58038
430.9574 205.6998 11 20.61373
435.6004 202.1892 11 20.64709
440.5164 198.4592 11 20.68044
445.3798 194.9789 11 20.7138
450.7252 191.8338 11 20.74716
456.6114 188.593 11 20.78051
462.2365 184.7035 11 20.81387
467.6355 181.6508 11 20.84722
472.8338 178.8553 11 20.88058
478.6112 176.6878 11 20.91393
484.2344 174.6331 11 20.94729
490.0189 172.9858 11 20.98064
496.3384 172.1089 11 21.014
502.7052 171.277 11 21.04736
508.9106 170.9019 11 21.08071
515.2499 170.6811 11 21.11407
520.8636 170.9393 11 21.14742
527.6139 170.8736 11 21.18078
533.1485 170.1577 11 21.21413
539.3818 170.1998 11 21.24749
545.5893 170.6462 11 21.28084
551.5214 170.7611 11 21.3142
557.5023 171.0302 11 21.34756
563.6155 171.5465 11 21.38091
569.0392 171.8302 11 21.41427
575.3773 171.7918 11 21.44762
581.4882 171.5958 11 21.48098
587.9268 171.3587 11 21.51433
594.3021 171.3258 11 21.54769
600.486 171.8918 11 21.58104
606.7802 172.767 11 21.6144
612.1257 174.1936 11 21.64776
618.0335 175.1819 11 21.68111
623.5735 176.4483 11 21.71447
629.281 178.0581 11 21.74782
634.5032 180.0088 11 21.78118
639.6357 182.1682 11 21.81453
644.9937 184.2938 11 21.84789
650.3503 186.4025 11 21.88124
655.8264 189.0629 11 21.9146
661.6762 191.3817 11 21.94796
667.3009 194.1253 11 21.98131
673.0061 196.9072 11 22.01467
678.284 199.6379 11 22.04802
684.214 202.4285 11 22.08138
690.0243 204.7374 11 22.11473
695.2386 206.8775 11 22.14809
700.346 209.2671 11 22.18144
705.196 211.7474 11 22.2148
710.5389 214.6241 11 22.24816
715.6791 217.1606 11 22.28151
721.2568 220.2537 11 22.31487
726.4895 223.1393 11 22.34822
732.0499 225.9454 11 22.38158
737.7759 228.6157 11 22.41493
743.1271 231.4596 11 22.44829
748.4826 234.3954 11 22.48164
753.4162 237.7033 11 22.515
758.4677 240.9817 11 22.54836
762.9913 244.1272 11 22.58171
767.0899 247.5132 11 22.61507
770.9199 251.0609 11 22.64842
775.1163 254.9408 11 22.68178
779.6535 259.2332 11 22.71513
784.668 263.8419 11 22.74849
788.8387 268.2445 11 22.78184
793.6515 272.6436 11 22.8152
798.1481 277.2984 11 22.84856
802.5033 282.1311 11 22.88191
806.3612 287.3929 11 22.91527
810.1691 293.0784 11 22.94862
813.5431 298.7328 11 22.98198
816.6523 304.434 11 23.01533
819.4585 310.1662 11 23.04869
821.8316 315.535 11 23.08204
824.3928 321.1833 11 23.1154
826.8683 327.0646 11 23.14876
828.8068 332.4985 11 23.18211
831.0303 338.2629 11 23.21547
833.186 343.7316 11 23.24882
835.1422 349.728 11 23.28218
836.7314 355.5504 11 23.31553
837.9649 361.292 11 23.34889
839.4164 366.6914 11 23.38224
840.5607 372.681 11 23.4156
841.9068 378.7452 11 23.44896
842.765 385.2336 11 23.48231
843.8098 391.3233 11 23.51567
844.349 397.4137 11 23.54902
844.9425 404.0487 11 23.58238
845.1912 410.4467 11 23.61573
844.9083 416.4734 11 23.64909
844.5739 422.8535 11 23.68244
844.3252 428.6152 11 23.7158
843.6197 434.683 11 23.74916
842.5472 441.2846 11 23.78251
841.3016 448.2936 11 23.81587
840.0115 454.8343 11 23.84922
838.3011 460.9769 11 23.88258
836.5275 466.8224 11 23.91593
834.5772 472.5935 11 23.94929
832.327 477.9627 11 23.98264
830.0428 483.5293 11 24.016
826.6353 489.66 11 24.04936
823.3847 495.0175 11 24.08271
819.6201 500.4902 11 24.11607
815.9749 505.7036 11 24.14942
812.2134 510.5464 11 24.18278
808.3083 515.3611 11 24.21613
804.2277 519.991 11 24.24949
800.3525 524.6754 11 24.28284
796.1152 529.4129 11 24.3162
791.7729 534.0341 11 24.34956
787.5395 538.2895 11 24.38291
783.4039 542.5149 11 24.41627
779.2715 546.8953 11 24.44962
774.9598 551.0385 11 24.48298
770.566 555.0327 11 24.51633
766.3809 558.9422 11 24.54969
761.5071 562.9315 11 24.58304
756.5043 566.7018 11 24.6164
751.654 570.2032 11 24.64976
746.7584 573.243 11 24.68311
741.9522 575.8856 11 24.71647
736.7952 578.7714 11 24.74982
731.6049 581.7352 11 24.78318
726.3438 584.4298 11 24.81653
720.0522 587.1619 11 24.84989
713.7719 590.0902 11 24.88324
707.7315 592.6094 11 24.9166
701.7566 594.5309 11 24.94996
695.8273 595.7398 11 24.98331
690.0682 596.7825 11 25.01667
684.0198 597.6292 11 25.05002
677.6698 598.0682 11 25.08338
671.8285 597.9791 11 25.11673
665.6474 598.0232 11 25.15009
659.4449 597.8289 11 25.18344
652.9697 597.3288 11 25.2168
646.2592 596.6498 11 25.25016
640.0978 595.8741 11 25.28351
633.7046 594.5412 11 25.31687
627.6315 592.973 11 25.35022
621.8141 591.3394 11 25.38358
616.0829 589.7916 11 25.41693
610.3302 588.0723 11 25.45029
604.4603 586.1883 11 25.48364
599.1638 583.5351 11 25.517
596.9184 582.1593 11 25.55036
595.028 581.0198 11 25.58371
594.3926 579.7124 11 25.61707
593.8812 578.7025 11 25.65042
593.2604 577.5758 11 25.68378
592.4663 576.7633 11 25.71713
591.8119 574.8703 11 25.75049
591.4464 573.4077 11 25.78384
589.7661 572.1184 11 25.8172
587.6902 571.112 11 25.85056
586.11 569.5064 11 25.88391
584.1243 567.4477 11 25.91727
581.7265 566.9394 11 25.95062
578.2921 565.5011 11 25.98398
575.3248 564.3355 11 26.01733
571.3864 562.4686 11 26.05069
566.2709 560.8915 11 26.08404
563.5793 560.1727 11 26.1174
559.0419 558.5836 11 26.15076
554.1486 558.6879 11 26.18411
549.2705 559.2455 11 26.21747
544.0745 557.6989 11 26.25082
537.7368 557.1605 11 26.28418
531.9078 556.844 11 26.31753
529.9399 556.9979 11 26.35089
529.512 558.4414 11 26.38424
529.227 558.9318 11 26.4176
527.9197 558.5692 11 26.45096
521.5867 560.3037 11 26.48431
521.5867 560.3037 11 26.51767
518.0679 562.1827 11 26.55102
507.7388 566.5755 11 26.58438
507.7388 566.5755 11 26.61773
505.2429 568.1109 11 26.65109
499.5939 570.6772 11 26.68444
499.5939 570.6772 11 26.7178
498.1138 572.5872 11 26.75116
492.2684 573.9696 11 26.78451
492.2684 573.9696 11 26.81787
490.3995 575.7496 11 26.85122
485.0686 577.5672 11 26.88458
485.0686 577.5672 11 26.91793
477.9928 579.8439 11 26.95129
474.5269 581.1762 11 26.98464
474.5269 581.1762 11 27.018
464.7097 582.3725 11 27.05136
459.599 583.3505 11 27.08471
459.599 583.3505 11 27.11807
454.0865 583.5753 11 27.15142
450.7021 583.1481 11 27.18478
450.7021 583.1481 11 27.21813
441.7367 584.1162 11 27.25149
435.2848 584.2944 11 27.28484
435.2848 584.2944 11 27.3182
423.424 588.2778 11 27.35156
417.2437 591.4734 11 27.38491
417.2437 591.4734 11 27.41827
405.8109 596.869 11 27.45162
399.4828 599.7667 11 27.48498
393.6731 602.4933 11 27.51833
387.3118 605.058 11 27.55169
381.5581 607.0911 11 27.58504
375.3704 609.4077 11 27.6184
369.2748 611.2304 11 27.65176
362.6536 613.1302 11 27.68511
355.9225 614.7362 11 27.71847
349.1257 616.4332 11 27.75182
342.2369 617.586 11 27.78518
335.4319 618.1011 11 27.81853
328.8674 618.4669 11 27.85189
322.6877 618.8606 11 27.88524
316.3298 618.8863 11 27.9186
309.9997 618.7976 11 27.95196
303.3999 618.476 11 27.98531
296.9865 618.3048 11 28.01867
290.8662 618.5969 11 28.05202
284.6295 618.7019 11 28.08538
278.1213 618.1828 11 28.11873
271.2452 617.2463 11 28.15209
264.5263 616.4773 11 28.18544
257.9532 615.7169 11 28.2188
251.4799 614.6173 11 28.25216
245.2214 613.4456 11 28.28551
238.76 611.6985 11 28.31887
231.9955 609.8062 11 28.35222
225.359 607.8992 11 28.38558
219.2107 606.1809 11 28.41893
213.2644 603.8558 11 28.45229
207.2127 601.8923 11 28.48564
201.0059 599.4749 11 28.519
195.0743 596.887 11 28.55236
189.1633 594.1966 11 28.58571
183.5275 590.8688 11 28.61907
177.9534 587.9918 11 28.65242
172.892 584.9557 11 28.68578
167.507 581.7122 11 28.71913
162.867 578.2244 11 28.75249
157.4515 574.6092 11 28.78584
152.8741 571.0976 11 28.8192
147.6825 567.2455 11 28.85256
142.2466 562.7013 11 28.88591
137.2477 558.0289 11 28.91927
132.7761 553.4895 11 28.95262
128.3897 549.043 11 28.98598
124.4203 544.6155 11 29.01933
120.3808 540.0683 11 29.05269
116.6507 534.8482 11 29.08604
112.9655 529.9706 11 29.1194
109.4678 524.4884 11 29.15276
106.3524 518.816 11 29.18611
103.6543 513.4043 11 29.21947
101.2505 507.9592 11 29.25282
99.27456 503.0454 11 29.28618
99.78051 500.1716 11 29.31953
101.1555 494.2276 11 29.35289
102.8885 488.3713 11 29.38624
104.6486 481.6516 11 29.4196
106.6809 475.2386 11 29.45296
109.0387 468.9743 11 29.48631
111.7108 463.4592 11 29.51967
114.7533 458.0506 11 29.55302
117.9232 452.4543 11 29.58638
121.2386 446.8926 11 29.61973
124.6355 441.6741 11 29.65309
128.4951 435.534 11 29.68644
132.3366 430.7311 11 29.7198
136.6035 425.771 11 29.75316
140.6963 421.0082 11 29.78651
144.8758 416.4913 11 29.81987
149.0787 411.6442 11 29.85322
153.4965 406.8683 11 29.88658
157.6442 402.9553 11 29.91993
162.3696 398.4406 11 29.95329
167.4758 393.9095 11 29.98664
172.7802 389.5086 11 30.02
178.0439 385.457 11 30.05336
183.2048 381.8663 11 30.08671
188.1776 378.3569 11 30.12007
193.4543 375.0294 11 30.15342
198.6723 371.6164 11 30.18678
204.1653 368.0349 11 30.22013
209.4725 364.5973 11 30.25349
215.1312 361.282 11 30.28684
220.8422 358.205 11 30.3202
226.5463 355.2871 11 30.35356
232.5598 352.6419 11 30.38691
238.3874 350.5305 11 30.42027
244.0272 348.7426 11 30.45362
250.1879 347.0269 11 30.48698
256.4221 345.3419 11 30.52033
262.8813 344.2053 11 30.55369
269.5757 342.8659 11 30.58704
276.3906 341.7859 11 30.6204
282.618 341.0998 11 30.65376
288.0168 339.1688 11 30.68711
292.9231 336.8839 11 30.72047
298.3151 334.3026 11 30.75382
304.4149 330.969 11 30.78718
309.992 328.0771 11 30.82053
315.8988 325.7062 11 30.85389
322.0625 323.6965 11 30.88724
328.9372 321.5184 11 30.9206
334.9084 317.5385 11 30.95396
340.3406 313.9941 11 30.98731
345.9681 311.6085 11 31.02067
352.0266 309.7038 11 31.05402
357.8938 308.3029 11 31.08738
364.0982 307.0021 11 31.12073
370.3457 306.0202 11 31.15409
376.2944 305.2881 11 31.18744
382.461 304.3445 11 31.2208
388.549 302.7292 11 31.25416
394.9751 301.635 11 31.28751
401.7807 300.4661 11 31.32087
407.8533 299.7212 11 31.35422
413.8665 298.1723 11 31.38758
420.1323 296.8537 11 31.42093
426.9495 295.0966 11 31.45429
433.466 293.8205 11 31.48764
438.922 290.3852 11 31.521
445.0998 286.725 11 31.55436
450.7559 283.4199 11 31.58771
456.5635 280.2119 11 31.62107
461.7187 277.4564 11 31.65442
466.8203 275.0808 11 31.68778
472.3729 271.9671 11 31.72113
478.2256 269.2217 11 31.75449
483.9127 266.4792 11 31.78784
490.0668 263.4752 11 31.8212
496.2633 260.8284 11 31.85456
502.3253 258.5694 11 31.88791
508.4251 256.6317 11 31.92127
514.2734 255.0398 11 31.95462
520.3952 253.783 11 31.98798
526.574 252.3809 11 32.02133
532.7321 251.2693 11 32.05469
539.3733 250.2115 11 32.08804
546.1267 249.606 11 32.1214
552.3468 249.1104 11 32.15476
558.705 248.8903 11 32.18811
564.6671 248.948 11 32.22147
571.1225 249.3005 11 32.25482
577.6403 249.8482 11 32.28818
583.6439 250.7816 11 32.32153
589.6678 251.8147 11 32.35489
595.6994 252.7739 11 32.38824
601.6139 254.2129 11 32.4216
607.6395 255.8174 11 32.45496
613.7611 257.6286 11 32.48831
620.0131 259.5322 11 32.52167
626.2935 261.4441 11 32.55502
632.2376 263.0954 11 32.58838
638.3848 265.0164 11 32.62173
644.1661 266.2863 11 32.65509
650.3806 267.5807 11 32.68844
656.5119 268.9273 11 32.7218
663.0749 270.8234 11 32.75516
669.6346 272.9436 11 32.78851
675.8909 275.1517 11 32.82187
681.5975 277.1349 11 32.85522
687.168 279.7435 11 32.88858
692.38 282.5415 11 32.92193
697.5692 285.3206 11 32.95529
703.145 288.4094 11 32.98864
708.0375 291.6354 11 33.022
713.6051 295.1383 11 33.05536
719.1749 299.2919 11 33.08871
724.4839 302.888 11 33.12207
729.3063 306.9903 11 33.15542
733.8168 311.2677 11 33.18878
738.5599 316.068 11 33.22213
742.6566 320.6163 11 33.25549
746.2983 325.3309 11 33.28884
749.4754 330.0094 11 33.3222
753.1751 335.4532 11 33.35556
756.7744 341.0019 11 33.38891
760.1119 347.0164 11 33.42227
762.8445 352.7186 11 33.45562
765.3916 358.3878 11 33.48898
767.7075 364.1738 11 33.52233
769.2998 370.1894 11 33.55569
770.9223 375.6465 11 33.58904
772.0886 381.3142 11 33.6224
773.1395 387.3092 11 33.65576
774.0709 393.665 11 33.68911
774.7045 399.9794 11 33.72247
775.2262 406.6676 11 33.75582
775.4125 413.388 11 33.78918
775.3991 419.2399 11 33.82253
775.3105 425.4211 11 33.85589
774.8719 431.4857 11 33.88924
774.2353 437.6427 11 33.9226
773.2998 444.159 11 33.95596
772.5289 450.5057 11 33.98931
771.7776 457 11 34.02267
771.2125 463.3607 11 34.05602
771.1528 469.1997 11 34.08938
770.3191 475.7881 11 34.12273
769.3731 482.1995 11 34.15609
768.121 488.2861 11 34.18944
767.2225 494.9316 11 34.2228
765.8828 500.6502 11 34.25616
764.9195 506.5074 11 34.28951
763.1658 513.1996 11 34.32287
761.2776 519.1229 11 34.35622
759.7916 525.2802 11 34.38958
757.5603 531.2416 11 34.42293
755.3387 537.2409 11 34.45629
752.785 543.223 11 34.48964
750.0789 549.2825 11 34.523
746.6147 555.2604 11 34.55636
743.3918 560.9703 11 34.58971
740.2721 566.1632 11 34.62307
736.84 571.1653 11 34.65642
733.6165 576.2687 11 34.68978
729.9617 581.3289 11 34.72313
726.1671 585.9189 11 34.75649
722.0751 590.9741 11 34.78984
717.232 595.9285 11 34.8232
712.5135 600.4191 11 34.85656
707.9993 604.6858 11 34.88991
703.1461 608.7356 11 34.92327
697.9078 613.0369 11 34.95662
692.3998 617.0803 11 34.98998
686.8611 620.9771 11 35.02333
681.0674 624.3741 11 35.05669
675.6735 627.5323 11 35.09004
670.1795 630.55 11 35.1234
664.0593 633.2104 11 35.15676
658.0118 635.8061 11 35.19011
652.2724 637.7299 11 35.22347
646.4988 639.4534 11 35.25682
640.1483 641.2934 11 35.29018
634.065 643.032 11 35.32353
628.2762 644.8595 11 35.35689
622.0236 646.6423 11 35.39024
615.5844 647.8465 11 35.4236
609.2319 649.2939 11 35.45696
602.7004 650.6895 11 35.49031
596.1475 651.4024 11 35.52367
589.8187 651.7173 11 35.55702
583.1294 651.8592 11 35.59038
576.8154 651.9424 11 35.62373
570.8728 651.8691 11 35.65709
564.7183 651.9693 11 35.69044
558.6172 652.1643 11 35.7238
552.1397 652.202 11 35.75716
546.0774 652.7792 11 35.79051
539.6799 653.007 11 35.82387
532.9474 652.7098 11 35.85722
526.4716 652.6178 11 35.89058
520.4308 652.3302 11 35.92393
514.0006 651.6571 11 35.95729
507.9973 651.2103 11 35.99064
504.1871 649.8417 11 36.024
499.8624 648.3047 11 36.05736
495.1289 645.7283 11 36.09071
490.8715 642.7276 11 36.12407
487.0595 639.1728 11 36.15742
484.0361 634.6079 11 36.19078
480.5942 630.3364 11 36.22413
476.7577 625.5159 11 36.25749
472.8652 620.2664 11 36.29084
469.1083 615.5388 11 36.3242
466.0365 609.8205 11 36.35756
462.9152 605.1755 11 36.39091
458.7311 601.656 11 36.42427
453.7933 597.6735 11 36.45762
449.3821 593.6043 11 36.49098
444.6122 589.1754 11 36.52433
440.7038 585.745 11 36.55769
438.6374 582.5568 11 36.59104
435.4729 578.4198 11 36.6244
433.7888 574.1122 11 36.65776
432.4712 568.6989 11 36.69111
431.1492 563.2697 11 36.72447
429.214 557.5208 11 36.75782
426.9446 551.4382 11 36.79118
424.7388 545.8883 11 36.82453
423.1077 539.5395 11 36.85789
422.1035 533.1584 11 36.89124
420.5535 526.7143 11 36.9246
419.7449 520.6626 11 36.95796
420.7119 515.0819 11 36.99131
421.0049 509.6873 11 37.02467
421.4547 503.9499 11 37.05802
421.6694 497.8972 11 37.09138
422.9433 492.9069 11 37.12473
423.9306 487.5288 11 37.15809
425.0015 481.9656 11 37.19144
425.383 475.3119 11 37.2248
425.243 469.1056 11 37.25816
425.2023 463.1007 11 37.29151
425.0395 456.7362 11 37.32487
424.8032 450.1562 11 37.35822
425.3737 444.1218 11 37.39158
426.5278 438.4934 11 37.42493
428.2915 432.5378 11 37.45829
430.3974 426.3325 11 37.49164
432.8525 420.0834 11 37.525
436.5665 415.1112 11 37.55836
439.7875 409.7397 11 37.59171
441.8256 404.6874 11 37.62507
442.8039 401.6029 11 37.65842
444.0218 396.8649 11 37.69178
444.5921 392.9862 11 37.72513
445.6526 387.8676 11 37.75849
446.4451 381.8517 11 37.79184
447.1609 375.7032 11 37.8252
447.5687 369.7983 11 37.85856
448.4215 364.0465 11 37.89191
448.8915 357.7459 11 37.92527
449.3979 351.5521 11 37.95862
450.2716 345.1833 11 37.99198
451.3462 338.9485 11 38.02533
452.2797 332.423 11 38.05869
454.0779 325.9576 11 38.09204
455.656 320.7078 11 38.1254
457.3344 315.4463 11 38.15876
459.6796 310.4232 11 38.19211
461.7654 305.4358 11 38.22547
464.3086 299.9225 11 38.25882
466.7582 294.4564 11 38.29218
469.6606 288.5685 11 38.32553
472.5428 282.6574 11 38.35889
475.5632 277.4172 11 38.39224
478.6609 272.757 11 38.4256
482.0125 267.7856 11 38.45896
485.4777 263.0194 11 38.49231
488.6256 258.1096 11 38.52567
491.7859 253.3407 11 38.55902
495.387 248.308 11 38.59238
499.3432 243.1048 11 38.62573
503.2475 238.5092 11 38.65909
507.3842 234.3202 11 38.69244
511.386 230.6737 11 38.7258
515.4273 227.0445 11 38.75916
519.6088 223.251 11 38.79251
523.5477 219.4067 11 38.82587
527.7851 215.5126 11 38.85922
532.3569 211.7843 11 38.89258
536.7049 208.1193 11 38.92593
541.7902 205.1399 11 38.95929
547.1711 201.8159 11 38.99264
552.2515 198.3134 11 39.026
556.9213 194.8582 11 39.05936
561.9887 191.3192 11 39.09271
566.682 188.6425 11 39.12607
571.4015 185.7217 11 39.15942
576.2667 182.5704 11 39.19278
580.6946 179.7633 11 39.22613
585.2525 176.5195 11 39.25949
590.3237 173.3973 11 39.29284
595.0008 170.2955 11 39.3262
599.9481 166.8114 11 39.35956
604.9672 163.6337 11 39.39291
609.9352 160.7518 11 39.42627
614.8873 158.0505 11 39.45962
619.8074 155.4689 11 39.49298
625.5055 152.7872 11 39.52633
630.5022 150.4392 11 39.55969
636.1618 148.0069 11 39.59304
641.3116 146.2413 11 39.6264
647.0486 144.7366 11 39.65976
652.7643 143.61 11 39.69311
659.0616 142.4893 11 39.72647
664.8932 141.5504 11 39.75982
670.2062 141.1368 11 39.79318
676.1309 140.4919 11 39.82653
682.3275 140.1853 11 39.85989
688.9802 140.1056 11 39.89324
695.6834 140.4627 11 39.9266
701.7879 140.9375 11 39.95996
707.5108 141.6398 11 39.99331
713.6144 142.7116 11 40.02667
719.6395 143.8144 11 40.06002
725.5628 144.7069 11 40.09338
731.3081 146.1735 11 40.12673
737.0157 146.8894 11 40.16009
742.539 148.0987 11 40.19344
748.1304 149.2629 11 40.2268
754.3886 150.4789 11 40.26016
760.4522 151.9281 11 40.29351
766.7182 153.3569 11 40.32687
771.7748 154.924 11 40.36022
777.7099 156.3334 11 40.39358
783.5776 158.3573 11 40.42693
789.6122 160.6122 11 40.46029
795.3673 163.0014 11 40.49364
801.4495 165.8567 11 40.527
807.5393 169.0277 11 40.56036
812.7167 172.0587 11 40.59371
817.6076 175.3587 11 40.62707
822.223 179.0684 11 40.66042
827.44 183.3909 11 40.69378
832.5498 187.4253 11 40.72713
834.6923 192.3048 11 40.76049
836.5019 198.3304 11 40.79384
840.2288 204.2237 11 40.8272
844.4772 209.5073 11 40.86056
848.9041 214.0293 11 40.89391
853.4823 218.821 11 40.92727
857.8663 223.1689 11 40.96062
862.2333 227.7896 11 40.99398
865.2407 232.1942 11 41.02733
868.3186 236.651 11 41.06069
871.4897 242.4512 11 41.09404
874.3839 247.2061 11 41.1274
877.8178 252.4326 11 41.16076
880.7437 257.548 11 41.19411
883.1447 263.969 11 41.22747
885.5026 270.2953 11 41.26082
888.527 276.2142 11 41.29418
891.2886 281.7796 11 41.32753
893.8871 287.4189 11 41.36089
897.1084 293.1629 11 41.39424
900.1369 298.7519 11 41.4276
902.9088 304.1745 11 41.46096
905.8354 310.0813 11 41.49431
907.2859 316.0445 11 41.52767
909.0673 321.8971 11 41.56102
911.4472 327.5892 11 41.59438
913.8794 333.1973 11 41.62773
916.1982 338.9223 11 41.66109
918.0354 344.5661 11 41.69444
917.6285 350.1809 11 41.7278
918.5713 356.0977 11 41.76116
920.6322 362.7878 11 41.79451
923.3544 368.5216 11 41.82787
925.838 374.1852 11 41.86122
926.4579 379.3998 11 41.89458
924.2388 384.7833 11 41.92793
923.5671 391.05 11 41.96129
923.965 397.9841 11 41.99464
925.3356 404.597 11 42.028
926.5367 410.5759 11 42.06136
927.962 416.9247 11 42.09471
928.9135 423.1347 11 42.12807
929.9754 429.1531 11 42.16142
930.9763 435.4786 11 42.19478
931.8064 441.6233 11 42.22813
932.6765 448.1557 11 42.26149
933.8621 453.7999 11 42.29484
934.7878 459.8822 11 42.3282
936.0866 466.1585 11 42.36156
937.1987 472.4693 11 42.39491
937.5011 478.1097 11 42.42827
934.7232 484.2651 11 42.46162
932.9222 490.3399 11 42.49498
932.4307 496.7653 11 42.52833
932.1167 502.6302 11 42.56169
931.6686 508.8572 11 42.59504
930.9737 514.902 11 42.6284
930.3008 521.452 11 42.66176
928.8985 528.056 11 42.69511
927.8835 534.5854 11 42.72847
926.1731 540.6604 11 42.76182
924.2165 547.304 11 42.79518
922.0397 553.3557 11 42.82853
919.5089 559.5678 11 42.86189
916.988 565.7045 11 42.89524
914.1884 570.9942 11 42.9286
911.2235 576.7479 11 42.96196
908.0137 582.7044 11 42.99531
904.6636 587.8767 11 43.02867
901.4191 592.9466 11 43.06202
897.847 598.1196 11 43.09538
894.0562 603.2654 11 43.12873
888.3418 605.445 11 43.16209
883.04 607.902 11 43.19544
877.8385 611.7599 11 43.2288
872.8837 615.8627 11 43.26216
867.6562 620.4679 11 43.29551
862.8454 624.8404 11 43.32887
858.1471 629.1036 11 43.36222
853.7009 633.4236 11 43.39558
849.3477 637.7525 11 43.42893
844.4669 642.2145 11 43.46229
839.738 646.872 11 43.49564
835.1636 651.4389 11 43.529
830.8728 656.3601 11 43.56236
826.6795 661.0908 11 43.59571
822.2949 665.794 11 43.62907
817.6051 670.9456 11 43.66242
813.5478 675.353 11 43.69578
808.8785 680.1401 11 43.72913
804.6158 684.6117 11 43.76249
800.1564 688.4442 11 43.79584
795.5231 692.8724 11 43.8292
790.4647 697.2355 11 43.86256
785.4928 701.3343 11 43.89591
780.518 705.3365 11 43.92927
775.618 708.9944 11 43.96262
771.1955 712.2103 11 43.99598
766.3976 715.4508 11 44.02933
761.1705 718.5603 11 44.06269
755.6539 721.1452 11 44.09604
750.46 724.0072 11 44.1294
745.2379 726.346 11 44.16276
739.5621 728.432 11 44.19611
733.8944 730.6962 11 44.22947
728.0927 732.671 11 44.26282
721.8759 734.6222 11 44.29618
715.8577 736.5195 11 44.32953
709.7107 738.022 11 44.36289
704.015 739.3334 11 44.39624
697.4188 740.7455 11 44.4296
691.8604 741.7427 11 44.46296
685.2949 742.7983 11 44.49631
678.4605 743.4899 11 44.52967
672.2975 743.6292 11 44.56302
666.1965 743.6399 11 44.59638
660.2113 743.3839 11 44.62973
653.5331 742.8999 11 44.66309
646.641 742.1569 11 44.69644
640.0612 740.9342 11 44.7298
633.4251 739.4857 11 44.76316
627.5633 737.6897 11 44.79651
621.9069 735.6538 11 44.82987
616.0815 733.4632 11 44.86322
610.1326 731.0086 11 44.89658
604.0172 728.4383 11 44.92993
598.0891 725.5054 11 44.96329
592.3978 722.2788 11 44.99664
586.8361 719.1677 11 45.03
581.4516 715.5262 11 45.06336
576.5019 712.2756 11 45.09671
571.096 708.585 11 45.13007
565.935 704.4683 11 45.16342
561.3228 700.5131 11 45.19678
556.4322 696.2525 11 45.23013
551.7879 691.7686 11 45.26349
547.7976 688.0525 11 45.29684
543.8278 686.6282 11 45.3302
539.3004 684.3354 11 45.36356
534.3495 680.8679 11 45.39691
528.1581 677.2261 11 45.43027
522.3884 674.2126 11 45.46362
516.8979 670.8767 11 45.49698
511.2485 667.4689 11 45.53033
505.5852 663.612 11 45.56369
500.4485 659.4165 11 45.59704
495.627 655.2237 11 45.6304
490.9312 650.9484 11 45.66376
486.499 646.6064 11 45.69711
482.4083 642.2016 11 45.73047
480.2608 637.362 11 45.76382
477.7782 632.0926 11 45.79718
473.9334 629.1059 11 45.83053
471.4873 625.016 11 45.86389
467.411 620.1117 11 45.89724
463.2065 616.7392 11 45.9306
458.2078 613.3018 11 45.96396
452.8897 610.1837 11 45.99731
450.791 607.9436 11 46.03067
447.968 604.7086 11 46.06402
446.9237 601.5031 11 46.09738
443.7106 598.2367 11 46.13073
442.0853 593.9888 11 46.16409
439.3374 589.5638 11 46.19744
436.1776 584.261 11 46.2308
434.1161 579.1095 11 46.26416
432.8161 573.454 11 46.29751
431.5793 567.2979 11 46.33087
430.9362 560.5434 11 46.36422
431.7015 554.1196 11 46.39758
432.3767 547.7199 11 46.43093
432.8796 541.3172 11 46.46429
433.0423 534.9559 11 46.49764
433.8215 529.1392 11 46.531
432.2401 524.7966 11 46.56436
430.5745 519.677 11 46.59771
428.55 513.2477 11 46.63107
426.42 506.732 11 46.66442
425.1891 501.4648 11 46.69778
426.1665 495.876 11 46.73113
426.2121 489.7213 11 46.76449
425.867 482.5116 11 46.79784
425.5689 476.1537 11 46.8312
425.6718 470.0945 11 46.86456
426.1724 464.0391 11 46.89791
427.5445 457.6409 11 46.93127
429.2627 451.0469 11 46.96462
430.6017 444.4198 11 46.99798
432.9764 439.4702 11 47.03133
436.6897 434.6227 11 47.06469
439.7772 429.0238 11 47.09804
443.0058 423.0949 11 47.1314
446.3169 417.1553 11 47.16476
450.1572 411.2484 11 47.19811
452.8299 406.4773 11 47.23147
453.1595 404.7261 11 47.26482
452.9591 402.6471 11 47.29818
452.6997 400.054 11 47.33153
452.8123 396.0086 11 47.36489
453.2724 391.5321 11 47.39824
453.1989 386.7278 11 47.4316
453.6001 380.4754 11 47.46496
453.9005 373.9011 11 47.49831
454.7221 367.2341 11 47.53167
455.0013 360.9367 11 47.56502
455.9472 354.5065 11 47.59838
456.5859 348.6526 11 47.63173
457.5537 342.6493 11 47.66509
458.3217 335.8461 11 47.69844
457.8008 329.9085 11 47.7318
457.1434 322.2962 11 47.76516
456.1385 315.1725 11 47.79851
453.9241 309.9993 11 47.83187
451.1954 304.476 11 47.86522
448.7835 298.9663 11 47.89858
445.9789 293.3998 11 47.93193
443.4211 288.1536 11 47.96529
440.3923 282.6877 11 47.99864
436.4839 278.1357 11 48.032
432.9017 273.0115 11 48.06536
429.2476 267.5567 11 48.09871
426.0073 262.2537 11 48.13207
423.0844 256.1177 11 48.16542
420.2405 250.1637 11 48.19878
417.8034 243.9116 11 48.23213
415.4307 238.1552 11 48.26549
413.1414 232.3893 11 48.29884
410.9982 226.5516 11 48.3322
409.0132 220.7415 11 48.36556
407.058 214.7909 11 48.39891
405.1593 208.6425 11 48.43227
403.3931 202.9072 11 48.46562
401.9364 196.8738 11 48.49898
400.1874 190.7126 11 48.53233
398.3979 184.9045 11 48.56569
396.7606 179.1141 11 48.59904
395.1125 172.9825 11 48.6324
393.067 167.3391 11 48.66576
391.0706 161.3991 11 48.69911
389.287 155.6271 11 48.73247
387.6238 149.6989 11 48.76582
385.9111 143.2532 11 48.79918
385.1886 137.6017 11 48.83253
384.4677 131.4251 11 48.86589
384.0285 125.1939 11 48.89924
384.2041 118.9698 11 48.9326
384.0379 112.8597 11 48.96596
383.9939 107.0611 11 48.99931
383.9505 100.6922 11 49.03267
384.8905 94.53165 11 49.06602
385.5165 88.51838 11 49.09938
386.5742 82.93182 11 49.13273
387.6812 76.68559 11 49.16609
389.7179 71.34569 11 49.19944
392.0127 65.13663 11 49.2328
394.1116 59.16244 11 49.26616
396.0473 54.18153 11 49.29951
398.1401 49.18319 11 49.33287
398.6543 48.38226 11 49.36622
402.4635 46.35736 11 49.39958
407.6182 43.02968 11 49.43293
412.4961 39.31183 11 49.46629
416.9103 37.4679 11 49.49964
421.2519 36.49668 11 49.533
426.1979 34.84824 11 49.56636
431.7808 34.16502 11 49.59971
437.5877 33.35692 11 49.63307
443.7636 32.19846 11 49.66642
449.8851 31.05345 11 49.69978
455.992 30.29307 11 49.73313
461.7291 29.21713 11 49.76649
467.6909 28.83629 11 49.79984
473.0446 29.04068 11 49.8332
478.2122 29.29552 11 49.86656
483.2383 29.41909 11 49.89991
488.5819 29.7908 11 49.93327
494.517 30.13732 11 49.96662
500.0369 30.48067 11 49.99998
505.6393 30.44081 11 50.03333
511.2412 30.77529 11 50.06669
516.4255 31.7478 11 50.10004
522.1509 32.55811 11 50.1334
528.0977 33.14845 11 50.16676
534.3769 33.99543 11 50.20011
540.1007 35.11182 11 50.23347
545.9996 36.64032 11 50.26682
551.5584 37.45837 11 50.30018
557.1182 38.64175 11 50.33353
563.1265 39.16891 11 50.36689
568.7275 40.64177 11 50.40024
575.0995 41.69424 11 50.4336
580.7265 42.6494 11 50.46696
586.3024 44.67392 11 50.50031
592.2494 47.2616 11 50.53367
598.5207 49.94417 11 50.56702
604.1087 52.61598 11 50.60038
609.5709 55.76624 11 50.63373
614.09 58.93687 11 50.66709
619.1506 62.55901 11 50.70044
623.8624 66.35425 11 50.7338
628.9613 70.89774 11 50.76716
633.1635 74.68846 11 50.80051
637.3489 78.96542 11 50.83387
641.4271 83.63419 11 50.86722
645.054 88.25731 11 50.90058
648.9088 93.17578 11 50.93393
652.5544 97.67454 11 50.96729
656.8095 102.6005 11 51.00064
660.4442 107.1394 11 51.034
664.6494 112.2549 11 51.06736
668.1663 117.2972 11 51.10071
671.5902 121.9569 11 51.13407
675.4962 127.1592 11 51.16742
679.4403 132.3726 11 51.20078
682.3263 137.2869 11 51.23413
686.2785 142.2625 11 51.26749
689.8379 146.8948 11 51.30084
693.6408 152.2068 11 51.3342
697.3958 157.1676 11 51.36756
700.9424 162.0795 11 51.40091
704.9371 166.9439 11 51.43427
708.7801 172.347 11 51.46762
712.7376 177.5688 11 51.50098
716.0284 182.6055 11 51.53433
719.889 187.6397 11 51.56769
723.9004 192.9569 11 51.60104
727.9183 198.5526 11 51.6344
731.9269 204.1669 11 51.66776
735.7461 209.1411 11 51.70111
739.4555 214.1451 11 51.73447
743.3099 219.1075 11 51.76782
747.2766 224.0743 11 51.80118
751.7946 229.3063 11 51.83453
756.0807 234.2978 11 51.86789
759.9982 238.8829 11 51.90124
764.2877 243.4834 11 51.9346
769.0269 248.334 11 51.96796
773.4128 253.3206 11 52.00131
777.7568 258.0504 11 52.03467
782.3066 262.9392 11 52.06802
787.1499 268.0528 11 52.10138
791.864 273.7487 11 52.13473
796.2059 278.609 11 52.16809
800.3695 284.216 11 52.20144
803.9253 289.0713 11 52.2348
807.6288 294.1783 11 52.26816
811.3347 299.4604 11 52.30151
814.6192 305.0708 11 52.33487
817.8749 310.8659 11 52.36822
820.8393 316.4801 11 52.40158
823.2284 321.9654 11 52.43493
825.4859 327.5216 11 52.46829
827.8442 333.5267 11 52.50164
829.6593 339.539 11 52.535
831.5449 345.713 11 52.56836
833.2512 351.8047 11 52.60171
834.7002 358.4974 11 52.63507
836.1872 364.865 11 52.66842
837.4479 371.3488 11 52.70178
838.9983 378.1125 11 52.73513
840.1924 384.5278 11 52.76849
840.5957 391.6117 11 52.80184
840.8537 399.1903 11 52.8352
841.6764 406.3993 11 52.86856
843.671 412.6683 11 52.90191
845.9863 418.5313 11 52.93527
848.5567 424.4855 11 52.96862
851.3131 430.9309 11 53.00198
853.8161 437.3362 11 53.03533
856.4712 443.6003 11 53.06869
858.8221 450.0522 11 53.10204
860.8783 456.3804 11 53.1354
862.9183 462.6151 11 53.16876
864.8552 468.505 11 53.20211
866.844 474.2729 11 53.23547
868.3351 480.6319 11 53.26882
870.0645 487.3674 11 53.30218
871.2917 493.9744 11 53.33553
872.2674 500.8717 11 53.36889
873.0064 507.8257 11 53.40224
873.6904 514.1043 11 53.4356
873.8583 520.3152 11 53.46896
873.6923 526.7313 11 53.50231
873.2347 532.6255 11 53.53567
872.1886 539.263 11 53.56902
870.6345 545.6107 11 53.60238
869.0643 551.5742 11 53.63573
867.4307 557.3004 11 53.66909
865.3963 563.2499 11 53.70244
863.4018 569.0541 11 53.7358
861.1689 574.7153 11 53.76916
858.974 580.4225 11 53.80251
856.7192 586.1177 11 53.83587
854.3154 592.0671 11 53.86922
851.4945 597.8396 11 53.90258
848.8001 602.9638 11 53.93593
845.8039 608.8462 11 53.96929
842.5668 614.0859 11 54.00264
839.5457 619.0957 11 54.036
836.0604 624.4095 11 54.06936
832.0548 629.3045 11 54.10271
828.3366 633.9203 11 54.13607
824.1564 638.7398 11 54.16942
819.729 643.4431 11 54.20278
815.3078 647.9915 11 54.23613
810.7594 651.8288 11 54.26949
805.3242 656.0003 11 54.30284
799.3964 659.488 11 54.3362
793.4944 662.9257 11 54.36956
787.661 666.2392 11 54.40291
781.7929 668.9614 11 54.43627
775.6146 671.3711 11 54.46962
769.6686 673.842 11 54.50298
763.2916 675.4538 11 54.53633
757.0437 677.6292 11 54.56969
751.261 678.7456 11 54.60304
745.3055 680.3322 11 54.6364
739.1345 681.6889 11 54.66976
733.5576 682.7216 11 54.70311
727.6879 683.3335 11 54.73647
721.1697 683.7364 11 54.76982
715.3434 683.9362 11 54.80318
709.021 683.7869 11 54.83653
703.2775 683.2266 11 54.86989
697.024 682.2111 11 54.90324
690.9473 681.0316 11 54.9366
684.5295 679.1854 11 54.96996
677.9405 677.0778 11 55.00331
671.7434 675.41 11 55.03667
666.0105 673.6393 11 55.07002
660.2365 671.1062 11 55.10338
654.2639 668.7573 11 55.13673
648.4593 665.7374 11 55.17009
642.4675 662.9495 11 55.20344
636.8383 659.9738 11 55.2368
631.4618 656.29 11 55.27016
626.3338 652.4513 11 55.30351
621.7157 648.6393 11 55.33687
616.9806 644.6172 11 55.37022
612.3779 640.728 11 55.40358
607.9721 636.5269 11 55.43693
603.5735 632.4626 11 55.47029
599.3843 628.322 11 55.50364
595.0976 623.5163 11 55.537
590.8168 618.9729 11 55.57036
586.8639 614.2025 11 55.60371
584.7008 609.1554 11 55.63707
582.5986 604.088 11 55.67042
581.4045 601.5084 11 55.70378
580.479 599.6154 11 55.73713
578.9162 596.1684 11 55.77049
578.2768 593.0336 11 55.80384
576.7278 589.3857 11 55.8372
573.9672 586.03 11 55.87056
571.0179 581.8542 11 55.90391
566.6768 577.7229 11 55.93727
561.7107 575.2017 11 55.97062
557.1331 571.5756 11 56.00398
551.7201 568.3207 11 56.03733
545.6238 565.8261 11 56.07069
541.217 563.5444 11 56.10404
538.1057 559.4359 11 56.1374
533.7866 554.5643 11 56.17076
530.1042 550.6493 11 56.20411
526.2658 546.2963 11 56.23747
522.0253 541.6374 11 56.27082
518.1813 537.1152 11 56.30418
514.9699 532.3577 11 56.33753
511.8705 527.0873 11 56.37089
510.6441 523.484 11 56.40424
510.3831 520.1672 11 56.4376
510.4051 515.9019 11 56.47096
510.4904 511.2693 11 56.50431
511.7251 505.3009 11 56.53767
512.3751 498.7953 11 56.57102
512.8068 492.2401 11 56.60438
513.2509 485.8558 11 56.63773
514.1496 479.6392 11 56.67109
515.0803 473.4283 11 56.70444
516.2419 467.555 11 56.7378
518.1622 461.76 11 56.77116
518.5452 457.0177 11 56.80451
518.8294 451.8203 11 56.83787
519.1692 446.9591 11 56.87122
519.6975 441.4855 11 56.90458
520.5272 435.184 11 56.93793
520.7811 428.5126 11 56.97129
521.0431 421.7554 11 57.00464
521.487 415.2361 11 57.038
521.9395 409.1115 11 57.07136
522.6594 403.1992 11 57.10471
524.9633 399.089 11 57.13807
527.6936 394.267 11 57.17142
531.1623 389.1395 11 57.20478
534.4036 384.5344 11 57.23813
538.157 379.8661 11 57.27149
541.9981 375.5004 11 57.30484
545.5126 370.9237 11 57.3382
549.6267 366.3953 11 57.37156
553.8568 362.0329 11 57.40491
558.2237 358.2565 11 57.43827
562.8684 354.5372 11 57.47162
567.5388 350.6446 11 57.50498
572.1473 346.4435 11 57.53833
577.0889 342.6817 11 57.57169
582.4467 338.7661 11 57.60504
587.709 335.2349 11 57.6384
592.7346 331.7715 11 57.67176
597.9951 329.1345 11 57.70511
603.5693 326.5005 11 57.73847
608.9514 323.4897 11 57.77182
614.3902 320.2952 11 57.80518
620.0711 317.655 11 57.83853
625.8596 315.1761 11 57.87189
631.3905 312.9558 11 57.90524
637.1401 311.0941 11 57.9386
642.3326 309.6133 11 57.97196
647.7163 308.3992 11 58.00531
653.4518 307.2273 11 58.03867
659.568 306.207 11 58.07202
664.9376 304.8163 11 58.10538
671.0436 303.5945 11 58.13873
677.4171 303.1874 11 58.17209
683.9789 302.5964 11 58.20544
690.1412 302.4165 11 58.2388
696.1304 302.6545 11 58.27216
701.8707 303.2936 11 58.30551
708.0569 303.9327 11 58.33887
714.9216 305.482 11 58.37222
721.3721 307.051 11 58.40558
727.3054 309.2751 11 58.43893
732.8888 311.1915 11 58.47229
738.8425 314.0833 11 58.50564
743.6904 314.7991 11 58.539
748.9792 315.4797 11 58.57236
754.8699 316.4189 11 58.60571
760.9654 317.1251 11 58.63907
766.6095 317.9355 11 58.67242
772.6357 319.2336 11 58.70578
779.1028 320.266 11 58.73913
785.3943 321.3377 11 58.77249
791.4935 322.1787 11 58.80584
797.55 323.4004 11 58.8392
802.9513 323.6632 11 58.87256
807.5536 323.0055 11 58.90591
813.3634 322.1823 11 58.93927
819.7227 321.1312 11 58.97262
825.9497 319.9963 11 59.00598
831.9285 319.2834 11 59.03933
837.9354 318.7021 11 59.07269
843.8276 318.0764 11 59.10604
848.5789 316.7669 11 59.1394
852.2519 314.5991 11 59.17276
856.0769 311.3976 11 59.20611
857.514 307.3726 11 59.23947
860.609 302.8827 11 59.27282
863.6815 297.979 11 59.30618
867.0195 293.4444 11 59.33953
870.572 288.6888 11 59.37289
869.4937 286.9214 11 59.40624
867.2241 283.2675 11 59.4396
862.028 277.3207 11 59.47296
856.223 269.9237 11 59.50631
853.2897 263.3137 11 59.53967
850.8396 256.4011 11 59.57302
848.2288 249.8919 11 59.60638
844.9712 243.2045 11 59.63973
843.0835 236.993 11 59.67309
841.387 231.9198 11 59.70644
839.2595 228.7794 11 59.7398
836.6914 223.8274 11 59.77316
834.6418 217.7525 11 59.80651
833.174 212.4838 11 59.83987
831.2993 206.8028 11 59.87322
827.4568 200.9201 11 59.90658
820.7857 197.0443 11 59.93993
815.7454 192.6725 11 59.97329
808.7364 189.806 11 60.00664
803.9649 184.9642 11 60.04
800.0182 179.5952 11 60.07336
797.1255 173.6778 11 60.10671
794.4664 167.9698 11 60.14007
791.5013 164.3845 11 60.17342
788.7116 162.2817 11 60.20678
784.6699 158.6439 11 60.24013
779.8436 154.5714 11 60.27349
774.5965 149.121 11 60.30684
767.3172 147.5171 11 60.3402
763.1012 144.5298 11 60.37356
758.7947 140.4403 11 60.40691
755.4609 136.2698 11 60.44027
752.0454 131.284 11 60.47362
746.1964 127.5247 11 60.50698
740.5787 126.8299 11 60.54033
734.5247 124.6682 11 60.57369
728.574 121.0027 11 60.60704
722.8777 117.3855 11 60.6404
715.4053 114.6339 11 60.67376
708.8609 110.7496 11 60.70711
703.6571 106.8005 11 60.74047
699.7598 102.2516 11 60.77382
696.441 97.70709 11 60.80718
693.3604 94.9516 11 60.84053
688.6839 92.02723 11 60.87389
684.4383 87.9938 11 60.90724
678.4098 85.56261 11 60.9406
673.4802 85.63721 11 60.97396
668.4226 83.26533 11 61.00731
663.785 79.87222 11 61.04067
659.4884 77.54585 11 61.07402
654.551 74.06805 11 61.10738
650.0833 70.27479 11 61.14073
645.6721 66.74018 11 61.17409
640.6301 63.47613 11 61.20744
634.1801 64.25515 11 61.2408
628.3155 63.52248 11 61.27416
622.065 61.62032 11 61.30751
615.9233 59.75045 11 61.34087
609.4686 57.33231 11 61.37422
602.8042 55.52628 11 61.40758
596.9662 52.95847 11 61.44093
591.9104 50.17188 11 61.47429
587.0846 49.69426 11 61.50764
581.4592 49.45336 11 61.541
575.657 48.28082 11 61.57436
569.8257 46.37813 11 61.60771
563.5944 44.41581 11 61.64107
557.4329 42.47938 11 61.67442
551.2104 40.42186 11 61.70778
545.2841 38.58841 11 61.74113
539.1906 38.19802 11 61.77449
532.6495 39.47999 11 61.80784
525.8552 40.05199 11 61.8412
519.3684 39.22035 11 61.87456
513.4562 38.00009 11 61.90791
507.1798 36.5637 11 61.94127
500.9645 35.06882 11 61.97462
494.5058 34.19268 11 62.00798
488.2765 35.37687 11 62.04133
481.7329 34.95333 11 62.07469
476.3576 35.21485 11 62.10804
470.2339 34.28757 11 62.1414
464.2955 33.23021 11 62.17476
459.0569 34.07423 11 62.20811
452.2127 35.91459 11 62.24147
445.5777 38.15994 11 62.27482
439.8693 39.60074 11 62.30818
434.3327 40.45208 11 62.34153
428.7544 40.19656 11 62.37489
422.6062 39.79255 11 62.40824
416.5528 43.06112 11 62.4416
409.5612 45.35319 11 62.47496
403.4578 46.87091 11 62.50831
397.1113 46.99669 11 62.54167
390.9832 46.65139 11 62.57502
385.2156 48.08018 11 62.60838
379.6799 50.18753 11 62.64173
373.8576 50.94716 11 62.67509
369.1543 52.91445 11 62.70844
363.2964 54.37573 11 62.7418
356.4143 57.00711 11 62.77516
350.71 58.90014 11 62.80851
345.1132 60.58587 11 62.84187
339.7617 61.74338 11 62.87522
334.6192 63.64738 11 62.90858
329.2629 66.5422 11 62.94193
323.4658 68.68404 11 62.97529
317.7649 69.58523 11 63.00864
311.4558 71.97259 11 63.042
305.8748 75.71817 11 63.07536
301.4219 79.01343 11 63.10871
295.5935 80.48128 11 63.14207
291.5201 84.07228 11 63.17542
286.4884 90.4098 11 63.20878
282.2714 93.76625 11 63.24213
276.9287 95.90577 11 63.27549
270.9119 97.39348 11 63.30884
265.1518 98.46428 11 63.3422
261.945 100.1732 11 63.37556
257.1469 104.6629 11 63.40891
251.4752 109.9263 11 63.44227
246.953 112.7148 11 63.47562
241.6074 114.9553 11 63.50898
235.7379 116.4459 11 63.54233
230.2254 118.1637 11 63.57569
226.9586 122.2942 11 63.60904
221.6183 128.3111 11 63.6424
215.9089 133.3877 11 63.67576
210.7602 136.7546 11 63.70911
205.0725 139.7928 11 63.74247
198.6622 143.3533 11 63.77582
195.32 147.4495 11 63.80918
190.631 152.3731 11 63.84253
185.4174 156.187 11 63.87589
181.4116 159.3538 11 63.90924
176.2757 163.1042 11 63.9426
170.8599 166.5902 11 63.97596
166.1363 170.2628 11 64.00931
162.3269 173.7819 11 64.04267
158.9368 177.5104 11 64.07602
155.1139 182.2817 11 64.10938
150.8429 186.387 11 64.14273
145.9568 190.5856 11 64.17609
141.352 194.6347 11 64.20944
139.5706 199.79 11 64.2428
136.9658 205.6094 11 64.27616
132.5226 209.5449 11 64.30951
128.5306 213.9276 11 64.34287
125.5756 219.5944 11 64.37622
123.6104 226.1341 11 64.40958
122.0856 232.3517 11 64.44293
120.773 238.8389 11 64.47629
119.4344 245.2645 11 64.50964
116.863 250.5244 11 64.543
114.9106 255.5989 11 64.57636
113.1989 261.185 11 64.60971
112.0434 266.875 11 64.64307
109.2474 272.9908 11 64.67642
105.5525 278.3876 11 64.70978
102.863 284.6444 11 64.74313
100.5479 290.9941 11 64.77649
99.18177 297.321 11 64.80984
97.8914 303.2429 11 64.8432
96.64223 309.4564 11 64.87656
95.41311 315.9229 11 64.90991
94.21956 322.3254 11 64.94327
92.99428 327.9226 11 64.97662
91.69903 333.7433 11 65.00998
89.94322 339.4353 11 65.04333
88.27663 345.1861 11 65.07669
86.56439 350.9323 11 65.11004
84.41931 356.7668 11 65.1434
82.76513 362.0756 11 65.17676
81.02925 367.8416 11 65.21011
79.56033 373.9127 11 65.24347
77.97821 379.9397 11 65.27682
76.13205 386.0137 11 65.31018
73.67605 392.4528 11 65.34353
72.39111 398.0303 11 65.37689
72.21575 401.4264 11 65.41024
74.61819 404.3176 11 65.4436
76.07299 409.5651 11 65.47696
76.37294 415.2792 11 65.51031
76.10471 421.1962 11 65.54367
76.83432 426.536 11 65.57702
76.70926 432.3333 11 65.61038
75.05458 438.2263 11 65.64373
72.95615 444.169 11 65.67709
70.62801 450.0605 11 65.71044
67.50172 455.915 11 65.7438
64.32369 461.4842 11 65.77716
60.61352 467.2201 11 65.81051
56.69374 472.9496 11 65.84387
52.85258 478.6832 11 65.87722
48.8247 484.1723 11 65.91058
45.01966 489.2958 11 65.94393
46.45038 491.8951 11 65.97729
46.72875 495.6259 11 66.01064
45.23378 499.7413 11 66.044
43.37723 505.3565 11 66.07736
40.43596 511.1529 11 66.11071
37.72236 516.4184 11 66.14407
36.75032 521.6792 11 66.17742
38.60596 526.6029 11 66.21078
37.86615 532.388 11 66.24413
36.77839 537.9581 11 66.27749
35.77315 544.0367 11 66.31084
36.21924 548.949 11 66.3442
37.90206 553.675 11 66.37756
38.32792 559.2482 11 66.41091
38.21073 565.4024 11 66.44427
37.94718 571.7878 11 66.47762
40.20067 575.9501 11 66.51098
43.81244 580.6717 11 66.54433
47.09345 586.1634 11 66.57769
49.43746 591.509 11 66.61104
51.1284 597.1297 11 66.6444
52.95178 603.0015 11 66.67776
54.04123 609.1013 11 66.71111
55.55072 615.5936 11 66.74447
56.85794 622.2356 11 66.77782
57.89063 629.2807 11 66.81118
58.66922 635.8638 11 66.84453
59.53327 642.1695 11 66.87789
62.47534 645.9808 11 66.91124
66.09465 650.5178 11 66.9446
69.90031 656.168 11 66.97796
73.50133 661.5632 11 67.01131
76.50928 666.9549 11 67.04467
79.77349 673.0251 11 67.07802
82.89457 678.6796 11 67.11138
85.99349 683.9719 11 67.14473
89.16126 689.4678 11 67.17809
92.45195 695.7335 11 67.21144
95.40709 701.6879 11 67.2448
98.28823 707.9575 11 67.27816
100.703 713.2446 11 67.31151
103.3703 718.8733 11 67.34487
105.7721 724.9471 11 67.37822
108.0431 731.3472 11 67.41158
110.7883 737.795 11 67.44493
112.9255 743.6946 11 67.47829
116.0191 745.2552 11 67.51164
119.8414 748.6701 11 67.545
124.2535 753.0248 11 67.57836
128.4742 758.091 11 67.61171
133.0018 763.2503 11 67.64507
137.3158 768.7578 11 67.67842
141.527 774.2687 11 67.71178
145.5624 779.6125 11 67.74513
149.4905 785.134 11 67.77849
152.9759 790.4109 11 67.81184
155.9792 796.0941 11 67.8452
159.6132 800.8009 11 67.87856
163.5 803.5708 11 67.91191
167.8009 806.5798 11 67.94527
170.6571 808.7111 11 67.97862
172.0899 811.4871 11 68.01198
173.7303 814.5929 11 68.04533
176.0913 817.9302 11 68.07869
178.2696 819.3201 11 68.11204
180.2412 822.5636 11 68.1454
182.1156 823.9405 11 68.17876
184.9343 825.7585 11 68.21211
187.0431 828 11 68.24547
188.8508 830.3967 11 68.27882
190.0361 831.1789 11 68.31218
191.2182 831.6389 11 68.34553
191.3187 832.9735 11 68.37889
192.9534 833.1967 11 68.41224
194.6947 835.9118 11 68.4456
194.9558 838.0908 11 68.47896
194.096 839.3424 11 68.51231
193.5393 841.2177 11 68.54567
194.5992 841.4176 11 68.57902
197.4679 842.132 11 68.61238
199.8962 841.3553 11 68.64573
200.8255 843.5438 11 68.67909
202.9563 844.3397 11 68.71244
203.5506 844.544 11 68.7458
204.571 844.9496 11 68.77916
204.9679 845.7248 11 68.81251
205.1734 845.3661 11 68.84587
205.1865 845.2535 11 68.87922
204.3912 844.9722 11 68.91258
203.39 845.4337 11 68.94593
202.0321 845.2864 11 68.97929
202.1788 844.5553 11 69.01264
201.2976 843.7625 11 69.046
200.5974 843.2082 11 69.07936
199.248 845.2134 11 69.11271
198.4281 845.1185 11 69.14607
197.721 843.8836 11 69.17942
198.9387 843.1585 11 69.21278
200.9619 841.4508 11 69.24613
201.047 841.8765 11 69.27949
201.3021 842.3716 11 69.31284
200.8919 841.5426 11 69.3462
201.4982 841.3126 11 69.37956
202.1117 841.4242 11 69.41291
199.4453 841.4988 11 69.44627
197.7131 842.8834 11 69.47962
200.5103 842.1305 11 69.51298
201.5648 843.5256 11 69.54633
202.2126 843.0585 11 69.57969
201.7475 842.8263 11 69.61304
200.4855 842.3813 11 69.6464
200.3967 843.0743 11 69.67976
201.3382 843.384 11 69.71311
201.7745 843.0724 11 69.74647
202.4085 841.8416 11 69.77982
201.9956 841.0528 11 69.81318
201.4703 840.8571 11 69.84653
202.1568 840.8538 11 69.87989
202.0654 840.227 11 69.91324
199.17 842.606 11 69.9466
196.3492 842.0671 11 69.97996
195.0254 840.8249 11 70.01331
194.7829 839.0931 11 70.04667
195.0787 839.5582 11 70.08002
195.3898 838.66 11 70.11338
195.7233 838.3376 11 70.14673
195.5622 837.7018 11 70.18009
195.685 837.0896 11 70.21344
194.8039 836.3815 11 70.2468
193.5152 836.6588 11 70.28016
192.5695 837.5783 11 70.31351
192.2356 837.103 11 70.34687
192.6715 836.988 11 70.38022
192.3074 836.0316 11 70.41358
192.3309 835.7627 11 70.44693
192.1464 835.146 11 70.48029
191.177 836.607 11 70.51364
189.7658 837.3201 11 70.547
190.1156 836.5081 11 70.58036
191.105 836.2194 11 70.61371
192.7388 836.0665 11 70.64707
193.4121 836.5286 11 70.68042
191.1138 836.1429 11 70.71378
188.9508 836.2566 11 70.74713
188.9147 836.2227 11 70.78049
190.4489 836.1285 11 70.81384
190.8147 834.8196 11 70.8472
191.9895 834.8184 11 70.88056
192.7566 834.2682 11 70.91391
192.2942 834.3837 11 70.94727
190.3499 834.0215 11 70.98062
188.0151 833.5348 11 71.01398
187.1126 834.4519 11 71.04733
188.4431 833.0132 11 71.08069
187.7039 831.9511 11 71.11404
188.7228 832.3004 11 71.1474
188.5087 831.7908 11 71.18076
187.381 830.792 11 71.21411
187.2586 830.6686 11 71.24747
187.0278 830.0361 11 71.28082
185.7205 829.1677 11 71.31418
182.8374 827.3422 11 71.34753
180.3628 827.0254 11 71.38089
179.4051 826.6169 11 71.41424
178.2101 826.7697 11 71.4476
178.3253 827.017 11 71.48096
177.1435 824.6747 11 71.51431
177.2756 824.4731 11 71.54767
177.5415 824.7022 11 71.58102
177.92 823.5609 11 71.61438
180.1132 822.9453 11 71.64773
179.8278 822.6824 11 71.68109
179.71 823.4433 11 71.71444
178.7988 822.9296 11 71.7478
177.0745 823.7938 11 71.78116
175.9814 823.2542 11 71.81451
175.6841 822.6494 11 71.84787
175.8579 822.7424 11 71.88122
175.8363 822.6588 11 71.91458
175.4658 822.1695 11 71.94793
174.75 821.2082 11 71.98129
174.4655 821.3138 11 72.01464
175.5818 821.5981 11 72.048
175.8834 821.3531 11 72.08136
174.6601 821.309 11 72.11471
174.5594 821.7439 11 72.14807
174.4228 821.4689 11 72.18142
175.0935 821.6581 11 72.21478
175.8584 821.0532 11 72.24813
177.073 821.5357 11 72.28149
176.9887 820.209 11 72.31484
175.5167 820.0597 11 72.3482
173.5179 819.9557 11 72.38156
172.6898 820.2008 11 72.41491
172.9645 818.4307 11 72.44827
173.2002 817.7021 11 72.48162
172.6922 817.9225 11 72.51498
172.1173 817.3277 11 72.54833
171.6166 817.6486 11 72.58169
171.3106 816.7781 11 72.61504
171.6292 816.8057 11 72.6484
172.0084 817.3156 11 72.68176
173.0218 817.2458 11 72.71511
173.01 817.8618 11 72.74847
170.7993 816.8821 11 72.78182
168.4928 816.0988 11 72.81518
166.4278 816.026 11 72.84853
166.6449 815.0373 11 72.88189
166.819 814.5962 11 72.91524
167.9479 814.0398 11 72.9486
167.878 814.694 11 72.98196
167.4505 814.7803 11 73.01531
165.3243 814.2882 11 73.04867
163.6803 812.67 11 73.08202
162.1954 810.2431 11 73.11538
162.6757 810.2882 11 73.14873
163.7874 809.3548 11 73.18209
163.9761 808.3313 11 73.21544
163.4931 809.7988 11 73.2488
162.6443 809.9087 11 73.28216
160.3339 808.4449 11 73.31551
159.8862 808.4682 11 73.34887
159.762 806.4849 11 73.38222
159.4988 805.5557 11 73.41558
158.8746 804.8229 11 73.44893
158.4678 803.5364 11 73.48229
156.8051 802.1634 11 73.51564
156.0867 801.7934 11 73.549
154.6118 800.3265 11 73.58236
153.8539 798.671 11 73.61571
152.4329 797.1704 11 73.64907
151.7157 797.8506 11 73.68242
152.0957 797.4526 11 73.71578
152.3014 795.7821 11 73.74913
151.1918 794.699 11 73.78249
150.0947 794.2119 11 73.81584
149.3136 793.132 11 73.8492
149.135 793.8827 11 73.88256
148.2139 792.5825 11 73.91591
146.2615 791.3589 11 73.94927
145.9168 790.2263 11 73.98262
144.8396 789.4708 11 74.01598
143.7261 789.205 11 74.04933
142.5073 788.0844 11 74.08269
141.2709 787.1575 11 74.11604
141.4176 787.7187 11 74.1494
142.0007 787.7835 11 74.18276
141.3488 786.0415 11 74.21611
139.6805 786.4734 11 74.24947
138.8128 785.0348 11 74.28282
138.4991 785.0043 11 74.31618
138.0305 784.2141 11 74.34953
138.6704 783.0976 11 74.38289
138.7747 783.262 11 74.41624
138.3388 783.0907 11 74.4496
138.2451 782.7682 11 74.48296
138.0174 782.8489 11 74.51631
138.37 782.1636 11 74.54967
138.4283 782.7823 11 74.58302
137.9042 781.8467 11 74.61638
136.8454 782.9657 11 74.64973
136.7401 782.7921 11 74.68309
136.6871 782.4095 11 74.71644
138.0041 781.4891 11 74.7498
138.7881 780.8649 11 74.78316
137.9419 779.8815 11 74.81651
136.7201 780.038 11 74.84987
136.374 779.7198 11 74.88322
134.9031 779.3061 11 74.91658
135.1712 778.7622 11 74.94993
134.0211 777.5967 11 74.98329
133.0066 778.264 11 75.01664
133.2756 777.5929 11 75.05
132.7749 777.0638 11 75.08336
132.1679 776.2237 11 75.11671
130.3116 776.5687 11 75.15007
130.3433 775.4746 11 75.18342
128.8352 775.604 11 75.21678
129.0905 775.0521 11 75.25013
129.7376 774.7631 11 75.28349
130.7607 773.5652 11 75.31684
132.0181 773.8738 11 75.3502
132.563 772.8372 11 75.38356
131.8777 772.4362 11 75.41691
130.6818 772.6836 11 75.45027
129.9041 773.4185 11 75.48362
128.4341 772.2312 11 75.51698
128.2315 772.4025 11 75.55033
128.5377 771.9197 11 75.58369
128.9151 771.6666 11 75.61704
130.9839 772.3676 11 75.6504
131.2958 771.6374 11 75.68376
130.8066 771.5167 11 75.71711
128.3818 772.8209 11 75.75047
127.6312 772.3848 11 75.78382
127.2759 771.9482 11 75.81718
127.5075 771.1901 11 75.85053
128.0195 771.3499 11 75.88389
128.666 770.1482 11 75.91724
129.6322 770.8027 11 75.9506
130.3494 771.0281 11 75.98396
131.6336 772.6255 11 76.01731
132.2545 772.7565 11 76.05067
131.3387 773.2687 11 76.08402
130.2178 773.7774 11 76.11738
130.2893 773.1807 11 76.15073
129.7409 772.7898 11 76.18409
129.9692 772.969 11 76.21744
130.1333 772.3079 11 76.2508
130.1298 772.0621 11 76.28416
129.9711 773.3977 11 76.31751
129.4569 772.7832 11 76.35087
128.9832 773.8463 11 76.38422
128.4609 772.7878 11 76.41758
128.2858 772.5732 11 76.45093
128.1956 773.4583 11 76.48429
128.1956 773.4583 11 76.51764
128.4919 771.9159 11 76.551
127.3943 770.9035 11 76.58436
127.3943 770.9035 11 76.61771
126.8965 770.9689 11 76.65107
124.5792 771.8837 11 76.68442
124.5792 771.8837 11 76.71778
124.5354 771.294 11 76.75113
124.5399 769.3623 11 76.78449
124.5399 769.3623 11 76.81784
124.3154 769.2898 11 76.8512
126.807 768.9238 11 76.88456
126.807 768.9238 11 76.91791
127.1393 769.264 11 76.95127
126.9363 769.7572 11 76.98462
126.9363 769.7572 11 77.01798
124.9704 769.5253 11 77.05133
123.5134 770.2509 11 77.08469
123.5134 770.2509 11 77.11804
125.3412 770.7891 11 77.1514
126.1497 770.6293 11 77.18476
126.1497 770.6293 11 77.21811
127.7598 770.2469 11 77.25147
129.2874 771.1736 11 77.28482
129.2874 771.1736 11 77.31818
130.4111 771.837 11 77.35153
129.9123 771.5909 11 77.38489
129.9123 771.5909 11 77.41824
128.651 772.3277 11 77.4516
128.4765 772.1416 11 77.48496
128.9811 772.1215 11 77.51831
129.1224 773.2255 11 77.55167
129.3961 773.3475 11 77.58502
129.882 772.957 11 77.61838
129.1994 773.0131 11 77.65173
129.8088 772.5675 11 77.68509
129.0776 771.9366 11 77.71844
129.1791 772.2094 11 77.7518
128.4119 773.0454 11 77.78516
127.3615 772.6971 11 77.81851
126.7929 771.7133 11 77.85187
127.0451 771.8277 11 77.88522
128.2977 770.577 11 77.91858
130.2536 769.9165 11 77.95193
130.8225 769.3685 11 77.98529
129.7864 768.7091 11 78.01864
127.9225 768.8141 11 78.052
125.6505 768.9178 11 78.08536
125.2941 768.9843 11 78.11871
125.2146 768.0925 11 78.15207
124.9357 768.5658 11 78.18542
124.814 768.3613 11 78.21878
124.7175 767.9093 11 78.25213
124.0869 767.8754 11 78.28549
123.2304 767.4284 11 78.31884
124.3687 766.1511 11 78.3522
124.5306 765.983 11 78.38556
124.0087 764.7949 11 78.41891
124.2159 764.6419 11 78.45227
123.4557 763.2502 11 78.48562
121.094 764.6168 11 78.51898
122.1321 764.4563 11 78.55233
121.5199 763.389 11 78.58569
121.6172 763.0678 11 78.61904
120.8321 760.898 11 78.6524
119.4194 760.9004 11 78.68576
118.2575 761.8539 11 78.71911
119.8363 761.9393 11 78.75247
121.5938 761.4203 11 78.78582
122.1133 761.1903 11 78.81918
121.1858 761.6721 11 78.85253
120.8651 761.6683 11 78.88589
118.1056 760.4406 11 78.91924
118.0223 760.2363 11 78.9526
119.0749 759.7871 11 78.98596
119.3472 761.409 11 79.01931
120.1872 760.8904 11 79.05267
120.7266 761.3273 11 79.08602
121.3971 761.1847 11 79.11938
120.6987 760.7453 11 79.15273
120.4962 760.503 11 79.18609
119.8012 760.1151 11 79.21944
118.6326 759.3914 11 79.2528
117.4139 758.7941 11 79.28616
115.403 758.4017 11 79.31951
115.2278 758.3616 11 79.35287
116.0454 758.0757 11 79.38622
115.587 757.2113 11 79.41958
116.6272 756.558 11 79.45293
117.9043 756.4957 11 79.48629
117.2333 756.6616 11 79.51964
116.2928 756.4814 11 79.553
114.9005 754.9593 11 79.58636
113.294 755.5232 11 79.61971
113.5139 754.7941 11 79.65307
115.1436 753.7024 11 79.68642
116.0039 752.3484 11 79.71978
115.7765 752.3447 11 79.75313
116.2027 752.061 11 79.78649
115.9753 751.5112 11 79.81984
116.2865 751.9009 11 79.8532
116.6001 752.0764 11 79.88656
116.9798 751.8374 11 79.91991
116.568 751.9804 11 79.95327
114.5539 751.545 11 79.98662
113.8264 751.1821 11 80.01998
112.884 751.1464 11 80.05333
112.2588 750.194 11 80.08669
111.7468 750.2982 11 80.12004
111.2707 751.2118 11 80.1534
110.2367 750.523 11 80.18676
109.5627 749.0957 11 80.22011
109.3324 747.8729 11 80.25347
109.9828 748.4191 11 80.28682
110.2617 747.2175 11 80.32018
110.2998 748.0254 11 80.35353
109.4659 747.2581 11 80.38689
108.6242 746.421 11 80.42024
107.6458 745.2295 11 80.4536
108.1285 744.6188 11 80.48696
108.1838 744.189 11 80.52031
107.7246 742.9723 11 80.55367
107.8242 743.6442 11 80.58702
108.1801 743.2753 11 80.62038
107.8203 742.7652 11 80.65373
107.1103 742.4416 11 80.68709
105.8681 742.3238 11 80.72044
106.1457 741.6976 11 80.7538
106.3356 739.8067 11 80.78716
106.2474 740.081 11 80.82051
105.6755 739.6957 11 80.85387
104.8798 739.0738 11 80.88722
103.1383 739.0149 11 80.92058
102.6481 738.9265 11 80.95393
102.4254 737.4655 11 80.98729
103.1946 735.7441 11 81.02064
104.0914 737.2777 11 81.054
104.9322 736.9267 11 81.08736
104.5842 737.0317 11 81.12071
104.3695 735.7024 11 81.15407
104.3168 735.9937 11 81.18742
103.8913 735.3878 11 81.22078
102.9928 734.9962 11 81.25413
102.4882 734.0225 11 81.28749
101.5635 732.6886 11 81.32084
100.9061 732.6336 11 81.3542
101.73 732.2277 11 81.38756
101.296 731.907 11 81.42091
98.44143 730.363 11 81.45427
95.75023 728.7718 11 81.48762
94.81007 728.6235 11 81.52098
96.97599 728.6671 11 81.55433
98.09445 729.0861 11 81.58769
98.75044 728.2983 11 81.62104
96.75812 727.0631 11 81.6544
95.36871 726.2819 11 81.68776
94.44703 726.5923 11 81.72111
95.89664 725.8012 11 81.75447
95.02954 724.2831 11 81.78782
94.56669 722.9191 11 81.82118
93.99458 723.0199 11 81.85453
94.14951 723.871 11 81.88789
93.97479 724.0589 11 81.92124
94.30318 724.5049 11 81.9546
95.71011 724.2283 11 81.98796
95.71876 724.3672 11 82.02131
94.74649 724.5629 11 82.05467
95.83549 723.6176 11 82.08802
97.07498 723.5826 11 82.12138
97.85505 722.8746 11 82.15473
97.17276 722.145 11 82.18809
97.19517 721.7496 11 82.22144
99.03515 721.0238 11 82.2548
100.084 720.4919 11 82.28816
100.6973 720.3834 11 82.32151
100.8886 719.9455 11 82.35487
101.969 720.6208 11 82.38822
103.2443 720.6599 11 82.42158
102.8525 719.1888 11 82.45493
105.6135 718.4803 11 82.48829
106.2959 717.6092 11 82.52164
106.5739 717.2595 11 82.555
107.8342 718.4233 11 82.58836
107.899 718.1249 11 82.62171
108.0388 718.3699 11 82.65507
108.2746 718.2877 11 82.68842
109.2772 717.7551 11 82.72178
109.3032 717.6212 11 82.75513
109.8994 717.4216 11 82.78849
109.8968 716.6599 11 82.82184
108.4428 715.422 11 82.8552
110.3316 716.2617 11 82.88856
111.4896 716.3702 11 82.92191
110.2381 715.8791 11 82.95527
110.2872 715.4377 11 82.98862
110.443 716.1696 11 83.02198
110.2804 716.1182 11 83.05533
109.6565 716.1486 11 83.08869
110.0588 716.8442 11 83.12204
110.2783 717.3489 11 83.1554
109.5514 717.4023 11 83.18876
109.7089 716.692 11 83.22211
110.1452 716.4332 11 83.25547
111.5337 716.4643 11 83.28882
109.62 716.0455 11 83.32218
109.0501 715.6611 11 83.35553
109.8763 715.836 11 83.38889
110.4924 714.7339 11 83.42224
110.6223 715.1526 11 83.4556
110.6965 714.4102 11 83.48896
110.6776 713.7398 11 83.52231
110.5787 714.6497 11 83.55567
110.1506 714.2757 11 83.58902
110.4039 713.739 11 83.62238
109.7469 713.7559 11 83.65573
109.3755 712.4695 11 83.68909
109.7158 712.6351 11 83.72244
109.6085 710.7925 11 83.7558
108.9256 712.0358 11 83.78916
108.9793 712.7016 11 83.82251
107.6367 713.181 11 83.85587
108.995 712.858 11 83.88922
107.4804 711.2617 11 83.92258
107.4591 711.8475 11 83.95593
107.2772 712.016 11 83.98929
107.239 712.5372 11 84.02264
108.0729 711.6798 11 84.056
107.428 709.6243 11 84.08936
107.7537 709.6939 11 84.12271
107.2081 709.5042 11 84.15607
106.8566 708.4076 11 84.18942
107.1181 707.745 11 84.22278
106.8456 707.4128 11 84.25613
105.7846 707.1244 11 84.28949
106.4379 707.5501 11 84.32284
105.9133 706.0336 11 84.3562
105.6568 706.1322 11 84.38956
105.2529 704.5671 11 84.42291
106.2738 704.6392 11 84.45627
106.2481 705.1358 11 84.48962
105.0271 704.0303 11 84.52298
105.0961 703.8297 11 84.55633
104.7887 703.2329 11 84.58969
102.5803 701.8826 11 84.62304
102.4146 700.9779 11 84.6564
102.3351 700.9928 11 84.68976
103.1136 701.2375 11 84.72311
102.4362 701.0845 11 84.75647
102.9474 700.8198 11 84.78982
102.5268 700.2354 11 84.82318
101.0343 700.0975 11 84.85653
102.1191 700.6145 11 84.88989
103.0167 700.6694 11 84.92324
101.6765 701.002 11 84.9566
100.8796 701.362 11 84.98996
101.2295 701.2655 11 85.02331
101.156 700.3143 11 85.05667
101.6207 701.8203 11 85.09002
101.2761 702.3484 11 85.12338
101.4434 702.1506 11 85.15673
102.3747 701.5794 11 85.19009
102.2581 701.3515 11 85.22344
102.9367 700.4656 11 85.2568
102.4034 699.769 11 85.29016
101.0168 699.3328 11 85.32351
103.5184 699.2487 11 85.35687
101.3753 697.9766 11 85.39022
101.235 697.2807 11 85.42358
102.1513 698.1787 11 85.45693
101.8737 697.3655 11 85.49029
100.314 696.6024 11 85.52364
100.4522 697.2313 11 85.557
98.88746 695.8105 11 85.59036
100.1332 696.2721 11 85.62371
99.81995 695.8268 11 85.65707
98.91974 695.6957 11 85.69042
98.89408 696.0625 11 85.72378
99.24832 695.2481 11 85.75713
99.86809 695.7768 11 85.79049
99.85905 695.8809 11 85.82384
98.61468 695.0115 11 85.8572
98.74324 695.0642 11 85.89056
97.5554 693.6057 11 85.92391
97.46887 693.1929 11 85.95727
98.21587 692.5147 11 85.99062
97.62724 691.7742 11 86.02398
96.94068 690.5493 11 86.05733
96.378 690.6681 11 86.09069
97.14315 688.3089 11 86.12404
96.152 687.1415 11 86.1574
95.2681 686.3181 11 86.19076
95.54773 685.4472 11 86.22411
94.80687 685.0528 11 86.25747
94.0314 684.7107 11 86.29082
92.88223 684.2455 11 86.32418
92.66386 683.0107 11 86.35753
91.01994 682.1007 11 86.39089
91.69314 681.8453 11 86.42424
92.04172 681.5354 11 86.4576
91.35093 680.1193 11 86.49096
91.85655 678.933 11 86.52431
92.81828 677.5169 11 86.55767
91.53224 676.2101 11 86.59102
92.11047 674.8399 11 86.62438
91.49974 674.2652 11 86.65773
90.84502 672.8958 11 86.69109
89.5209 671.1887 11 86.72444
88.49911 668.9376 11 86.7578
86.62694 668.3471 11 86.79116
85.49711 667.1102 11 86.82451
85.24628 665.5436 11 86.85787
84.85912 665.0772 11 86.89122
84.53555 664.4449 11 86.92458
82.5112 663.7465 11 86.95793
82.33605 662.2674 11 86.99129
83.68182 660.3073 11 87.02464
83.08266 660.2979 11 87.058
80.96671 660.9069 11 87.09136
79.77679 659.8573 11 87.12471
78.89519 659.5048 11 87.15807
79.09159 658.092 11 87.19142
80.99358 657.7784 11 87.22478
81.34197 657.5615 11 87.25813
79.19487 656.2774 11 87.29149
78.48766 654.1641 11 87.32484
76.94847 651.8506 11 87.3582
77.75473 652.5008 11 87.39156
76.84002 652.0905 11 87.42491
77.99366 651.8534 11 87.45827
76.27233 650.4118 11 87.49162
73.7782 647.1244 11 87.52498
74.457 645.6585 11 87.55833
76.46847 645.6355 11 87.59169
77.38752 645.1447 11 87.62504
74.73676 644.2315 11 87.6584
73.93765 642.9995 11 87.69176
73.03618 641.8431 11 87.72511
72.07799 641.1415 11 87.75847
70.78655 640.2981 11 87.79182
69.03674 640.0022 11 87.82518
68.74794 638.8453 11 87.85853
70.98788 638.7818 11 87.89189
69.99331 637.766 11 87.92524
70.42536 636.9817 11 87.9586
72.35935 637.9542 11 87.99196
70.94023 637.7185 11 88.02531
68.95144 636.2522 11 88.05867
70.14972 635.3229 11 88.09202
71.19232 635.5701 11 88.12538
70.63275 634.5186 11 88.15873
68.91331 634.0477 11 88.19209
67.88982 631.6208 11 88.22544
67.63992 632.1294 11 88.2588
68.5466 629.8812 11 88.29216
67.76098 629.4249 11 88.32551
68.02836 629.0951 11 88.35887
67.14805 628.5223 11 88.39222
66.56649 627.6115 11 88.42558
64.87284 626.544 11 88.45893
66.35878 626.2392 11 88.49229
67.39352 624.8413 11 88.52564
66.75597 624.4894 11 88.559
67.16307 623.5548 11 88.59236
66.17247 622.995 11 88.62571
63.85181 621.5409 11 88.65907
64.89381 621.5591 11 88.69242
64.68251 621.0422 11 88.72578
63.79988 620.6597 11 88.75913
61.79386 619.3664 11 88.79249
61.91195 617.7901 11 88.82584
62.22222 618.1066 11 88.8592
62.12783 616.865 11 88.89256
63.27736 616.6352 11 88.92591
63.91758 615.2397 11 88.95927
63.31954 613.7728 11 88.99262
64.38895 613.4533 11 89.02598
64.46735 612.6577 11 89.05933
63.16038 611.9025 11 89.09269
62.02247 610.6441 11 89.12604
63.13343 610.7445 11 89.1594
61.11173 608.7731 11 89.19276
60.15139 608.8129 11 89.22611
60.99192 609.6387 11 89.25947
60.45874 609.0631 11 89.29282
59.5633 609.1589 11 89.32618
58.45683 608.0462 11 89.35953
58.10599 607.6861 11 89.39289
59.98585 606.8528 11 89.42624
60.04566 606.8038 11 89.4596
58.71701 605.6521 11 89.49296
58.24572 605.3666 11 89.52631
58.37956 605.1292 11 89.55967
57.0593 604.5732 11 89.59302
58.09043 603.6585 11 89.62638
57.88789 603.4826 11 89.65973
58.07058 601.8715 11 89.69309
56.95361 600.8027 11 89.72644
56.53951 601.2476 11 89.7598
59.25253 598.8063 11 89.79316
58.89131 597.6352 11 89.82651
58.76949 597.457 11 89.85987
58.63659 598.8954 11 89.89322
55.86774 597.5605 11 89.92658
57.16191 599.3163 11 89.95993
57.09532 598.565 11 89.99329
56.48887 597.9967 11 90.02664
56.41441 596.4793 11 90.06
56.22195 597.0913 11 90.09336
55.85024 597.2688 11 90.12671
54.54428 596.9476 11 90.16007
52.91701 595.7936 11 90.19342
53.63104 594.7439 11 90.22678
55.54959 595.009 11 90.26013
54.87262 593.6512 11 90.29349
53.69004 594.2926 11 90.32684
53.98251 594.1854 11 90.3602
54.14872 594.5945 11 90.39356
55.15786 594.6916 11 90.42691
52.8129 593.0258 11 90.46027
53.96552 593.4633 11 90.49362
55.25679 594.851 11 90.52698
55.12693 593.76 11 90.56033
53.08866 592.3819 11 90.59369
54.2702 592.5052 11 90.62704
55.23899 591.8098 11 90.6604
53.20484 591.2343 11 90.69376
57.54226 591.9871 11 90.72711
58.69319 590.4378 11 90.76047
56.08135 589.1085 11 90.79382
54.9925 589.092 11 90.82718
54.52816 589.1164 11 90.86053
53.98832 589.9815 11 90.89389
51.88426 589.6316 11 90.92724
54.53581 588.421 11 90.9606
55.19094 587.9031 11 90.99396
55.12342 587.767 11 91.02731
54.65744 586.6997 11 91.06067
53.88548 587.9871 11 91.09402
55.12605 586.5926 11 91.12738
54.89377 585.6993 11 91.16073
53.51675 583.6738 11 91.19409
52.5198 582.5693 11 91.22744
51.60126 581.9013 11 91.2608
53.71725 580.3147 11 91.29416
56.62721 580.9698 11 91.32751
57.92322 579.8687 11 91.36087
55.93003 579.5989 11 91.39422
54.96968 578.42 11 91.42758
55.21596 578.9477 11 91.46093
54.76364 578.3404 11 91.49429
55.68188 577.8105 11 91.52764
55.18527 576.3424 11 91.561
54.8809 575.9106 11 91.59436
55.64127 575.8335 11 91.62771
55.57556 574.5432 11 91.66107
54.92333 572.506 11 91.69442
54.77457 572.9824 11 91.72778
53.92769 572.129 11 91.76113
52.66675 572.6098 11 91.79449
51.47106 571.4877 11 91.82784
50.45074 570.2386 11 91.8612
49.86388 570.3701 11 91.89456
50.10514 568.7904 11 91.92791
49.84074 569.2893 11 91.96127
51.76072 568.2101 11 91.99462
53.13397 567.6075 11 92.02798
53.32728 566.9404 11 92.06133
51.73676 566.5905 11 92.09469
52.57039 566.9491 11 92.12804
51.79683 565.8543 11 92.1614
52.2294 564.6414 11 92.19476
50.35068 563.0168 11 92.22811
52.19162 563.5605 11 92.26147
52.31566 563.1565 11 92.29482
51.24147 560.4817 11 92.32818
53.98755 560.3731 11 92.36153
55.39298 560.5897 11 92.39489
53.71073 560.1672 11 92.42824
51.43996 559.3595 11 92.4616
51.1561 558.1079 11 92.49496
51.44236 558.209 11 92.52831
50.76828 558.5656 11 92.56167
48.89988 558.7737 11 92.59502
49.5637 557.8695 11 92.62838
48.72976 557.5916 11 92.66173
48.84363 557.4169 11 92.69509
50.25906 557.0308 11 92.72844
49.22451 555.3358 11 92.7618
48.12651 555.6641 11 92.79516
48.15843 555.7597 11 92.82851
48.04004 555.7069 11 92.86187
47.92903 555.707 11 92.89522
48.21623 556.8278 11 92.92858
47.80667 556.4966 11 92.96193
45.94934 555.9678 11 92.99529
47.11611 557.37 11 93.02864
49.4812 557.6848 11 93.062
47.73037 556.2888 11 93.09536
47.50722 556.5295 11 93.12871
46.71248 555.4903 11 93.16207
47.57682 556.031 11 93.19542
48.28686 557.0542 11 93.22878
46.93403 557.0371 11 93.26213
48.36564 558.8818 11 93.29549
48.60974 558.731 11 93.32884
48.32899 559.1156 11 93.3622
49.4828 559.0587 11 93.39556
48.0893 559.1056 11 93.42891
49.31522 559.3153 11 93.46227
49.67788 560.5255 11 93.49562
49.09109 561.686 11 93.52898
48.50778 561.1184 11 93.56233
47.21376 560.5061 11 93.59569
48.9747 561.5036 11 93.62904
49.91266 562.7764 11 93.6624
50.25603 562.645 11 93.69576
49.05241 562.0284 11 93.72911
48.57246 562.2103 11 93.76247
48.14547 562.2132 11 93.79582
46.71394 562.5192 11 93.82918
45.88563 562.7003 11 93.86253
46.13116 563.4713 11 93.89589
46.72811 564.9264 11 93.92924
47.85326 565.3155 11 93.9626
47.11796 566.4447 11 93.99596
48.05031 566.9902 11 94.02931
47.63527 567.2169 11 94.06267
47.37774 568.8318 11 94.09602
47.69634 568.6892 11 94.12938
47.92255 569.3718 11 94.16273
47.49572 570.8912 11 94.19609
48.0247 571.6903 11 94.22944
48.58087 572.581 11 94.2628
48.17226 572.4251 11 94.29616
48.57633 573.4019 11 94.32951
49.82276 575.5317 11 94.36287
49.48054 575.6443 11 94.39622
48.65277 576.1056 11 94.42958
48.58663 576.2041 11 94.46293
50.47663 576.0499 11 94.49629
49.60392 576.2353 11 94.52964
48.92498 576.4568 11 94.563
49.06753 576.5402 11 94.59636
49.36807 576.9911 11 94.62971
50.9657 578.43 11 94.66307
52.34941 578.3429 11 94.69642
52.98418 579.2076 11 94.72978
53.07063 580.2595 11 94.76313
52.95585 579.5616 11 94.79649
51.91601 578.1028 11 94.82984
52.78062 578.7818 11 94.8632
52.2361 579.8052 11 94.89656
51.10899 580.6276 11 94.92991
50.10787 581.2087 11 94.96327
51.49965 582.4135 11 94.99662
51.23845 583.1975 11 95.02998
51.47678 584.6719 11 95.06333
53.03978 585.4175 11 95.09669
52.27519 586.5701 11 95.13004
51.09883 586.4811 11 95.1634
50.39639 587.4835 11 95.19676
50.59371 588.2882 11 95.23011
52.6155 588.54 11 95.26347
53.09017 588.3572 11 95.29682
52.89571 589.1025 11 95.33018
51.89283 588.7472 11 95.36353
53.15447 590.1286 11 95.39689
53.41645 590.2481 11 95.43024
53.47697 591.2714 11 95.4636
53.10889 591.2087 11 95.49696
54.32392 592.1871 11 95.53031
55.84802 592.7114 11 95.56367
55.1995 592.6464 11 95.59702
53.52558 593.139 11 95.63038
53.36463 592.773 11 95.66373
54.32603 593.7746 11 95.69709
53.94288 595.7445 11 95.73044
53.96379 595.4482 11 95.7638
54.90424 595.9331 11 95.79716
54.94666 596.3649 11 95.83051
54.89638 597.3346 11 95.86387
55.44832 597.2936 11 95.89722
53.96625 597.0608 11 95.93058
52.86298 597.3832 11 95.96393
53.60705 598.0764 11 95.99729
53.50609 598.4614 11 96.03064
55.4928 598.8972 11 96.064
56.29105 598.605 11 96.09736
56.42801 599.6186 11 96.13071
56.13251 600.5902 11 96.16407
55.81212 600.5421 11 96.19742
56.49227 600.0127 11 96.23078
56.99374 599.6182 11 96.26413
56.60224 600.4092 11 96.29749
56.00347 601.551 11 96.33084
55.35261 603.5635 11 96.3642
53.91878 603.5749 11 96.39756
55.2486 605.0131 11 96.43091
55.81889 605.8487 11 96.46427
56.92912 607.1227 11 96.49762
55.96193 607.6118 11 96.53098
54.68773 606.3335 11 96.56433
57.35932 607.9296 11 96.59769
57.09757 607.7879 11 96.63104
57.24838 608.185 11 96.6644
58.39329 608.4033 11 96.69776
57.50792 608.0557 11 96.73111
57.41722 608.4659 11 96.76447
57.10003 608.5208 11 96.79782
57.6613 609.5586 11 96.83118
57.2216 610.4138 11 96.86453
58.10117 610.7004 11 96.89789
59.36761 611.573 11 96.93124
59.60308 612.4733 11 96.9646
58.42437 612.6362 11 96.99796
57.52329 612.823 11 97.03131
54.90231 611.4464 11 97.06467
58.29541 613.1769 11 97.09802
58.23642 612.786 11 97.13138
59.48308 614.0323 11 97.16473
60.1834 614.6437 11 97.19809
58.45571 614.4048 11 97.23144
58.68216 614.2773 11 97.2648
62.28495 614.4426 11 97.29816
62.28966 613.6986 11 97.33151
62.59299 613.0317 11 97.36487
60.50974 612.5985 11 97.39822
61.85714 613.4986 11 97.43158
61.65638 614.624 11 97.46493
60.30368 614.9423 11 97.49829
59.79409 614.5349 11 97.53164
60.19484 614.9131 11 97.565
61.11549 614.8999 11 97.59836
60.18306 615.9069 11 97.63171
58.61782 614.9529 11 97.66507
58.127 614.4545 11 97.69842
59.44414 615.2387 11 97.73178
59.02983 614.7566 11 97.76513
59.37156 615.1455 11 97.79849
58.77912 614.3904 11 97.83184
59.01763 614.2444 11 97.8652
58.9071 614.0533 11 97.89856
59.83319 615.2286 11 97.93191
60.4708 615.9292 11 97.96527
57.11776 615.057 11 97.99862
59.20816 614.8311 11 98.03198
57.99434 613.913 11 98.06533
59.58751 614.8964 11 98.09869
60.43431 616.0634 11 98.13204
59.62585 615.829 11 98.1654
60.16818 617.6709 11 98.19876
59.42918 617.9695 11 98.23211
58.93845 618.8412 11 98.26547
58.67881 619.8396 11 98.29882
59.16534 619.7409 11 98.33218
58.97499 619.6414 11 98.36553
58.86224 619.9354 11 98.39889
60.4391 619.4831 11 98.43224
60.16873 619.8009 11 98.4656
60.35453 620.6003 11 98.49896
61.44007 620.6714 11 98.53231
63.05681 621.8689 11 98.56567
61.75977 621.2639 11 98.59902
62.5744 622.157 11 98.63238
62.13151 621.8881 11 98.66573
62.58153 622.3409 11 98.69909
62.13686 622.3094 11 98.73244
62.50326 623.4844 11 98.7658
63.02038 623.7014 11 98.79916
61.59593 623.9073 11 98.83251
62.22424 624.7218 11 98.86587
63.55535 625.0256 11 98.89922
62.13352 626.2463 11 98.93258
63.66905 625.3339 11 98.96593
65.99782 623.9414 11 98.99929
64.16247 624.2791 11 99.03264
65.78508 623.7721 11 99.066
64.99197 623.0624 11 99.09936
63.55507 623.0942 11 99.13271
64.00132 623.5678 11 99.16607
62.52131 623.4841 11 99.19942
62.41215 623.6232 11 99.23278
63.70104 624.167 11 99.26613
63.17495 624.0678 11 99.29949
62.93052 623.8217 11 99.33284
62.28885 623.8641 11 99.3662
62.54619 624.0849 11 99.39956
62.65096 624.351 11 99.43291
62.87542 624.7931 11 99.46627
64.14215 624.5926 11 99.49962
64.35735 625.2675 11 99.53298
