693.0191 867.6338 12 0
879.9178 423.0551 12 0.03335556
874.1578 419.8583 12 0.06671111
867.6453 416.8073 12 0.1000667
864.8882 416.2048 12 0.1334222
862.5479 416.2036 12 0.1667778
857.9274 415.9624 12 0.2001333
852.6882 415.7209 12 0.2334889
847.5335 416.7588 12 0.2668444
840.9997 417.5219 12 0.3002
836.195 419.1291 12 0.3335556
830.8228 421.2142 12 0.3669111
824.9812 423.9805 12 0.4002667
819.4067 427.2067 12 0.4336222
814.2461 430.8788 12 0.4669778
809.2142 434.7641 12 0.5003333
804.7725 438.8667 12 0.5336889
800.6161 443.1933 12 0.5670444
796.6151 447.8323 12 0.6004
793.5755 452.6899 12 0.6337556
790.662 458.4335 12 0.6671111
788.6234 463.6888 12 0.7004667
786.3468 469.206 12 0.7338222
784.0675 475.4577 12 0.7671778
782.4605 481.3557 12 0.8005333
781.4107 487.5194 12 0.8338889
780.9793 493.8764 12 0.8672444
780.7736 500.4223 12 0.9006
781.0905 507.2124 12 0.9339556
781.4191 513.9301 12 0.9673111
781.7645 520.1079 12 1.000667
782.2875 526.4576 12 1.034022
782.7287 532.6053 12 1.067378
784.159 538.8321 12 1.100733
785.336 545.1384 12 1.134089
786.6822 551.5479 12 1.167444
788.6831 557.1235 12 1.2008
790.4331 563.2855 12 1.234156
792.5272 569.1709 12 1.267511
795.068 574.3069 12 1.300867
797.9856 579.6541 12 1.334222
801.1587 585.0975 12 1.367578
804.8926 590.1437 12 1.400933
808.5796 594.8725 12 1.434289
812.2609 599.405 12 1.467644
816.4676 603.6256 12 1.501
821.0061 607.8463 12 1.534356
825.8606 612.1266 12 1.567711
830.3436 615.5915 12 1.601067
835.2088 618.5662 12 1.634422
837.9716 621.5505 12 1.667778
839.6234 625.6863 12 1.701133
842.9139 630.4141 12 1.734489
845.9986 634.9363 12 1.767844
847.0625 638.9378 12 1.8012
848.5846 644.7626 12 1.834556
847.5232 649.4377 12 1.867911
845.1229 655.4285 12 1.901267
843.1966 661.6097 12 1.934622
841.5983 667.8756 12 1.967978
839.2785 674.6782 12 2.001333
837.1422 680.7555 12 2.034689
835.5808 686.2688 12 2.068044
835.6667 689.0807 12 2.1014
835.5399 693.3571 12 2.134756
834.7814 695.1869 12 2.168111
834.0522 696.795 12 2.201467
832.1727 699.0218 12 2.234822
829.5571 701.4779 12 2.268178
825.4669 705.5653 12 2.301533
821.4743 710.8047 12 2.334889
817.5728 712.9271 12 2.368244
811.2764 714.6129 12 2.4016
805.5547 715.6295 12 2.434956
799.4731 717.3507 12 2.468311
793.3638 719.1589 12 2.501667
786.8959 720.9064 12 2.535022
780.8467 721.9073 12 2.568378
774.748 719.5912 12 2.601733
769.0999 719.6574 12 2.635089
763.187 721.436 12 2.668444
758.1553 724.5779 12 2.7018
754.4624 728.3681 12 2.735156
751.7647 733.3506 12 2.768511
749.6661 738.427 12 2.801867
747.4605 743.872 12 2.835222
745.4196 749.8148 12 2.868578
743.7159 756.018 12 2.901933
742.2076 762.1471 12 2.935289
741.7897 767.7509 12 2.968644
742.142 773.6031 12 3.002
740.5349 778.6207 12 3.035356
739.0041 783.7181 12 3.068711
737.3696 790.1107 12 3.102067
734.3169 795.2197 12 3.135422
728.5199 797.7987 12 3.168778
722.368 802.3618 12 3.202133
716.5888 806.6472 12 3.235489
713.5923 809.344 12 3.268844
709.8323 809.2854 12 3.3022
705.0133 811.2138 12 3.335556
699.486 811.5914 12 3.368911
693.2196 811.6346 12 3.402267
687.1732 813.1408 12 3.435622
681.4456 814.4451 12 3.468978
676.1698 816.053 12 3.502333
670.613 818.6615 12 3.535689
666.4345 820.9335 12 3.569044
662.5852 820.8556 12 3.6024
656.9727 821.617 12 3.635756
651.4662 822.7272 12 3.669111
646.2798 822.984 12 3.702467
640.1424 823.7584 12 3.735822
634.5513 823.4456 12 3.769178
628.5407 822.9845 12 3.802533
622.1454 822.1523 12 3.835889
616.0812 821.054 12 3.869244
610.6336 818.6864 12 3.9026
604.9214 815.0976 12 3.935956
598.8305 811.6814 12 3.969311
593.3605 808.7762 12 4.002667
587.5979 806.226 12 4.036022
582.1443 804.2611 12 4.069378
575.3207 802.2251 12 4.102733
569.0118 801.056 12 4.136089
562.5734 799.7565 12 4.169444
556.1319 798.7905 12 4.2028
550.4388 798.3851 12 4.236156
544.5541 797.7888 12 4.269511
538.0382 795.9837 12 4.302867
531.7151 795.1461 12 4.336222
525.3718 794.8776 12 4.369578
518.6357 794.4298 12 4.402933
512.6936 794.9259 12 4.436289
506.4091 795.0376 12 4.469644
500.0438 795.2717 12 4.503
493.7788 795.7647 12 4.536356
487.6274 796.2979 12 4.569711
481.5133 797.3083 12 4.603067
475.6466 798.0818 12 4.636422
469.3692 798.6683 12 4.669778
463.2121 799.0889 12 4.703133
456.696 799.3519 12 4.736489
450.6069 799.1936 12 4.769844
444.4998 799.1296 12 4.8032
438.4846 799.0954 12 4.836556
432.693 799.0455 12 4.869911
426.6669 798.8515 12 4.903267
420.871 798.7253 12 4.936622
415.0774 798.7366 12 4.969978
409.2675 798.3915 12 5.003333
403.3658 798.1514 12 5.036689
397.5659 798.1629 12 5.070044
391.6812 798.0505 12 5.1034
385.8705 797.8379 12 5.136756
380.1843 797.1807 12 5.170111
374.7751 794.9481 12 5.203467
369.0257 794.5928 12 5.236822
363.149 795.7443 12 5.270178
357.0976 797.3768 12 5.303533
350.9452 799.5708 12 5.336889
345.158 802.2614 12 5.370244
339.8235 805.4296 12 5.4036
334.9899 809.2537 12 5.436956
330.7493 813.1098 12 5.470311
326.1426 817.2752 12 5.503667
321.0012 822.8667 12 5.537022
316.4374 827.9495 12 5.570378
313.178 832.9112 12 5.603733
310.0821 837.5956 12 5.637089
306.0368 841.7022 12 5.670444
301.8156 845.0534 12 5.7038
296.4732 847.2816 12 5.737156
292.0781 848.6922 12 5.770511
286.2847 849.3961 12 5.803867
280.9894 848.634 12 5.837222
275.7346 848.0351 12 5.870578
269.9834 847.4325 12 5.903933
265.012 846.7581 12 5.937289
258.4183 845.6664 12 5.970644
250.4251 844.5111 12 6.004
242.4846 842.8351 12 6.037356
235.0197 841.6077 12 6.070711
228.5455 842.164 12 6.104067
225.4929 839.9707 12 6.137422
222.098 837.8541 12 6.170778
216.9595 833.0062 12 6.204133
210.6373 830.4614 12 6.237489
208.6226 826.6844 12 6.270844
203.5306 824.7467 12 6.3042
200.7087 823.3167 12 6.337556
196.4964 821.4706 12 6.370911
191.2918 819.1332 12 6.404267
189.6913 816.1372 12 6.437622
184.9355 811.8161 12 6.470978
178.2406 808.2921 12 6.504333
173.3929 806.1198 12 6.537689
171.0925 802.256 12 6.571044
166.5609 798.6959 12 6.6044
161.4364 794.0799 12 6.637756
159.5325 789.4393 12 6.671111
155.6468 783.3414 12 6.704467
150.0461 778.0958 12 6.737822
144.3728 774.4741 12 6.771178
139.5272 772.3015 12 6.804533
138.0686 768.8653 12 6.837889
134.9019 764.9019 12 6.871244
130.1976 761.0654 12 6.9046
124.6316 757.5295 12 6.937956
119.3906 754.4243 12 6.971311
116.9207 751.6203 12 7.004667
113.7222 748.0467 12 7.038022
109.5518 743.7811 12 7.071378
106.6627 739.7489 12 7.104733
103.1789 735.1777 12 7.138089
99.18694 730.2434 12 7.171444
94.96552 725.7485 12 7.2048
90.87337 721.021 12 7.238156
89.8374 715.1511 12 7.271511
88.08732 708.9932 12 7.304867
85.76643 702.298 12 7.338222
83.24569 696.7906 12 7.371578
80.2939 691.1034 12 7.404933
76.94763 685.2037 12 7.438289
73.63924 680.0123 12 7.471644
70.2675 674.946 12 7.505
66.42645 670.0092 12 7.538356
65.13268 666.1936 12 7.571711
64.94191 660.5819 12 7.605067
63.82713 653.5631 12 7.638422
62.75597 646.9116 12 7.671778
60.82958 641.1758 12 7.705133
58.82823 635.2876 12 7.738489
56.80555 629.2763 12 7.771844
54.70925 622.861 12 7.8052
52.30087 616.6042 12 7.838556
49.59477 610.6121 12 7.871911
46.82883 604.6364 12 7.905267
44.29275 598.524 12 7.938622
41.6338 592.9394 12 7.971978
38.85107 586.9318 12 8.005333
36.25239 581.2853 12 8.038689
34.07464 575.417 12 8.072044
33.49265 570.2705 12 8.1054
32.71301 564.552 12 8.138756
31.32322 558.678 12 8.172111
30.49535 552.8732 12 8.205467
32.26555 547.2301 12 8.238822
33.34933 540.6296 12 8.272178
33.45585 534.5076 12 8.305533
33.46184 528.4034 12 8.338889
32.78773 522.4687 12 8.372244
31.19048 517.1103 12 8.4056
29.80439 511.6285 12 8.438956
29.15919 505.6492 12 8.472311
28.07353 498.5782 12 8.505667
27.30765 492.6256 12 8.539022
26.56225 486.0529 12 8.572378
26.31676 479.7339 12 8.605733
25.6059 473.7393 12 8.639089
25.11111 467.7372 12 8.672444
26.43104 462.0311 12 8.7058
28.62612 456.4491 12 8.739156
29.46663 450.6693 12 8.772511
30.05493 444.7987 12 8.805867
30.3852 439.1999 12 8.839222
30.06434 433.887 12 8.872578
32.34289 429.9711 12 8.905933
34.25733 424.2608 12 8.939289
35.58426 417.6211 12 8.972644
36.52544 411.232 12 9.006
36.95859 405.223 12 9.039356
38.06201 398.7791 12 9.072711
39.22781 392.3025 12 9.106067
39.85308 385.9177 12 9.139422
40.29361 379.6282 12 9.172778
40.94058 373.4245 12 9.206133
43.59019 368.5372 12 9.239489
45.98381 363.5176 12 9.272844
48.68295 357.3545 12 9.3062
51.22752 351.0972 12 9.339556
53.52412 345.389 12 9.372911
55.56788 339.7105 12 9.406267
57.3233 333.9944 12 9.439622
58.96255 327.7725 12 9.472978
60.41233 321.4398 12 9.506333
61.66147 315.3865 12 9.539689
62.88421 309.5209 12 9.573044
65.51966 304.3411 12 9.6064
67.75703 298.8117 12 9.639756
69.77064 293.0837 12 9.673111
72.07057 288.5875 12 9.706467
76.12803 285.4929 12 9.739822
79.66663 280.355 12 9.773178
83.06344 275.0801 12 9.806533
85.88341 269.7338 12 9.839889
88.9789 264.0497 12 9.873244
91.59997 259.1284 12 9.9066
94.31571 253.937 12 9.939956
96.33338 248.9682 12 9.973311
98.34268 243.1949 12 10.00667
100.9622 238.8778 12 10.04002
104.1177 234.2867 12 10.07338
106.5048 228.8763 12 10.10673
109.0363 223.2468 12 10.14009
112.5344 218.6939 12 10.17344
117.6131 215.713 12 10.2068
121.8504 212.0064 12 10.24016
126.0989 208.2958 12 10.27351
130.3608 204.3882 12 10.30687
134.7198 200.4249 12 10.34022
138.3536 196.3724 12 10.37358
142.0889 192.1682 12 10.40693
145.7354 187.9282 12 10.44029
149.4625 183.438 12 10.47364
152.958 178.7666 12 10.507
155.9877 174.2595 12 10.54036
158.7192 169.0633 12 10.57371
161.7479 164.8541 12 10.60707
166.9455 162.7635 12 10.64042
171.1199 159.5324 12 10.67378
175.5099 156.0581 12 10.70713
179.7469 152.0156 12 10.74049
184.1662 148.1485 12 10.77384
188.2564 143.9786 12 10.8072
191.8936 139.9958 12 10.84056
195.1827 135.4647 12 10.87391
198.7141 131.1342 12 10.90727
202.5611 128.626 12 10.94062
206.3458 125.7273 12 10.97398
210.306 122.2842 12 11.00733
215.1548 117.7914 12 11.04069
219.0991 113.9191 12 11.07404
223.3246 109.7953 12 11.1074
227.6959 108.9283 12 11.14076
232.6171 105.4096 12 11.17411
238.0187 101.8916 12 11.20747
242.5814 98.36314 12 11.24082
247.6947 94.69507 12 11.27418
252.3391 90.86043 12 11.30753
256.666 87.1642 12 11.34089
262.8653 86.48908 12 11.37424
266.8082 84.72018 12 11.4076
271.2153 85.33665 12 11.44096
276.712 85.54699 12 11.47431
280.2154 83.35119 12 11.50767
282.941 81.8172 12 11.54102
286.8788 80.57192 12 11.57438
291.4285 77.81947 12 11.60773
295.3131 74.30786 12 11.64109
298.492 71.27169 12 11.67444
301.2639 70.47036 12 11.7078
305.4375 71.13746 12 11.74116
310.3313 69.47722 12 11.77451
315.2747 67.42543 12 11.80787
320.1406 63.94708 12 11.84122
324.5478 61.03115 12 11.87458
328.1217 60.55294 12 11.90793
333.4016 58.9957 12 11.94129
338.6741 55.88207 12 11.97464
343.4976 53.06852 12 12.008
348.0874 50.83998 12 12.04136
353.0235 47.95867 12 12.07471
358.2345 45.80513 12 12.10807
363.2918 43.60154 12 12.14142
368.6152 41.71509 12 12.17478
374.3209 40.40209 12 12.20813
379.7205 39.0388 12 12.24149
385.3704 37.72779 12 12.27484
389.0557 36.22794 12 12.3082
392.8109 35.38257 12 12.34156
397.8638 34.6787 12 12.37491
402.2537 35.36182 12 12.40827
406.7723 36.43754 12 12.44162
412.3522 35.85315 12 12.47498
418.5031 34.6884 12 12.50833
424.4936 33.77767 12 12.54169
430.7629 32.57656 12 12.57504
436.4071 31.67268 12 12.6084
441.2498 30.53414 12 12.64176
446.2092 29.10363 12 12.67511
450.3359 29.07961 12 12.70847
455.867 30.42548 12 12.74182
462.2272 30.63339 12 12.77518
468.8096 30.61608 12 12.80853
474.6221 30.20108 12 12.84189
480.6095 29.9945 12 12.87524
486.7133 29.93059 12 12.9086
492.4616 29.2575 12 12.94196
497.9459 28.54069 12 12.97531
503.1235 27.70975 12 13.00867
508.8703 28.29531 12 13.04202
515.1606 29.76087 12 13.07538
521.3116 29.56237 12 13.10873
527.5341 29.65501 12 13.14209
533.44 29.56689 12 13.17544
539.1889 29.14919 12 13.2088
544.4771 29.67398 12 13.24216
548.9485 32.37958 12 13.27551
555.0985 34.00033 12 13.30887
560.9153 35.39433 12 13.34222
566.6059 36.09655 12 13.37558
572.0052 36.73228 12 13.40893
577.5145 37.49925 12 13.44229
582.9288 38.32782 12 13.47564
588.0558 38.9677 12 13.509
593.1497 39.601 12 13.54236
598.5307 40.54871 12 13.57571
603.8184 41.26932 12 13.60907
609.2873 41.89291 12 13.64242
614.4629 43.05141 12 13.67578
619.9718 44.59369 12 13.70913
625.61 45.73306 12 13.74249
630.9581 47.39787 12 13.77584
635.7098 49.28448 12 13.8092
640.3832 50.89348 12 13.84256
643.6675 54.5429 12 13.87591
647.4006 58.61944 12 13.90927
651.5789 62.07435 12 13.94262
656.1839 64.80341 12 13.97598
660.9995 67.1121 12 14.00933
666.7387 69.36424 12 14.04269
672.6156 71.33546 12 14.07604
677.6403 73.12622 12 14.1094
680.9089 75.29787 12 14.14276
685.2668 78.34834 12 14.17611
690.0754 80.65154 12 14.20947
696.0522 82.90649 12 14.24282
701.2777 84.61205 12 14.27618
704.1484 88.12869 12 14.30953
708.4117 91.96898 12 14.34289
713.9647 95.44155 12 14.37624
719.0564 98.22143 12 14.4096
724.1264 100.634 12 14.44296
729.394 103.0458 12 14.47631
734.4523 105.7739 12 14.50967
737.1368 109.4206 12 14.54302
740.9395 113.7358 12 14.57638
746.6268 117.5767 12 14.60973
751.5805 120.6725 12 14.64309
756.4468 122.7457 12 14.67644
760.6316 124.7086 12 14.7098
763.4025 128.8663 12 14.74316
768.069 133.9893 12 14.77651
772.5576 138.6072 12 14.80987
777.3149 142.49 12 14.84322
782.1766 145.609 12 14.87658
786.9109 148.9668 12 14.90993
791.786 152.4544 12 14.94329
796.4182 155.5434 12 14.97664
800.0189 159.1388 12 15.01
802.8331 163.9288 12 15.04336
806.794 168.8494 12 15.07671
810.9693 173.8151 12 15.11007
815.6463 177.871 12 15.14342
819.8179 181.6977 12 15.17678
823.9087 185.0308 12 15.21013
826.2149 188.7098 12 15.24349
829.5779 192.3795 12 15.27684
833.6789 196.6183 12 15.3102
838.2647 200.5672 12 15.34356
841.8631 204.9936 12 15.37691
844.3021 210.4752 12 15.41027
846.8585 215.7397 12 15.44362
850.241 220.4192 12 15.47698
853.7278 225.2425 12 15.51033
857.3574 229.723 12 15.54369
861.2807 234.2745 12 15.57704
865.1122 239.1305 12 15.6104
868.949 243.5505 12 15.64376
871.0456 248.2622 12 15.67711
873.5244 254.3853 12 15.71047
876.3151 260.5215 12 15.74382
879.6287 265.7619 12 15.77718
882.8897 270.3518 12 15.81053
886.172 275.0129 12 15.84389
887.5941 280.904 12 15.87724
890.4158 287.3947 12 15.9106
892.7737 293.7894 12 15.94396
895.4212 299.8597 12 15.97731
897.7405 305.7 12 16.01067
899.2973 312.429 12 16.04402
900.9761 319.1462 12 16.07738
902.909 325.5542 12 16.11073
905.4689 331.1651 12 16.14409
908.1564 336.9736 12 16.17744
911.2212 342.1277 12 16.2108
913.9931 347.5882 12 16.24416
916.6136 353.5122 12 16.27751
917.4192 359.8416 12 16.31087
918.3632 365.6866 12 16.34422
919.469 372.1334 12 16.37758
921.012 377.9785 12 16.41093
922.3322 383.8751 12 16.44429
923.6021 389.7776 12 16.47764
924.8624 395.4208 12 16.511
925.6825 401.484 12 16.54436
926.1938 407.553 12 16.57771
926.7814 413.6509 12 16.61107
927.2415 419.784 12 16.64442
926.8897 425.7604 12 16.67778
926.538 431.5281 12 16.71113
925.7411 437.2968 12 16.74449
924.9187 443.3184 12 16.77784
923.9289 449.2606 12 16.8112
922.9283 455.1899 12 16.84456
921.6565 460.8736 12 16.87791
920.4597 466.6939 12 16.91127
919.0828 472.6201 12 16.94462
917.2919 478.381 12 16.97798
915.41 484.0148 12 17.01133
913.2209 489.5397 12 17.04469
910.9368 494.9987 12 17.07804
908.6225 500.4508 12 17.1114
906.0239 505.9907 12 17.14476
902.9947 510.9704 12 17.17811
900.1729 515.789 12 17.21147
896.884 520.7818 12 17.24482
893.5627 525.6351 12 17.27818
889.799 530.2921 12 17.31153
886.2509 534.9208 12 17.34489
882.5596 539.1 12 17.37824
878.7015 543.3666 12 17.4116
874.9255 547.6993 12 17.44496
871.1894 552.3958 12 17.47831
867.3464 557.1177 12 17.51167
863.4524 562.4611 12 17.54502
859.7684 567.4641 12 17.57838
856.3286 572.6135 12 17.61173
852.7725 577.9042 12 17.64509
849.5054 583.0169 12 17.67844
846.5603 588.3717 12 17.7118
843.5168 593.807 12 17.74516
840.4553 599.4715 12 17.77851
837.8245 605.0284 12 17.81187
835.5357 610.8447 12 17.84522
833.8015 616.5384 12 17.87858
831.7433 622.9599 12 17.91193
830.1998 628.9418 12 17.94529
828.9412 634.9038 12 17.97864
827.7379 641.2696 12 18.012
826.8374 647.6861 12 18.04536
826.4626 654.4274 12 18.07871
825.9207 660.6243 12 18.11207
825.5897 666.8257 12 18.14542
824.6827 673.719 12 18.17878
824.4794 680.2159 12 18.21213
824.3016 686.3066 12 18.24549
824.5669 692.7452 12 18.27884
824.5272 698.9361 12 18.3122
825.0142 705.3967 12 18.34556
825.7136 711.2841 12 18.37891
826.4263 717.0865 12 18.41227
826.9362 723.5221 12 18.44562
827.5318 729.8794 12 18.47898
828.5179 735.9978 12 18.51233
829.6341 741.6038 12 18.54569
831.3699 747.2022 12 18.57904
831.103 750.0434 12 18.6124
830.2265 751.7462 12 18.64576
829.1466 756.8492 12 18.67911
828.5427 762.6552 12 18.71247
826.7536 765.9617 12 18.74582
823.9705 769.5065 12 18.77918
821.157 774.7082 12 18.81253
818.2919 780.189 12 18.84589
816.0334 786.2164 12 18.87924
813.7036 791.38 12 18.9126
809.5899 794.047 12 18.94596
805.2071 797.569 12 18.97931
800.4535 802.1457 12 19.01267
796.7635 806.6092 12 19.04602
792.3542 811.2054 12 19.07938
787.9937 815.9457 12 19.11273
784.4034 820.4649 12 19.14609
781.0084 825.1954 12 19.17944
777.6338 830.0014 12 19.2128
773.3731 835.0252 12 19.24616
768.1111 836.9386 12 19.27951
762.4278 839.3492 12 19.31287
756.6215 842.9812 12 19.34622
751.0577 846.4087 12 19.37958
746.2381 849.9402 12 19.41293
741.5008 853.8001 12 19.44629
737.0069 857.2132 12 19.47964
732.2798 861.2576 12 19.513
727.8392 865.3606 12 19.54636
723.2682 869.8102 12 19.57971
718.9895 874.749 12 19.61307
714.8995 879.0273 12 19.64642
710.2392 881.5444 12 19.67978
704.4625 883.595 12 19.71313
699.0009 886.6786 12 19.74649
693.7597 889.3253 12 19.77984
687.9666 892.3799 12 19.8132
682.2581 895.6524 12 19.84656
676.7934 899.3398 12 19.87991
671.507 903.1291 12 19.91327
666.6072 905.194 12 19.94662
660.3893 904.5441 12 19.97998
653.8232 905.2483 12 20.01333
647.4142 907.1922 12 20.04669
641.2677 909.4053 12 20.08004
635.5481 911.5311 12 20.1134
629.5718 913.9306 12 20.14676
623.5665 916.3745 12 20.18011
617.5291 918.8114 12 20.21347
611.395 920.7758 12 20.24682
605.5284 922.907 12 20.28018
600.0386 925.0281 12 20.31353
593.7566 926.7865 12 20.34689
587.4664 929.2782 12 20.38024
582.1916 931.7192 12 20.4136
576.5446 934.089 12 20.44696
570.7266 934.8764 12 20.48031
564.4944 933.6551 12 20.51367
558.3999 933.8312 12 20.54702
552.8628 934.4657 12 20.58038
547.1181 934.6262 12 20.61373
540.897 934.8094 12 20.64709
534.6562 935.3542 12 20.68044
528.8956 935.9885 12 20.7138
522.8716 937.244 12 20.74716
516.8972 938.2901 12 20.78051
510.467 939.787 12 20.81387
504.1863 941.4673 12 20.84722
498.0426 943.3365 12 20.88058
492.1018 945.1595 12 20.91393
486.5931 945.24 12 20.94729
481.0064 942.4102 12 20.98064
474.227 940.709 12 21.014
467.7442 939.7837 12 21.04736
461.6119 939.0063 12 21.08071
455.5232 938.4534 12 21.11407
449.2041 937.99 12 21.14742
443.0893 937.5007 12 21.18078
437.0018 936.6242 12 21.21413
430.7823 935.9386 12 21.24749
424.9435 935.3549 12 21.28084
418.7253 934.7696 12 21.3142
412.3692 934.2075 12 21.34756
406.3489 934.0692 12 21.38091
399.7694 933.91 12 21.41427
393.4906 933.6571 12 21.44762
387.2657 933.8837 12 21.48098
380.8335 933.9444 12 21.51433
374.6845 933.6809 12 21.54769
369.678 932.9534 12 21.58104
362.8325 931.9876 12 21.6144
357.8427 929.607 12 21.64776
352.7708 925.4703 12 21.68111
346.6588 922.0928 12 21.71447
340.4978 919.4133 12 21.74782
334.744 917.1459 12 21.78118
329.3404 915.0224 12 21.81453
323.1331 912.4604 12 21.84789
317.1056 910.8352 12 21.88124
311.6784 908.5884 12 21.9146
305.8531 907.0569 12 21.94796
300.1865 905.469 12 21.98131
293.9803 904.0533 12 22.01467
287.4975 902.3049 12 22.04802
281.9363 900.7826 12 22.08138
277.8971 896.5653 12 22.11473
273.4778 892.3669 12 22.14809
268.4037 888.2651 12 22.18144
263.6868 884.5609 12 22.2148
259 881.1797 12 22.24816
254.1712 877.2591 12 22.28151
249.4101 873.7702 12 22.31487
244.4407 870.5229 12 22.34822
239.7198 867.5812 12 22.38158
234.4671 864.9356 12 22.41493
228.7396 861.943 12 22.44829
222.7482 859.8105 12 22.48164
216.8928 858.418 12 22.515
212.7224 856.1108 12 22.54836
209.1448 852.614 12 22.58171
203.9359 847.8475 12 22.61507
199.5374 843.6279 12 22.64842
194.8753 840.2866 12 22.68178
190.4558 836.8926 12 22.71513
185.5623 832.3562 12 22.74849
180.681 827.9227 12 22.78184
176.1552 824.2137 12 22.8152
171.2768 820.1924 12 22.84856
166.582 816.6484 12 22.88191
162.031 813.0488 12 22.91527
157.1102 809.9372 12 22.94862
152.4549 806.3797 12 22.98198
148.4512 802.622 12 23.01533
145.3398 798.0871 12 23.04869
141.3771 793.1814 12 23.08204
136.7763 787.9932 12 23.1154
132.7032 783.7734 12 23.14876
128.5502 779.4021 12 23.18211
124.4584 775.086 12 23.21547
120.6332 770.5803 12 23.24882
117.0078 765.8597 12 23.28218
112.7589 761.4183 12 23.31553
109.2816 756.8596 12 23.34889
108.3302 751.9368 12 23.38224
106.3193 747.1651 12 23.4156
103.1645 742.8143 12 23.44896
99.33127 738.3582 12 23.48231
96.24172 733.7462 12 23.51567
93.53663 729.269 12 23.54902
90.04311 724.9174 12 23.58238
87.59929 720.6228 12 23.61573
84.97077 716.3296 12 23.64909
85.26449 711.4684 12 23.68244
84.51466 705.5201 12 23.7158
82.90302 698.6789 12 23.74916
80.75532 692.2359 12 23.78251
78.55193 685.9773 12 23.81587
76.0852 680.0188 12 23.84922
73.54399 673.884 12 23.88258
70.39133 668.0767 12 23.91593
67.89417 662.3557 12 23.94929
65.19278 656.6294 12 23.98264
62.71821 651.3785 12 24.016
60.55804 645.8644 12 24.04936
57.89338 639.9344 12 24.08271
54.87329 634.1115 12 24.11607
52.00619 628.8407 12 24.14942
49.12029 623.4026 12 24.18278
45.67189 618.1316 12 24.21613
44.45934 612.8932 12 24.24949
43.30232 607.5606 12 24.28284
41.98628 601.5011 12 24.3162
40.43711 595.1461 12 24.34956
38.76517 588.8407 12 24.38291
36.99713 583.1782 12 24.41627
34.7333 577.5403 12 24.44962
34.87418 572.464 12 24.48298
36.26632 566.6101 12 24.51633
36.39775 559.7123 12 24.54969
35.82048 552.9148 12 24.58304
34.82028 547.2033 12 24.6164
34.26034 541.0574 12 24.64976
33.10734 534.9422 12 24.68311
31.76177 529.401 12 24.71647
30.24506 523.4894 12 24.74982
28.28342 517.5016 12 24.78318
28.35872 513.0683 12 24.81653
29.29324 507.2628 12 24.84989
29.54212 500.4786 12 24.88324
29.35436 494.2398 12 24.9166
29.36535 488.2031 12 24.94996
29.2387 482.1828 12 24.98331
29.31536 476.5661 12 25.01667
29.60654 470.8817 12 25.05002
29.86723 465.2771 12 25.08338
30.39477 459.409 12 25.11673
30.54267 453.8517 12 25.15009
30.86708 448.3722 12 25.18344
31.45669 442.6393 12 25.2168
31.85813 436.8436 12 25.25016
32.03547 431.2728 12 25.28351
31.84707 425.6092 12 25.31687
32.44859 420.2842 12 25.35022
35.32296 418.1084 12 25.38358
36.32807 417.5042 12 25.41693
37.09216 415.3015 12 25.45029
37.5199 415.1128 12 25.48364
37.06674 413.3848 12 25.517
38.56283 410.4891 12 25.55036
39.92737 405.8209 12 25.58371
39.52199 402.4529 12 25.61707
38.73487 398.4688 12 25.65042
41.46777 395.6217 12 25.68378
43.88851 391.4233 12 25.71713
44.92479 387.0616 12 25.75049
45.46164 381.1962 12 25.78384
45.75262 374.757 12 25.8172
46.05374 369.3706 12 25.85056
46.77273 365.6137 12 25.88391
47.26696 361.2787 12 25.91727
50.00121 358.005 12 25.95062
52.56022 352.6465 12 25.98398
54.28786 346.1146 12 26.01733
55.65483 339.5946 12 26.05069
56.83068 333.6103 12 26.08404
58.03284 327.8232 12 26.1174
60.14192 322.687 12 26.15076
62.13652 316.8541 12 26.18411
64.57221 311.1785 12 26.21747
66.79892 305.4119 12 26.25082
69.37335 300.0602 12 26.28418
71.75791 294.8529 12 26.31753
74.15952 289.952 12 26.35089
77.02572 284.6918 12 26.38424
80.43117 279.6356 12 26.4176
83.60393 274.356 12 26.45096
90.92889 264.7017 12 26.48431
90.92889 264.7017 12 26.51767
94.82182 260.5478 12 26.55102
101.754 251.4421 12 26.58438
101.754 251.4421 12 26.61773
105.0605 246.6947 12 26.65109
111.2617 236.389 12 26.68444
111.2617 236.389 12 26.7178
113.9086 231.2986 12 26.75116
118.6754 220.6087 12 26.78451
118.6754 220.6087 12 26.81787
120.8686 215.5257 12 26.85122
125.2719 205.9095 12 26.88458
125.2719 205.9095 12 26.91793
130.6531 197.3063 12 26.95129
133.9267 192.2566 12 26.98464
133.9267 192.2566 12 27.018
141.8335 186.3644 12 27.05136
146.2048 183.4085 12 27.08471
146.2048 183.4085 12 27.11807
154.9306 176.2714 12 27.15142
159.7019 172.2242 12 27.18478
159.7019 172.2242 12 27.21813
168.06 164.2713 12 27.25149
171.7331 160.2184 12 27.28484
171.7331 160.2184 12 27.3182
178.7499 151.1147 12 27.35156
182.1558 146.4185 12 27.38491
182.1558 146.4185 12 27.41827
188.3272 137.328 12 27.45162
192.9467 135.4938 12 27.48498
198.4348 132.6812 12 27.51833
203.9767 129.4915 12 27.55169
209.4035 125.8493 12 27.58504
214.7207 122.3825 12 27.6184
219.0146 118.5703 12 27.65176
222.9409 114.6202 12 27.68511
227.0647 110.2164 12 27.71847
231.2281 106.3921 12 27.75182
235.1788 103.9993 12 27.78518
239.0541 100.6271 12 27.81853
243.2033 97.56765 12 27.85189
247.299 96.7648 12 27.88524
252.0302 94.62093 12 27.9186
257.3812 92.00427 12 27.95196
262.1168 88.83906 12 27.98531
266.4376 86.05103 12 28.01867
270.6476 82.53797 12 28.05202
274.9768 79.54109 12 28.08538
279.3728 78.91703 12 28.11873
284.6769 78.87465 12 28.15209
290.1413 77.6148 12 28.18544
295.9451 75.67857 12 28.2188
301.5528 72.81103 12 28.25216
306.0398 69.94941 12 28.28551
311.0466 66.73355 12 28.31887
316.0382 62.98699 12 28.35222
320.0171 60.32109 12 28.38558
325.1838 59.65797 12 28.41893
330.9148 57.93807 12 28.45229
336.1169 55.7087 12 28.48564
341.5702 52.97361 12 28.519
346.4024 50.41158 12 28.55236
350.6166 47.986 12 28.58571
354.9394 49.15148 12 28.61907
360.7607 49.04119 12 28.65242
366.5749 48.49941 12 28.68578
372.2621 47.50585 12 28.71913
378.0137 46.96342 12 28.75249
384.0064 45.55374 12 28.78584
389.539 45.15013 12 28.8192
395.0787 44.94643 12 28.85256
400.8329 45.03097 12 28.88591
406.4334 45.40483 12 28.91927
411.71 46.28585 12 28.95262
417.4494 46.12061 12 28.98598
422.7337 46.37045 12 29.01933
427.9729 46.60475 12 29.05269
433.4942 46.67759 12 29.08604
439.0176 47.14537 12 29.1194
444.3972 47.91884 12 29.15276
449.8335 49.23934 12 29.18611
454.9493 51.32036 12 29.21947
459.9856 52.78943 12 29.25282
465.2626 54.70962 12 29.28618
470.2138 56.69248 12 29.31953
475.4998 58.64912 12 29.35289
480.4003 60.77916 12 29.38624
485.5952 62.72075 12 29.4196
490.0985 65.34431 12 29.45296
495.0129 68.13994 12 29.48631
499.499 71.20994 12 29.51967
503.9857 74.2211 12 29.55302
508.5866 77.24448 12 29.58638
512.7955 80.77664 12 29.61973
517.1242 84.2324 12 29.65309
521.2862 87.99562 12 29.68644
525.2618 91.72794 12 29.7198
529.3907 95.12922 12 29.75316
532.8031 99.14193 12 29.78651
536.3452 103.4568 12 29.81987
540.0942 107.1888 12 29.85322
543.2487 111.4797 12 29.88658
546.6114 115.8703 12 29.91993
549.4688 120.4962 12 29.95329
552.6372 125.0492 12 29.98664
555.6967 129.7013 12 30.02
558.078 134.87 12 30.05336
560.0878 140.306 12 30.08671
562.7078 145.3067 12 30.12007
565.4503 150.3883 12 30.15342
567.6031 155.4953 12 30.18678
570.6631 160.6731 12 30.22013
573.593 165.9396 12 30.25349
576.3162 171.53 12 30.28684
579.5006 177.4662 12 30.3202
582.6186 182.5864 12 30.35356
585.5373 187.595 12 30.38691
588.6332 193.2767 12 30.42027
591.632 198.7065 12 30.45362
594.8663 203.3286 12 30.48698
598.4649 208.3884 12 30.52033
602.4591 213.3086 12 30.55369
606.4519 217.5817 12 30.58704
610.5067 221.8348 12 30.6204
614.908 226.7099 12 30.65376
619.6815 231.7099 12 30.68711
624.412 235.8371 12 30.72047
629.2197 239.4805 12 30.75382
634.0579 242.7868 12 30.78718
638.8207 245.2678 12 30.82053
643.7195 247.9723 12 30.85389
649.4135 250.9589 12 30.88724
654.8735 253.0378 12 30.9206
660.1483 254.8213 12 30.95396
666.0588 256.1933 12 30.98731
672.4094 257.1849 12 31.02067
678.5593 258.2282 12 31.05402
684.0198 258.8046 12 31.08738
690.3268 259.2614 12 31.12073
697.0597 259.7275 12 31.15409
703.3116 259.4558 12 31.18744
709.4544 259.1891 12 31.2208
715.276 258.3903 12 31.25416
720.6014 257.8081 12 31.28751
725.9203 256.7021 12 31.32087
731.9131 255.4229 12 31.35422
737.7691 254.1143 12 31.38758
743.7054 252.5303 12 31.42093
748.7584 250.6874 12 31.45429
753.8649 248.6756 12 31.48764
758.4974 245.8775 12 31.521
763.441 243.0669 12 31.55436
768.8376 240.1327 12 31.58771
774.1736 237.026 12 31.62107
779.1165 233.6726 12 31.65442
784.2156 230.5362 12 31.68778
789.5903 226.8207 12 31.72113
794.8949 223.0224 12 31.75449
799.399 219.3365 12 31.78784
804.5281 215.4013 12 31.8212
809.3926 211.7592 12 31.85456
813.9087 207.7559 12 31.88791
814.4678 206.2943 12 31.92127
814.6686 207.0524 12 31.95462
814.495 206.2123 12 31.98798
815.5499 203.3578 12 32.02133
815.8909 199.5098 12 32.05469
816.1827 195.6304 12 32.08804
815.7428 190.0575 12 32.1214
814.9192 184.8978 12 32.15476
813.4849 180.9118 12 32.18811
811.1355 175.4508 12 32.22147
808.1031 169.9831 12 32.25482
804.6432 165.2269 12 32.28818
801.2214 161.2328 12 32.32153
797.2317 157.7137 12 32.35489
792.9577 154.5744 12 32.38824
788.6018 151.8728 12 32.4216
783.8372 148.6048 12 32.45496
778.4067 145.7644 12 32.48831
773.1047 143.6109 12 32.52167
768.0999 142.5954 12 32.55502
762.7844 141.642 12 32.58838
756.4531 140.5906 12 32.62173
750.2925 140.0612 12 32.65509
744.5836 139.9838 12 32.68844
738.079 140.8502 12 32.7218
731.9607 141.5102 12 32.75516
725.7323 142.394 12 32.78851
720.2407 143.3621 12 32.82187
714.0129 144.0374 12 32.85522
708.2219 145.5003 12 32.88858
702.8006 146.6528 12 32.92193
697.1485 147.9904 12 32.95529
691.4006 149.3003 12 32.98864
685.7418 151.4084 12 33.022
680.8068 154.0664 12 33.05536
676.3281 157.2427 12 33.08871
672.3266 160.4718 12 33.12207
668.6975 164.2193 12 33.15542
665.123 168.1628 12 33.18878
661.4258 172.3711 12 33.22213
657.7188 177.4519 12 33.25549
654.1644 182.0616 12 33.28884
650.7056 187.6194 12 33.3222
647.3989 192.6943 12 33.35556
645.0019 197.7247 12 33.38891
642.62 202.8499 12 33.42227
640.9355 208.0863 12 33.45562
638.8196 213.9842 12 33.48898
637.0378 219.9399 12 33.52233
635.348 225.5792 12 33.55569
633.8625 231.2328 12 33.58904
632.2151 237.4992 12 33.6224
631.1786 243.8137 12 33.65576
630.0369 250.1145 12 33.68911
628.9909 256.3738 12 33.72247
627.7131 262.5938 12 33.75582
626.6729 268.2388 12 33.78918
625.5227 274.0125 12 33.82253
623.5719 280.2576 12 33.85589
622.2926 286.4351 12 33.88924
621.3811 292.218 12 33.9226
620.7115 297.8365 12 33.95596
620.505 304.4761 12 33.98931
620.2797 310.2003 12 34.02267
620.6338 316.0194 12 34.05602
621.2734 322.1086 12 34.08938
622.1654 328.4274 12 34.12273
623.2328 334.3308 12 34.15609
624.4835 340.0927 12 34.18944
626.0267 346.4038 12 34.2228
627.9161 352.4701 12 34.25616
629.9973 358.5148 12 34.28951
632.3028 364.3887 12 34.32287
634.5566 370.217 12 34.35622
637.211 376.4889 12 34.38958
639.1117 382.4583 12 34.42293
640.9068 388.3828 12 34.45629
642.2224 394.1551 12 34.48964
643.777 400.1382 12 34.523
645.3215 405.8961 12 34.55636
647.1331 411.7793 12 34.58971
649.1047 417.8561 12 34.62307
651.1063 423.8857 12 34.65642
653.3771 429.6601 12 34.68978
655.3796 435.2641 12 34.72313
657.4645 440.7017 12 34.75649
659.8252 446.8733 12 34.78984
662.2896 452.9262 12 34.8232
665.1078 458.0698 12 34.85656
667.9466 463.0204 12 34.88991
670.9306 468.3118 12 34.92327
674.1961 474.073 12 34.95662
677.8442 479.509 12 34.98998
681.4815 484.4949 12 35.02333
684.8087 489.4709 12 35.05669
688.2774 494.6619 12 35.09004
691.711 499.3194 12 35.1234
695.4054 503.362 12 35.15676
699.0333 506.9353 12 35.19011
702.7656 510.0792 12 35.22347
707.3761 513.7349 12 35.25682
711.9626 517.0083 12 35.29018
717.4 519.6956 12 35.32353
722.5135 522.2597 12 35.35689
727.9498 524.471 12 35.39024
733.4431 526.8017 12 35.4236
739.2085 528.1759 12 35.45696
745.1989 529.3122 12 35.49031
751.3782 530.2224 12 35.52367
757.3928 530.7928 12 35.55702
763.57 531.4042 12 35.59038
769.4151 531.6176 12 35.62373
775.1457 532.4736 12 35.65709
781.2891 532.6235 12 35.69044
787.5616 532.6642 12 35.7238
793.601 533.026 12 35.75716
799.4261 533.2228 12 35.79051
805.3061 533.5387 12 35.82387
810.6503 533.129 12 35.85722
815.7889 532.8241 12 35.89058
820.9336 532.1185 12 35.92393
826.6907 531.2596 12 35.95729
832.6965 530.5139 12 35.99064
838.473 529.0623 12 36.024
843.7623 527.5136 12 36.05736
849.4038 526.3412 12 36.09071
855.2271 524.7137 12 36.12407
860.0387 522.4155 12 36.15742
864.9837 519.862 12 36.19078
869.5108 516.5466 12 36.22413
874.142 513.4753 12 36.25749
878.6203 509.8077 12 36.29084
882.9706 506.1349 12 36.3242
887.1858 501.9078 12 36.35756
890.866 497.7184 12 36.39091
894.5636 493.0807 12 36.42427
898.2997 487.9094 12 36.45762
901.475 482.5432 12 36.49098
904.1111 477.2903 12 36.52433
906.9109 472.1143 12 36.55769
909.2899 466.67 12 36.59104
911.0795 461.4523 12 36.6244
912.0506 455.8456 12 36.65776
912.4585 450.3866 12 36.69111
911.8189 444.9916 12 36.72447
911.0254 440.1193 12 36.75782
909.4887 435.2398 12 36.79118
907.6804 430.2365 12 36.82453
905.6743 425.0089 12 36.85789
903.2037 419.5741 12 36.89124
900.4039 414.4646 12 36.9246
896.9664 409.7595 12 36.95796
893.1012 405.6198 12 36.99131
889.5068 401.4053 12 37.02467
884.6801 396.7586 12 37.05802
880.043 392.7172 12 37.09138
875.3502 389.6114 12 37.12473
870.3826 386.7637 12 37.15809
864.9345 384.1391 12 37.19144
859.1516 381.8145 12 37.2248
853.3808 379.9816 12 37.25816
847.9288 378.9045 12 37.29151
842.6689 378.3697 12 37.32487
836.9013 378.2325 12 37.35822
830.2559 377.9235 12 37.39158
823.942 378.617 12 37.42493
818.1185 379.0834 12 37.45829
812.3741 379.7532 12 37.49164
806.5742 380.4429 12 37.525
800.803 381.6584 12 37.55836
795.532 383.2379 12 37.59171
790.2713 384.7566 12 37.62507
784.0701 386.8409 12 37.65842
778.4549 389.0212 12 37.69178
773.0309 391.6432 12 37.72513
767.9178 394.2853 12 37.75849
762.63 397.3133 12 37.79184
757.7087 400.1819 12 37.8252
753.4755 403.3204 12 37.85856
748.832 406.8042 12 37.89191
744.1584 410.805 12 37.92527
739.868 414.9143 12 37.95862
735.8519 419.3592 12 37.99198
732.1644 423.8025 12 38.02533
728.5506 428.82 12 38.05869
725.3311 434.1595 12 38.09204
722.4942 439.3456 12 38.1254
719.8739 444.3802 12 38.15876
717.2847 449.8268 12 38.19211
714.6137 455.4781 12 38.22547
712.4879 461.2892 12 38.25882
710.8792 466.5968 12 38.29218
709.2568 471.8888 12 38.32553
707.6377 477.7027 12 38.35889
706.2576 484.2285 12 38.39224
705.2238 490.5517 12 38.4256
704.4464 496.8785 12 38.45896
703.6525 502.7352 12 38.49231
703.1857 508.5581 12 38.52567
702.2757 514.6539 12 38.55902
701.4522 520.7753 12 38.59238
700.9908 526.5543 12 38.62573
700.8844 532.7026 12 38.65909
701.0316 538.5574 12 38.69244
701.2913 545.0679 12 38.7258
701.8865 550.7638 12 38.75916
702.7827 556.4787 12 38.79251
703.4931 562.8368 12 38.82587
705.0058 568.501 12 38.85922
706.4241 574.2113 12 38.89258
707.8525 579.7549 12 38.92593
709.4844 586.0554 12 38.95929
711.874 592.119 12 38.99264
714.0909 597.5116 12 39.026
716.6851 602.4476 12 39.05936
719.0578 607.984 12 39.09271
722.415 614.218 12 39.12607
725.2775 619.2238 12 39.15942
728.8353 623.6196 12 39.19278
732.084 627.98 12 39.22613
736.1928 632.6479 12 39.25949
740.2389 636.4858 12 39.29284
745.0013 640.4316 12 39.3262
749.7355 643.7458 12 39.35956
754.167 646.4934 12 39.39291
758.7551 648.7848 12 39.42627
764.2878 651.4331 12 39.45962
769.8615 653.6584 12 39.49298
775.4413 655.1685 12 39.52633
780.893 656.6148 12 39.55969
786.9857 658.0794 12 39.59304
792.9063 659.3104 12 39.6264
798.9095 660.2425 12 39.65976
804.2728 661.0152 12 39.69311
809.6443 661.1152 12 39.72647
814.8206 660.4001 12 39.75982
819.8103 659.4674 12 39.79318
824.9461 658.1434 12 39.82653
830.8436 656.4093 12 39.85989
836.3203 654.1174 12 39.89324
841.2524 651.9471 12 39.9266
846.2286 649.142 12 39.95996
851.2182 646.0568 12 39.99331
856.0262 642.3453 12 40.02667
859.9196 638.6147 12 40.06002
863.7626 634.5129 12 40.09338
867.2806 630.2645 12 40.12673
870.9842 625.7777 12 40.16009
874.7733 620.8734 12 40.19344
878.0494 615.9467 12 40.2268
880.8712 610.4621 12 40.26016
883.1796 605.1846 12 40.29351
885.2933 599.8529 12 40.32687
887.0377 594.8835 12 40.36022
888.6229 589.7408 12 40.39358
890.1257 583.6652 12 40.42693
891.4269 578.1174 12 40.46029
892.3212 572.4458 12 40.49364
893.1566 566.468 12 40.527
893.3995 560.9477 12 40.56036
893.4217 555.2947 12 40.59371
893.1235 549.0413 12 40.62707
892.512 542.896 12 40.66042
891.6573 537.108 12 40.69378
890.7919 531.8278 12 40.72713
889.895 525.9638 12 40.76049
888.5482 519.3803 12 40.79384
886.8089 513.2569 12 40.8272
884.9242 507.4145 12 40.86056
882.9363 502.1363 12 40.89391
880.6366 496.8316 12 40.92727
878.6518 491.3031 12 40.96062
876.4456 485.7134 12 40.99398
873.9662 480.5462 12 41.02733
871.2888 475.7331 12 41.06069
868.6167 470.8764 12 41.09404
865.371 465.4735 12 41.1274
861.7992 460.4017 12 41.16076
857.8922 456.1544 12 41.19411
854.0874 452.0323 12 41.22747
849.9864 447.7975 12 41.26082
845.891 443.7346 12 41.29418
841.6683 439.7122 12 41.32753
836.9241 436.0883 12 41.36089
832.2781 431.997 12 41.39424
827.5648 427.9778 12 41.4276
822.5145 425.0315 12 41.46096
817.5486 421.5283 12 41.49431
812.1497 418.5957 12 41.52767
806.5701 415.8845 12 41.56102
801.1555 413.5255 12 41.59438
795.8059 411.3835 12 41.62773
790.0682 408.8497 12 41.66109
784.5518 407.1158 12 41.69444
778.8173 405.6463 12 41.7278
772.8941 403.7129 12 41.76116
766.6644 402.7799 12 41.79451
760.5813 401.8021 12 41.82787
754.002 401.1739 12 41.86122
747.7315 400.5225 12 41.89458
741.9709 399.8049 12 41.92793
736.0937 399.0548 12 41.96129
730.0879 398.3249 12 41.99464
724.4146 398.1169 12 42.028
718.4698 398.2243 12 42.06136
712.379 398.3169 12 42.09471
706.8241 398.5129 12 42.12807
700.935 399.3597 12 42.16142
695.1128 400.624 12 42.19478
689.1391 402.3887 12 42.22813
683.6899 404.4316 12 42.26149
677.8462 406.6334 12 42.29484
672.0938 409.0979 12 42.3282
666.8987 411.7377 12 42.36156
662.0268 414.3171 12 42.39491
657.2018 417.8895 12 42.42827
652.0287 421.3739 12 42.46162
647.0541 424.9453 12 42.49498
642.7177 428.5597 12 42.52833
638.6757 432.358 12 42.56169
633.8664 436.5978 12 42.59504
627.9763 438.8667 12 42.6284
622.4956 440.9163 12 42.66176
615.6967 441.5219 12 42.69511
608.9564 444.3253 12 42.72847
602.9168 448.1902 12 42.76182
598.5516 452.4509 12 42.79518
595.6144 455.1917 12 42.82853
592.5966 457.1658 12 42.86189
588.8278 460.9589 12 42.89524
584.0526 463.616 12 42.9286
579.0654 466.7764 12 42.96196
573.6911 470.2608 12 42.99531
568.8273 472.9885 12 43.02867
564.1075 475.766 12 43.06202
559.5943 477.9995 12 43.09538
554.8517 480.7604 12 43.12873
550.3537 484.0985 12 43.16209
546.2702 487.6116 12 43.19544
542.2569 491.3317 12 43.2288
538.0779 495.3284 12 43.26216
534.3156 500.0437 12 43.29551
530.9241 504.5057 12 43.32887
529.6748 506.9664 12 43.36222
528.9015 508.6435 12 43.39558
528.9995 510.6388 12 43.42893
529.1371 514.5469 12 43.46229
529.1998 519.3615 12 43.49564
528.4034 525.1733 12 43.529
527.2846 531.3913 12 43.56236
526.719 537.1163 12 43.59571
526.5937 540.0166 12 43.62907
527.9791 541.7385 12 43.66242
528.3654 543.1611 12 43.69578
529.9796 545.6034 12 43.72913
533.1493 549.5237 12 43.76249
536.4571 554.3598 12 43.79584
540.4249 558.7462 12 43.8292
544.7118 562.7347 12 43.86256
548.8391 566.7834 12 43.89591
553.56 571.2812 12 43.92927
558.716 574.454 12 43.96262
563.6698 577.3859 12 43.99598
568.9292 580.2344 12 44.02933
574.1125 582.9776 12 44.06269
579.5733 585.1872 12 44.09604
585.3291 587.6482 12 44.1294
591.0808 589.8907 12 44.16276
597.1044 592.131 12 44.19611
602.804 594.5747 12 44.22947
608.279 596.7614 12 44.26282
613.3715 598.6789 12 44.29618
618.6391 600.3586 12 44.32953
624.0753 602.3739 12 44.36289
630.0665 604.3775 12 44.39624
635.3561 605.8262 12 44.4296
640.4917 606.7515 12 44.46296
646.0516 607.6148 12 44.49631
651.9609 608.0589 12 44.52967
657.9117 608.3369 12 44.56302
663.6886 608.3054 12 44.59638
668.8158 607.626 12 44.62973
674.1795 606.574 12 44.66309
679.2348 605.35 12 44.69644
684.8797 603.9279 12 44.7298
690.3809 602.3851 12 44.76316
696.0703 600.1579 12 44.79651
700.964 597.6146 12 44.82987
705.2552 594.7693 12 44.86322
710.0444 591.6116 12 44.89658
714.5131 588.2331 12 44.92993
719.3185 584.3073 12 44.96329
724.1807 579.7875 12 44.99664
728.195 575.4739 12 45.03
732.1743 571.2485 12 45.06336
736.0967 567.1796 12 45.09671
739.8494 562.8045 12 45.13007
743.4085 558.2481 12 45.16342
746.7821 553.2309 12 45.19678
750.4823 547.9917 12 45.23013
753.5512 542.795 12 45.26349
756.8119 537.534 12 45.29684
759.592 532.16 12 45.3302
762.5756 527.2371 12 45.36356
765.6455 522.1177 12 45.39691
768.3843 516.7429 12 45.43027
770.6703 511.4658 12 45.46362
773.159 505.6693 12 45.49698
775.1959 500.3957 12 45.53033
776.7937 495.2491 12 45.56369
778.1045 489.8267 12 45.59704
779.5259 483.9393 12 45.6304
780.7231 477.9399 12 45.66376
781.3195 472.3816 12 45.69711
781.7289 466.867 12 45.73047
782.1424 460.7342 12 45.76382
781.8915 455.0491 12 45.79718
780.8598 449.5717 12 45.83053
780.1905 443.9134 12 45.86389
778.8584 438.2742 12 45.89724
777.2762 433.2358 12 45.9306
775.5745 428.5312 12 45.96396
773.8798 423.0392 12 45.99731
771.8099 417.0255 12 46.03067
769.7646 411.4781 12 46.06402
766.9331 406.3114 12 46.09738
764.2736 400.9097 12 46.13073
761.57 395.5916 12 46.16409
758.4942 390.8045 12 46.19744
755.2176 386.1526 12 46.2308
751.2011 381.3178 12 46.26416
747.3877 376.8188 12 46.29751
743.6203 373.09 12 46.33087
739.6498 369.6595 12 46.36422
735.7766 366.6938 12 46.39758
731.5222 363.1649 12 46.43093
726.6438 359.2342 12 46.46429
721.2763 355.4933 12 46.49764
716.2233 352.655 12 46.531
711.1349 350.3779 12 46.56436
705.5038 347.556 12 46.59771
699.7067 344.9789 12 46.63107
694.1349 343.172 12 46.66442
689.0087 341.0836 12 46.69778
683.4923 339.3913 12 46.73113
677.6076 337.3282 12 46.76449
671.9277 335.4647 12 46.79784
666.6303 334.1955 12 46.8312
660.9255 333.4333 12 46.86456
655.1169 332.1232 12 46.89791
649.4844 330.7965 12 46.93127
643.616 329.7595 12 46.96462
638.1416 328.9373 12 46.99798
631.961 328.4428 12 47.03133
626.2593 328.1889 12 47.06469
619.661 327.9139 12 47.09804
613.4279 327.5469 12 47.1314
607.155 327.2185 12 47.16476
601.2318 326.743 12 47.19811
595.6173 326.335 12 47.23147
590.4708 326.1389 12 47.26482
585.1614 325.6864 12 47.29818
579.2511 325.1538 12 47.33153
573.5739 324.7539 12 47.36489
568.7645 324.6832 12 47.39824
565.3864 323.1134 12 47.4316
559.6667 321.19 12 47.46496
553.347 319.6512 12 47.49831
548.1586 318.4013 12 47.53167
543.2217 316.9649 12 47.56502
537.9077 315.0447 12 47.59838
532.4929 312.7503 12 47.63173
527.4133 311.088 12 47.66509
522.9584 308.6945 12 47.69844
519.5522 306.9947 12 47.7318
515.39 304.3733 12 47.76516
509.9611 302.1268 12 47.79851
504.3435 299.8312 12 47.83187
498.6968 296.8747 12 47.86522
493.2176 294.1229 12 47.89858
488.2469 290.4471 12 47.93193
483.3182 286.8698 12 47.96529
479.1581 283.0591 12 47.99864
476.0686 278.5402 12 48.032
473.2143 274.3484 12 48.06536
470.8814 269.8509 12 48.09871
468.5901 265.1673 12 48.13207
466.4838 259.9929 12 48.16542
464.5645 255.3088 12 48.19878
463.0115 250.5195 12 48.23213
461.422 245.1163 12 48.26549
459.9111 239.8733 12 48.29884
458.5878 234.7693 12 48.3322
457.206 229.6196 12 48.36556
456.2758 224.3377 12 48.39891
455.262 219.1342 12 48.43227
454.3426 213.997 12 48.46562
453.8538 208.6465 12 48.49898
453.6314 203.0714 12 48.53233
453.3293 197.8737 12 48.56569
453.0859 192.7398 12 48.59904
453.3143 187.6512 12 48.6324
454.0759 182.3689 12 48.66576
454.9546 177.0276 12 48.69911
455.853 171.6351 12 48.73247
456.9736 166.4948 12 48.76582
458.1563 161.3756 12 48.79918
459.5643 156.3196 12 48.83253
461.2678 151.4005 12 48.86589
462.9922 146.2049 12 48.89924
465.1326 141.598 12 48.9326
467.3737 136.6298 12 48.96596
469.5954 132.1034 12 48.99931
472.0429 127.8326 12 49.03267
474.9445 123.7962 12 49.06602
478.0427 119.911 12 49.09938
481.0135 115.6604 12 49.13273
484.0076 111.4753 12 49.16609
487.2228 107.8534 12 49.19944
490.2643 103.7912 12 49.2328
493.6374 100.1283 12 49.26616
497.3342 96.77672 12 49.29951
501.0655 93.42129 12 49.33287
505.1705 90.06847 12 49.36622
509.4161 87.23642 12 49.39958
513.7361 84.4866 12 49.43293
518.2224 81.9477 12 49.46629
522.4243 79.30947 12 49.49964
527.1565 77.16698 12 49.533
531.9432 75.03241 12 49.56636
536.4585 73.61977 12 49.59971
541.0636 72.01405 12 49.63307
545.8786 70.85654 12 49.66642
550.8425 69.82481 12 49.69978
555.7908 69.08698 12 49.73313
560.9663 68.15674 12 49.76649
566.0739 67.63563 12 49.79984
570.8993 67.44229 12 49.8332
575.9649 66.91576 12 49.86656
581.0173 66.8465 12 49.89991
585.5822 67.13407 12 49.93327
590.6899 67.40762 12 49.96662
595.3905 68.10881 12 49.99998
600.2322 69.00519 12 50.03333
604.6534 70.24925 12 50.06669
610.1352 71.28844 12 50.10004
613.9803 72.95647 12 50.1334
618.6225 74.8151 12 50.16676
622.9332 76.52097 12 50.20011
627.5912 78.62387 12 50.23347
631.9109 80.84736 12 50.26682
636.4357 83.38693 12 50.30018
640.636 86.20272 12 50.33353
644.7919 88.70004 12 50.36689
648.4975 91.3739 12 50.40024
652.3287 94.47313 12 50.4336
656.2418 97.70799 12 50.46696
660.2833 100.8622 12 50.50031
663.7268 104.7422 12 50.53367
667.5653 107.825 12 50.56702
671.2679 111.0982 12 50.60038
675.4622 114.085 12 50.63373
679.367 116.736 12 50.66709
683.4166 119.9953 12 50.70044
687.4333 123.5889 12 50.7338
692.0654 127.2603 12 50.76716
697.5811 131.2792 12 50.80051
702.9346 135.7097 12 50.83387
708.0592 139.3918 12 50.86722
712.8617 142.9843 12 50.90058
717.3792 146.7368 12 50.93393
721.9116 150.8369 12 50.96729
726.044 154.9097 12 51.00064
730.142 159.5416 12 51.034
734.4309 163.5016 12 51.06736
738.2706 167.1266 12 51.10071
742.4892 170.1639 12 51.13407
746.7149 173.2644 12 51.16742
751.7767 176.5921 12 51.20078
756.4891 180.6964 12 51.23413
761.3214 183.9929 12 51.26749
765.8275 186.7431 12 51.30084
770.4669 189.8748 12 51.3342
775.462 193.2125 12 51.36756
780.6594 196.2158 12 51.40091
785.8599 198.8769 12 51.43427
790.725 201.9274 12 51.46762
796.3045 205.0999 12 51.50098
801.4451 207.9558 12 51.53433
806.9613 210.4554 12 51.56769
812.3024 213.0204 12 51.60104
817.8242 215.5467 12 51.6344
823.4626 217.8705 12 51.66776
828.8905 220.0141 12 51.70111
833.9042 221.6182 12 51.73447
839.2354 223.5035 12 51.76782
844.6487 225.6249 12 51.80118
847.6625 227.8044 12 51.83453
850.7674 231.2135 12 51.86789
855.6777 235.4512 12 51.90124
861.1367 239.4298 12 51.9346
866.0381 243.1754 12 51.96796
868.6493 247.4524 12 52.00131
871.043 251.7379 12 52.03467
873.8661 256.6851 12 52.06802
877.1272 262.0874 12 52.10138
880.0673 267.3397 12 52.13473
883.0303 272.5424 12 52.16809
885.44 276.8453 12 52.20144
886.1263 275.9116 12 52.2348
887.6849 277.3483 12 52.26816
886.3988 276.8653 12 52.30151
884.6423 278.2904 12 52.33487
883.548 279.7843 12 52.36822
884.398 283.8158 12 52.40158
882.3577 284.7436 12 52.43493
881.099 287.619 12 52.46829
881.3104 292.0171 12 52.50164
881.4664 296.9247 12 52.535
880.3409 301.3376 12 52.56836
877.0925 305.5966 12 52.60171
873.7831 311.2563 12 52.63507
871.3641 316.9825 12 52.66842
869.2992 322.979 12 52.70178
868.017 328.8401 12 52.73513
867.112 334.5364 12 52.76849
866.8865 340.1659 12 52.80184
867.2705 346.1496 12 52.8352
867.4517 352.1338 12 52.86856
868.6988 357.5825 12 52.90191
870.2652 363.3064 12 52.93527
872.335 369.3863 12 52.96862
874.6927 374.7575 12 53.00198
877.3999 379.4 12 53.03533
880.6169 384.8252 12 53.06869
884.1254 390.3679 12 53.10204
887.7082 395.2583 12 53.1354
891.6265 399.7639 12 53.16876
895.8334 403.914 12 53.20211
900.316 407.7231 12 53.23547
904.9998 411.8614 12 53.26882
910.447 416.1427 12 53.30218
915.2823 419.8415 12 53.33553
916.5972 422.4816 12 53.36889
918.4231 425.6262 12 53.40224
920.5155 429.765 12 53.4356
921.0382 432.5462 12 53.46896
923.8114 437.0975 12 53.50231
926.6079 441.9497 12 53.53567
927.7628 445.7713 12 53.56902
928.0114 450.1376 12 53.60238
928.9102 455.361 12 53.63573
930.5298 461.7623 12 53.66909
932.1239 467.2022 12 53.70244
933.6212 473.401 12 53.7358
935.1659 478.9462 12 53.76916
934.9913 483.5766 12 53.80251
933.7462 488.9655 12 53.83587
933.6418 495.0593 12 53.86922
933.7037 500.884 12 53.90258
934.2241 506.767 12 53.93593
935.1782 512.5149 12 53.96929
934.8596 517.2709 12 54.00264
932.7984 522.6198 12 54.036
932.1546 529.2118 12 54.06936
931.9037 535.4667 12 54.10271
932.13 541.821 12 54.13607
932.6213 547.9967 12 54.16942
932.8988 553.8025 12 54.20278
932.6666 559.0433 12 54.23613
930.9492 563.6946 12 54.26949
929.6386 569.4452 12 54.30284
928.6241 575.0368 12 54.3362
927.8624 580.8325 12 54.36956
926.85 587.1844 12 54.40291
924.9083 591.7507 12 54.43627
921.9228 596.282 12 54.46962
919.9562 601.5005 12 54.50298
918.0534 607.8933 12 54.53633
916.6887 614.0362 12 54.56969
915.8901 619.4137 12 54.60304
915.0593 625.0523 12 54.6364
912.0006 630.3475 12 54.66976
909.418 636.582 12 54.70311
907.4943 642.3339 12 54.73647
906.0215 648.2345 12 54.76982
905.2622 653.2015 12 54.80318
901.7433 657.446 12 54.83653
898.296 662.4581 12 54.86989
895.3324 668.2314 12 54.90324
893.1491 673.5909 12 54.9366
891.1186 678.6844 12 54.96996
888.5738 684.687 12 55.00331
886.644 690.5185 12 55.03667
885.0948 695.9628 12 55.07002
881.4204 699.3022 12 55.10338
876.6869 703.4812 12 55.13673
872.4486 708.7405 12 55.17009
868.4558 714.4182 12 55.20344
865.1077 720.0103 12 55.2368
861.5514 725.0652 12 55.27016
857.7324 730.2294 12 55.30351
853.9076 734.7331 12 55.33687
850.7382 739.7529 12 55.37022
847.0198 744.146 12 55.40358
842.8931 749.338 12 55.43693
839.0307 754.5392 12 55.47029
835.3972 759.5312 12 55.50364
831.2876 764.4526 12 55.537
827.7867 770.0318 12 55.57036
824.1237 775.2276 12 55.60371
820.5335 780.5021 12 55.63707
816.9902 785.9738 12 55.67042
813.7033 790.8606 12 55.70378
810.1988 795.6819 12 55.73713
806.7472 801.0241 12 55.77049
804.0258 805.9882 12 55.80384
801.0777 808.9277 12 55.8372
796.8233 810.9617 12 55.87056
792.5548 815.0227 12 55.90391
787.9065 819.2981 12 55.93727
783.276 823.8627 12 55.97062
778.7299 828.562 12 56.00398
774.002 833.2807 12 56.03733
769.8433 837.5321 12 56.07069
765.4118 841.5013 12 56.10404
760.9688 845.7727 12 56.1374
757.0898 849.7732 12 56.17076
752.7384 853.5404 12 56.20411
748.3663 855.806 12 56.23747
743.3955 859.2027 12 56.27082
738.3208 862.8667 12 56.30418
733.5465 866.5225 12 56.33753
729.5674 869.879 12 56.37089
725.4252 873.8415 12 56.40424
720.7509 874.0569 12 56.4376
715.4394 874.1052 12 56.47096
709.1794 875.3366 12 56.50431
703.2084 877.052 12 56.53767
697.3379 879.3888 12 56.57102
691.5202 881.7117 12 56.60438
685.7384 884.0144 12 56.63773
679.9586 886.0091 12 56.67109
674.3003 888.4717 12 56.70444
669.2116 890.8078 12 56.7378
663.8813 893.2717 12 56.77116
658.3529 895.7516 12 56.80451
652.6009 898.6951 12 56.83787
647.3406 901.3635 12 56.87122
642.7241 904.7547 12 56.90458
638.5052 908.173 12 56.93793
633.9657 912.1632 12 56.97129
629.0756 915.666 12 57.00464
624.2018 916.8534 12 57.038
618.4839 919.0374 12 57.07136
612.9167 921.7933 12 57.10471
607.6709 924.4499 12 57.13807
601.94 927.2762 12 57.17142
595.6952 930.326 12 57.20478
590.1187 932.2438 12 57.23813
584.3037 934.1701 12 57.27149
578.4451 936.1893 12 57.30484
573.3837 936.7363 12 57.3382
568.3743 935.171 12 57.37156
562.3756 934.8825 12 57.40491
556.1788 935.1531 12 57.43827
550.4655 936.1542 12 57.47162
544.8706 937.2786 12 57.50498
539.2414 938.5567 12 57.53833
532.7382 939.6433 12 57.57169
526.7413 941.6841 12 57.60504
521.6707 943.5091 12 57.6384
517.3777 942.8641 12 57.67176
511.3291 941.5906 12 57.70511
504.8646 941.6113 12 57.73847
499.2965 942.6236 12 57.77182
493.312 943.626 12 57.80518
487.0036 944.6039 12 57.83853
480.4739 945.5336 12 57.87189
474.4167 946.877 12 57.90524
469.6156 945.8163 12 57.9386
464.5703 944.4258 12 57.97196
461.5321 944.7074 12 58.00531
461.1457 945.3129 12 58.03867
458.9864 946.1557 12 58.07202
457.6362 948.1403 12 58.10538
456.3377 949.2795 12 58.13873
455.0039 947.5766 12 58.17209
452.6193 946.0793 12 58.20544
448.6068 945.8513 12 58.2388
446.7042 944.0835 12 58.27216
445.4272 941.3125 12 58.30551
443.9478 940.8603 12 58.33887
441.296 939.1543 12 58.37222
439.0237 939.0314 12 58.40558
437.364 938.7396 12 58.43893
436.1998 938.5413 12 58.47229
434.3537 938.9181 12 58.50564
434.2534 939.1478 12 58.539
433.1772 939.1558 12 58.57236
431.0453 939.4135 12 58.60571
429.3076 940.0007 12 58.63907
427.8207 940.3296 12 58.67242
427.1957 941.9807 12 58.70578
426.6786 942.5387 12 58.73913
426.9491 943.3041 12 58.77249
425.7557 943.2887 12 58.80584
423.9568 942.068 12 58.8392
422.8789 940.7305 12 58.87256
420.8926 940.1362 12 58.90591
418.7995 939.5939 12 58.93927
416.3997 940.7124 12 58.97262
415.3536 939.9078 12 59.00598
414.6265 939.6973 12 59.03933
413.246 939.2459 12 59.07269
413.2955 938.3273 12 59.10604
411.9968 937.0399 12 59.1394
410.641 936.6406 12 59.17276
408.8053 937.3391 12 59.20611
407.3276 937.2869 12 59.23947
406.4912 936.9158 12 59.27282
406.1662 937.1613 12 59.30618
405.6974 937.358 12 59.33953
405.1981 936.6859 12 59.37289
404.4471 938.0597 12 59.40624
402.5766 939.0895 12 59.4396
401.3957 937.699 12 59.47296
398.4543 937.7906 12 59.50631
396.9264 937.0141 12 59.53967
396.962 936.0325 12 59.57302
394.0692 937.2185 12 59.60638
393.7178 937.0244 12 59.63973
392.4368 936.467 12 59.67309
390.638 936.4274 12 59.70644
390.1902 936.4794 12 59.7398
389.2058 935.8841 12 59.77316
386.7842 936.7046 12 59.80651
384.8915 936.1384 12 59.83987
381.9366 936.191 12 59.87322
380.9866 933.9497 12 59.90658
379.3726 932.7478 12 59.93993
378.5293 932.7939 12 59.97329
377.4715 933.2032 12 60.00664
376.4551 933.1324 12 60.04
374.6192 933.6341 12 60.07336
372.3758 932.8549 12 60.10671
370.877 932.6994 12 60.14007
370.6043 931.7458 12 60.17342
370.0257 930.1824 12 60.20678
368.7156 930.6671 12 60.24013
367.0963 929.1718 12 60.27349
367.0177 928.8205 12 60.30684
366.9397 929.6483 12 60.3402
366.712 931.0412 12 60.37356
365.1513 931.1116 12 60.40691
364.9198 930.9539 12 60.44027
365.0492 930.2786 12 60.47362
364.9097 930.9239 12 60.50698
362.7451 930.2632 12 60.54033
363.9839 930.811 12 60.57369
365.5093 930.333 12 60.60704
366.5523 930.1279 12 60.6404
366.9824 929.5048 12 60.67376
367.6361 929.5325 12 60.70711
368.2367 929.9661 12 60.74047
369.1628 930.5094 12 60.77382
368.691 931.2626 12 60.80718
369.924 930.2857 12 60.84053
371.5062 930.9211 12 60.87389
373.0516 932.3257 12 60.90724
373.9924 932.686 12 60.9406
375.6595 932.562 12 60.97396
377.2709 930.3172 12 61.00731
377.7193 930.0176 12 61.04067
375.7944 928.234 12 61.07402
374.9559 928.064 12 61.10738
374.58 928.7891 12 61.14073
373.9913 930.0738 12 61.17409
375.8617 931.8354 12 61.20744
377.2333 933.2526 12 61.2408
377.3985 936.1197 12 61.27416
378.2675 935.1469 12 61.30751
378.2135 933.9227 12 61.34087
378.8959 932.8984 12 61.37422
380.2939 933.13 12 61.40758
380.6807 934.7721 12 61.44093
381.8511 936.1294 12 61.47429
382.9601 935.606 12 61.50764
381.6081 933.9117 12 61.541
381.0927 932.1193 12 61.57436
381.1677 931.6862 12 61.60771
381.4327 932.0877 12 61.64107
383.0018 932.0024 12 61.67442
383.1449 933.4093 12 61.70778
383.5408 935.2498 12 61.74113
384.1096 935.2599 12 61.77449
385.5303 935.0293 12 61.80784
387.0719 934.7577 12 61.8412
387.1701 934.3175 12 61.87456
388.6631 934.6974 12 61.90791
391.5281 936.1527 12 61.94127
394.0408 937.6518 12 61.97462
394.9971 937.557 12 62.00798
395.2292 937.0332 12 62.04133
396.1376 937.0315 12 62.07469
397.5345 935.6603 12 62.10804
398.3767 935.5812 12 62.1414
397.0222 935.3242 12 62.17476
396.8033 935.1431 12 62.20811
399.4396 937.2934 12 62.24147
400.5451 938.0303 12 62.27482
400.8514 938.1107 12 62.30818
400.3329 936.5847 12 62.34153
400.1578 936.3323 12 62.37489
400.3891 937.4056 12 62.40824
400.2395 936.9859 12 62.4416
402.5122 936.51 12 62.47496
402.6777 936.4523 12 62.50831
403.7222 936.4812 12 62.54167
404.7781 936.5635 12 62.57502
404.7872 937.9313 12 62.60838
405.777 939.4565 12 62.64173
406.5896 939.8744 12 62.67509
406.005 939.9365 12 62.70844
405.5921 939.0234 12 62.7418
405.6472 938.0659 12 62.77516
406.1196 937.021 12 62.80851
406.5623 936.718 12 62.84187
405.7434 936.9867 12 62.87522
406.1555 937.6051 12 62.90858
406.0985 939.2462 12 62.94193
405.5763 940.0776 12 62.97529
403.6927 939.7167 12 63.00864
403.0687 938.5248 12 63.042
402.9215 937.2564 12 63.07536
402.43 937.1183 12 63.10871
402.6253 937.0637 12 63.14207
402.6913 937.9984 12 63.17542
403.2127 938.3396 12 63.20878
403.5593 939.1459 12 63.24213
404.0399 937.866 12 63.27549
404.4878 937.5055 12 63.30884
406.557 938.1132 12 63.3422
407.2714 938.3339 12 63.37556
406.763 937.5531 12 63.40891
407.1198 937.5185 12 63.44227
408.8593 937.7263 12 63.47562
410.4358 938.6085 12 63.50898
411.8951 940.2284 12 63.54233
412.3937 941.4403 12 63.57569
413.6554 941.3486 12 63.60904
413.7604 941.016 12 63.6424
415.2603 940.5895 12 63.67576
416.4402 940.7452 12 63.70911
417.5191 941.2696 12 63.74247
419.0604 941.2194 12 63.77582
418.6946 940.7332 12 63.80918
418.9562 939.6424 12 63.84253
418.4668 938.3786 12 63.87589
418.5984 937.8203 12 63.90924
419.0394 938.2012 12 63.9426
419.1908 939.1807 12 63.97596
419.7247 940.2098 12 64.00931
420.1975 941.5803 12 64.04267
421.7141 941.3306 12 64.07602
423.5815 941.7502 12 64.10938
424.9429 941.89 12 64.14273
425.4662 942.1725 12 64.17609
427.3438 941.8199 12 64.20944
428.8116 942.0807 12 64.2428
429.9161 941.978 12 64.27616
429.8816 942.393 12 64.30951
430.7183 941.8883 12 64.34287
430.5139 941.7363 12 64.37622
431.1837 941.6186 12 64.40958
432.7398 942.6273 12 64.44293
434.958 943.6977 12 64.47629
435.1454 944.8943 12 64.50964
435.261 942.8352 12 64.543
434.4802 941.1941 12 64.57636
434.3391 939.6319 12 64.60971
436.0594 940.8903 12 64.64307
436.2762 942.5669 12 64.67642
437.3872 943.277 12 64.70978
436.4525 943.4327 12 64.74313
435.3605 943.3284 12 64.77649
437.357 942.1334 12 64.80984
437.9831 941.4162 12 64.8432
438.3686 941.107 12 64.87656
439.9251 941.8614 12 64.90991
439.6184 942.1044 12 64.94327
439.5743 943.5915 12 64.97662
439.9393 943.3252 12 65.00998
439.6651 942.6364 12 65.04333
438.1469 942.1192 12 65.07669
436.765 941.2172 12 65.11004
435.9166 940.8355 12 65.1434
436.2419 941.472 12 65.17676
436.485 942.3948 12 65.21011
436.853 943.2547 12 65.24347
437.9011 944.3977 12 65.27682
437.7396 944.3871 12 65.31018
438.5912 943.2696 12 65.34353
438.6583 941.7527 12 65.37689
438.9879 940.6692 12 65.41024
438.9398 940.3214 12 65.4436
439.08 940.9738 12 65.47696
438.9379 942.5701 12 65.51031
438.532 943.6091 12 65.54367
438.5312 944.1458 12 65.57702
438.783 943.6355 12 65.61038
439.0948 941.9411 12 65.64373
438.9971 941.4533 12 65.67709
438.6205 941.3479 12 65.71044
438.562 941.8092 12 65.7438
438.4044 942.5859 12 65.77716
438.1952 942.7791 12 65.81051
438.3399 943.1433 12 65.84387
438.5946 942.6904 12 65.87722
437.8453 942.4443 12 65.91058
436.7056 941.945 12 65.94393
437.0583 941.1564 12 65.97729
437.16 941.2799 12 66.01064
437.1151 942.6471 12 66.044
437.9675 943.7023 12 66.07736
439.2718 944.5901 12 66.11071
440.5425 944.8376 12 66.14407
440.0078 944.9232 12 66.17742
441.3587 943.5393 12 66.21078
441.5791 943.1691 12 66.24413
442.011 942.8474 12 66.27749
443.03 942.0383 12 66.31084
441.0125 940.5711 12 66.3442
439.986 940.1921 12 66.37756
439.9767 940.6682 12 66.41091
441.0914 941.9363 12 66.44427
441.6026 943.1684 12 66.47762
443.3872 943.923 12 66.51098
443.9363 944.8662 12 66.54433
445.0239 944.7318 12 66.57769
445.4984 943.3054 12 66.61104
445.3658 942.7558 12 66.6444
445.9785 942.5943 12 66.67776
446.3819 942.8989 12 66.71111
446.5162 942.4682 12 66.74447
446.1615 942.8818 12 66.77782
447.2054 943.5926 12 66.81118
447.0673 943.4315 12 66.84453
447.6675 944.3063 12 66.87789
446.3799 944.0953 12 66.91124
445.7577 943.7589 12 66.9446
445.2691 943.4963 12 66.97796
444.7039 943.242 12 67.01131
444.811 942.1474 12 67.04467
445.0704 942.1487 12 67.07802
443.1952 942.2556 12 67.11138
443.6966 943.5446 12 67.14473
444.5843 943.9689 12 67.17809
444.78 945.4634 12 67.21144
445.1797 945.9389 12 67.2448
444.8064 945.144 12 67.27816
443.1215 943.7488 12 67.31151
443.0389 942.5915 12 67.34487
443.3285 942.9064 12 67.37822
445.0398 943.2588 12 67.41158
445.3502 944.8564 12 67.44493
447.7275 943.8512 12 67.47829
448.0394 943.2512 12 67.51164
447.5769 943.102 12 67.545
447.9769 942.7992 12 67.57836
449.554 942.5842 12 67.61171
449.0349 943.0386 12 67.64507
449.3262 942.9403 12 67.67842
450.8517 943.8918 12 67.71178
451.8336 944.2945 12 67.74513
453.1965 944.3681 12 67.77849
453.945 945.3023 12 67.81184
455.6494 945.3407 12 67.8452
457.3835 943.856 12 67.87856
457.9853 942.0826 12 67.91191
458.7847 942.022 12 67.94527
459.6583 942.9401 12 67.97862
459.269 943.404 12 68.01198
459.1077 944.1395 12 68.04533
458.8518 944.6149 12 68.07869
459.5286 944.9898 12 68.11204
460.2107 945.0824 12 68.1454
460.9511 944.57 12 68.17876
460.0149 944.5461 12 68.21211
459.7647 943.6491 12 68.24547
458.8012 942.7893 12 68.27882
457.7798 941.3587 12 68.31218
456.1504 941.0911 12 68.34553
455.7004 940.3803 12 68.37889
456.2008 940.4437 12 68.41224
456.3185 941.9848 12 68.4456
455.5659 942.6849 12 68.47896
456.4379 943.7045 12 68.51231
457.2951 944.0563 12 68.54567
456.6655 944.3834 12 68.57902
456.7449 943.8549 12 68.61238
457.6833 944.66 12 68.64573
458.7129 944.6256 12 68.67909
458.2314 944.7241 12 68.71244
458.7786 943.9569 12 68.7458
457.733 943.9255 12 68.77916
458.3063 944.2089 12 68.81251
459.2805 944.9878 12 68.84587
458.6949 945.9839 12 68.87922
458.2542 945.3536 12 68.91258
459.1648 943.9569 12 68.94593
458.7441 942.9923 12 68.97929
457.48 942.6563 12 69.01264
457.1723 943.9903 12 69.046
456.5536 944.688 12 69.07936
455.4761 944.3893 12 69.11271
453.3676 943.2692 12 69.14607
451.0406 943.5181 12 69.17942
450.236 943.3955 12 69.21278
447.9052 943.8038 12 69.24613
447.4077 942.751 12 69.27949
446.3019 941.7488 12 69.31284
444.7133 941.0852 12 69.3462
444.4333 941.2169 12 69.37956
442.4907 941.4325 12 69.41291
441.9381 941.3213 12 69.44627
441.7578 942.8459 12 69.47962
440.3165 943.7097 12 69.51298
440.5747 943.903 12 69.54633
439.407 944.3998 12 69.57969
437.8193 943.7085 12 69.61304
436.9979 943.1828 12 69.6464
436.7154 942.4868 12 69.67976
435.5486 941.5028 12 69.71311
435.9198 941.892 12 69.74647
435.5722 942.8508 12 69.77982
434.906 942.1918 12 69.81318
434.5408 941.248 12 69.84653
433.3868 941.3317 12 69.87989
433.6407 941.1088 12 69.91324
433.1146 941.8718 12 69.9466
432.4255 942.2057 12 69.97996
432.102 942.6923 12 70.01331
430.6599 942.7063 12 70.04667
429.8493 941.766 12 70.08002
426.5124 940.3401 12 70.11338
425.2009 940.0678 12 70.14673
425.4351 941.0704 12 70.18009
425.8168 941.7187 12 70.21344
425.0893 942.4905 12 70.2468
423.6295 941.5803 12 70.28016
423.0504 939.7799 12 70.31351
422.7263 940.1379 12 70.34687
422.9886 941.8356 12 70.38022
423.2678 941.7436 12 70.41358
422.618 940.9517 12 70.44693
421.5568 940.2716 12 70.48029
420.4966 940.2509 12 70.51364
419.9347 940.296 12 70.547
419.6105 939.9662 12 70.58036
420.2362 940.4436 12 70.61371
422.2796 941.9122 12 70.64707
421.4208 941.7535 12 70.68042
421.0481 940.6297 12 70.71378
421.1172 940.6082 12 70.74713
420.8648 940.3942 12 70.78049
421.1614 940.6263 12 70.81384
421.5167 941.51 12 70.8472
421.0937 941.6144 12 70.88056
420.8543 941.2132 12 70.91391
421.4609 941.5506 12 70.94727
422.1113 942.2695 12 70.98062
420.5809 942.2012 12 71.01398
419.9773 940.648 12 71.04733
419.0432 940.6021 12 71.08069
417.51 940.0406 12 71.11404
416.0787 938.3031 12 71.1474
415.9056 937.4586 12 71.18076
414.7871 938.7122 12 71.21411
413.3338 938.9254 12 71.24747
413.2373 938.8813 12 71.28082
412.6041 938.8937 12 71.31418
411.7169 937.707 12 71.34753
411.9612 937.6852 12 71.38089
410.0144 938.2698 12 71.41424
408.2562 938.8012 12 71.4476
408.1637 938.9008 12 71.48096
407.9102 938.6729 12 71.51431
406.0021 937.089 12 71.54767
404.5705 935.864 12 71.58102
404.3564 936.6533 12 71.61438
403.9029 937.0108 12 71.64773
403.2027 937.2505 12 71.68109
402.5829 936.9213 12 71.71444
402.6455 937.5913 12 71.7478
401.9029 938.113 12 71.78116
401.9544 938.7672 12 71.81451
401.4488 938.2715 12 71.84787
401.3712 938.5463 12 71.88122
402.0571 939.4235 12 71.91458
402.0691 939.2691 12 71.94793
401.0913 939.1351 12 71.98129
400.6639 938.7698 12 72.01464
400.8105 939.0695 12 72.048
401.9042 939.6517 12 72.08136
401.9191 939.8893 12 72.11471
400.202 939.6 12 72.14807
399.4614 938.0791 12 72.18142
398.9507 937.2563 12 72.21478
397.7332 936.1241 12 72.24813
397.9315 935.4923 12 72.28149
398.1854 936.0271 12 72.31484
398.4716 937.1963 12 72.3482
398.2064 936.225 12 72.38156
397.0322 935.1473 12 72.41491
396.169 935.064 12 72.44827
394.5408 935.1722 12 72.48162
394.4699 935.1594 12 72.51498
396.5731 937.9155 12 72.54833
397.4588 937.9257 12 72.58169
397.941 939.1358 12 72.61504
397.4364 938.9734 12 72.6484
397.4768 939.1933 12 72.68176
397.0783 938.698 12 72.71511
395.8745 937.5996 12 72.74847
394.7235 937.0332 12 72.78182
393.531 936.2391 12 72.81518
392.3352 937.0829 12 72.84853
392.8287 937.5719 12 72.88189
391.8937 936.7536 12 72.91524
390.1933 936.3374 12 72.9486
389.7744 935.0032 12 72.98196
388.6692 934.7042 12 73.01531
387.8344 934.756 12 73.04867
387.4185 934.4083 12 73.08202
387.454 934.7959 12 73.11538
386.3248 935.1283 12 73.14873
386.6825 935.1351 12 73.18209
386.8238 935.4031 12 73.21544
387.4952 936.4681 12 73.2488
386.9141 936.919 12 73.28216
385.2774 935.3188 12 73.31551
384.1268 933.6831 12 73.34887
382.5273 932.4493 12 73.38222
381.0086 931.7551 12 73.41558
376.4936 931.5826 12 73.44893
374.9358 931.764 12 73.48229
373.2892 932.2885 12 73.51564
371.9879 931.3542 12 73.549
370.1333 931.1009 12 73.58236
369.8968 930.5736 12 73.61571
368.4291 929.6552 12 73.64907
368.5784 929.455 12 73.68242
367.8446 929.8593 12 73.71578
366.4494 929.8024 12 73.74913
364.6246 929.1856 12 73.78249
363.9665 928.7497 12 73.81584
363.3505 927.9922 12 73.8492
362.7084 927.3963 12 73.88256
360.8115 927.2421 12 73.91591
360.811 927.7454 12 73.94927
361.4547 928.6121 12 73.98262
359.6121 929.4368 12 74.01598
358.5254 928.4162 12 74.04933
357.2996 926.905 12 74.08269
354.7532 925.4617 12 74.11604
354.9292 925.0891 12 74.1494
355.4385 925.955 12 74.18276
354.3412 928.0946 12 74.21611
353.9564 926.9497 12 74.24947
353.1802 926.1245 12 74.28282
351.4956 924.4031 12 74.31618
350.9806 923.9702 12 74.34953
350.9761 924.9031 12 74.38289
350.0409 924.8295 12 74.41624
351.6747 924.2404 12 74.4496
352.08 923.7255 12 74.48296
352.6382 923.6624 12 74.51631
351.3318 925.001 12 74.54967
349.9499 925.3249 12 74.58302
351.3002 924.6319 12 74.61638
351.8778 925.2424 12 74.64973
349.7301 925.3324 12 74.68309
349.3088 926.3197 12 74.71644
349.5164 926.0955 12 74.7498
347.9056 925.4928 12 74.78316
345.9575 925.1086 12 74.81651
345.518 924.3427 12 74.84987
345.4356 923.2803 12 74.88322
345.4205 923.7212 12 74.91658
343.8484 923.854 12 74.94993
343.6248 924.1219 12 74.98329
343.1263 924.8871 12 75.01664
342.1051 924.2986 12 75.05
341.5015 923.0878 12 75.08336
340.9307 922.4826 12 75.11671
341.3779 922.5762 12 75.15007
341.1701 922.2141 12 75.18342
341.2306 923.1757 12 75.21678
340.4018 922.7973 12 75.25013
339.6621 922.1992 12 75.28349
340.8178 922.329 12 75.31684
340.5974 922.4146 12 75.3502
340.6986 922.4102 12 75.38356
340.3439 921.9485 12 75.41691
338.9962 921.0758 12 75.45027
339.0803 921.2965 12 75.48362
338.202 921.9665 12 75.51698
338.9126 922.5535 12 75.55033
338.3162 922.1781 12 75.58369
338.3729 922.1077 12 75.61704
338.9607 922.7123 12 75.6504
338.9512 923.3043 12 75.68376
338.8254 921.9424 12 75.71711
338.471 920.5819 12 75.75047
338.0922 919.8832 12 75.78382
336.6135 919.596 12 75.81718
336.9169 919.916 12 75.85053
336.051 920.0675 12 75.88389
335.153 921.0206 12 75.91724
334.298 920.1197 12 75.9506
334.6452 919.1455 12 75.98396
333.7148 918.6792 12 76.01731
332.6639 918.0796 12 76.05067
332.5035 917.0181 12 76.08402
330.4996 916.4873 12 76.11738
330.6744 916.974 12 76.15073
329.6583 916.7102 12 76.18409
328.8924 916.6221 12 76.21744
328.9341 918.566 12 76.2508
328.6511 918.8397 12 76.28416
328.2126 918.6967 12 76.31751
328.2082 916.7841 12 76.35087
327.3603 916.9407 12 76.38422
327.524 917.4565 12 76.41758
327.2215 917.9479 12 76.45093
326.1982 918.2743 12 76.48429
326.1982 918.2743 12 76.51764
326.3666 918.4801 12 76.551
323.5113 916.9852 12 76.58436
323.5113 916.9852 12 76.61771
322.1327 914.7905 12 76.65107
320.4691 915.5536 12 76.68442
320.4691 915.5536 12 76.71778
320.1906 917.2111 12 76.75113
318.9856 915.6817 12 76.78449
318.9856 915.6817 12 76.81784
318.6291 914.1844 12 76.8512
317.4436 915.6971 12 76.88456
317.4436 915.6971 12 76.91791
317.7721 916.509 12 76.95127
317.5466 915.7927 12 76.98462
317.5466 915.7927 12 77.01798
319.2833 916.6414 12 77.05133
320.7957 916.7926 12 77.08469
320.7957 916.7926 12 77.11804
320.634 917.9263 12 77.1514
321.208 917.8239 12 77.18476
321.208 917.8239 12 77.21811
319.0297 916.4101 12 77.25147
319.6997 915.9286 12 77.28482
319.6997 915.9286 12 77.31818
321.614 916.5112 12 77.35153
322.6684 916.8956 12 77.38489
322.6684 916.8956 12 77.41824
322.7979 916.3224 12 77.4516
322.0236 918.6464 12 77.48496
321.4799 919.7301 12 77.51831
322.7743 917.5413 12 77.55167
321.228 917.4382 12 77.58502
321.5079 918.3803 12 77.61838
321.1623 918.053 12 77.65173
321.6736 916.5072 12 77.68509
321.5509 916.6305 12 77.71844
320.2931 916.5539 12 77.7518
320.9692 917.086 12 77.78516
321.5353 917.9414 12 77.81851
321.0258 917.514 12 77.85187
320.122 916.9429 12 77.88522
319.8166 917.5615 12 77.91858
319.0619 917.7919 12 77.95193
319.164 916.1189 12 77.98529
318.6494 914.9251 12 78.01864
318.2109 914.4358 12 78.052
317.5388 915.1197 12 78.08536
316.4287 914.3227 12 78.11871
316.4188 913.9412 12 78.15207
315.5006 913.0344 12 78.18542
315.6696 912.4482 12 78.21878
315.3358 912.2617 12 78.25213
315.1532 912.8124 12 78.28549
315.4565 913.5747 12 78.31884
314.3565 914.3775 12 78.3522
313.9844 913.0545 12 78.38556
312.2869 912.7079 12 78.41891
312.2951 913.0313 12 78.45227
313.3345 912.9834 12 78.48562
313.2829 913.8358 12 78.51898
313.1179 913.4306 12 78.55233
311.7935 912.4157 12 78.58569
310.3908 911.4789 12 78.61904
310.4997 911.6784 12 78.6524
308.4735 911.8167 12 78.68576
306.4742 911.2084 12 78.71911
307.4624 910.4603 12 78.75247
306.3191 909.9814 12 78.78582
306.273 910.3139 12 78.81918
306.5002 910.0314 12 78.85253
305.4672 909.1589 12 78.88589
306.5049 910.0986 12 78.91924
307.7008 911.109 12 78.9526
306.3417 911.2803 12 78.98596
306.4909 910.0983 12 79.01931
305.2559 908.8512 12 79.05267
304.9375 908.488 12 79.08602
303.8506 909.3083 12 79.11938
302.9505 909.7336 12 79.15273
303.7943 908.8769 12 79.18609
303.5808 907.9558 12 79.21944
304.078 908.0915 12 79.2528
303.9156 908.0895 12 79.28616
303.0969 907.5688 12 79.31951
302.5359 905.7036 12 79.35287
302.2585 904.5058 12 79.38622
301.59 905.2433 12 79.41958
301.8685 907.0499 12 79.45293
301.0909 908.0355 12 79.48629
301.9891 908.7457 12 79.51964
302.0446 910.3058 12 79.553
300.9722 909.9805 12 79.58636
300.2312 908.5015 12 79.61971
299.4455 907.1327 12 79.65307
299.0073 906.1495 12 79.68642
298.9415 904.9432 12 79.71978
299.8927 904.9332 12 79.75313
300.6065 905.5165 12 79.78649
300.8673 905.5239 12 79.81984
300.4434 905.7323 12 79.8532
299.052 904.8957 12 79.88656
297.8674 905.159 12 79.91991
296.8623 905.7379 12 79.95327
296.2333 906.2402 12 79.98662
295.2953 905.9779 12 80.01998
295.3359 906.5893 12 80.05333
295.674 906.8849 12 80.08669
294.7279 905.2434 12 80.12004
293.5464 904.848 12 80.1534
293.1815 904.8892 12 80.18676
291.5734 904.8871 12 80.22011
291.8579 905.3438 12 80.25347
291.0285 904.8943 12 80.28682
289.9596 903.4319 12 80.32018
289.0583 901.3016 12 80.35353
288.9835 901.0228 12 80.38689
290.8307 901.6625 12 80.42024
291.0352 902.5527 12 80.4536
289.7817 901.3416 12 80.48696
289.3369 899.7507 12 80.52031
289.4302 900.2026 12 80.55367
289.4932 900.0889 12 80.58702
288.9614 900.2712 12 80.62038
288.7455 899.3751 12 80.65373
288.408 899.82 12 80.68709
287.5401 900.6163 12 80.72044
286.8737 900.4745 12 80.7538
285.7083 900.4169 12 80.78716
284.8263 900.9446 12 80.82051
285.2496 901.8198 12 80.85387
283.006 901.7079 12 80.88722
283.2755 901.5411 12 80.92058
282.6171 900.8318 12 80.95393
281.7483 901.2183 12 80.98729
280.5722 900.501 12 81.02064
281.2363 899.881 12 81.054
280.9195 899.4944 12 81.08736
279.3933 898.5883 12 81.12071
279.7681 898.5455 12 81.15407
279.2764 897.6153 12 81.18742
278.9028 896.6154 12 81.22078
279.559 896.6099 12 81.25413
278.7071 897.1889 12 81.28749
278.6463 896.7719 12 81.32084
277.9207 896.9874 12 81.3542
277.4446 895.909 12 81.38756
276.6204 895.6313 12 81.42091
276.9048 895.5167 12 81.45427
275.9902 896.2955 12 81.48762
275.0847 896.7703 12 81.52098
274.3943 896.9075 12 81.55433
272.7964 895.712 12 81.58769
271.8554 895.3948 12 81.62104
271.0317 894.5138 12 81.6544
271.4621 892.6694 12 81.68776
270.4398 891.5165 12 81.72111
268.2135 890.8896 12 81.75447
268.4583 891.3168 12 81.78782
268.2107 891.9653 12 81.82118
268.5269 893.0909 12 81.85453
266.8833 892.9839 12 81.88789
266.7982 892.3598 12 81.92124
267.5874 893.5015 12 81.9546
266.9048 894.262 12 81.98796
268.3537 894.246 12 82.02131
267.7653 893.1369 12 82.05467
268.6319 891.1249 12 82.08802
268.7122 889.5929 12 82.12138
268.2104 887.8209 12 82.15473
268.1138 887.7801 12 82.18809
268.516 889.4547 12 82.22144
268.727 891.2598 12 82.2548
268.481 892.345 12 82.28816
266.9961 892.0461 12 82.32151
266.7325 891.4997 12 82.35487
265.5046 891.4928 12 82.38822
263.7277 890.3923 12 82.42158
263.5116 890.9982 12 82.45493
264.014 892.4652 12 82.48829
264.1896 892.4401 12 82.52164
264.1033 891.5915 12 82.555
263.463 891.5625 12 82.58836
264.4014 889.9414 12 82.62171
263.8541 889.0428 12 82.65507
264.6889 889.0423 12 82.68842
263.1127 887.2645 12 82.72178
261.822 887.2533 12 82.75513
261.8071 887.6863 12 82.78849
260.7347 888.0445 12 82.82184
260.3014 887.6427 12 82.8552
260.5516 887.1381 12 82.88856
260.3422 887.2587 12 82.92191
260.5514 887.4943 12 82.95527
260.4135 887.7795 12 82.98862
260.1923 887.6797 12 83.02198
257.6751 887.9815 12 83.05533
258.1177 887.882 12 83.08869
258.1788 887.4166 12 83.12204
258.9307 887.0616 12 83.1554
259.1708 887.9249 12 83.18876
259.0199 888.0369 12 83.22211
259.5149 887.7352 12 83.25547
259.2827 888.1188 12 83.28882
259.4849 887.7694 12 83.32218
259.8426 887.2977 12 83.35553
259.9851 887.6869 12 83.38889
259.6187 888.4229 12 83.42224
259.1072 889.8545 12 83.4556
258.5455 889.2866 12 83.48896
259.1407 888.7882 12 83.52231
259.2325 888.2275 12 83.55567
259.7406 887.5695 12 83.58902
259.9573 887.8873 12 83.62238
260.7312 887.3282 12 83.65573
260.5024 888.0111 12 83.68909
259.4713 887.451 12 83.72244
259.081 887.2162 12 83.7558
258.8659 887.3871 12 83.78916
258.7455 887.8107 12 83.82251
258.3795 887.7213 12 83.85587
258.3738 887.5265 12 83.88922
257.8945 887.7474 12 83.92258
257.521 887.7467 12 83.95593
256.8629 886.9725 12 83.98929
256.0946 886.6224 12 84.02264
255.7029 885.1266 12 84.056
254.3059 883.8662 12 84.08936
254.2507 883.4864 12 84.12271
254.092 883.7407 12 84.15607
253.4092 884.3693 12 84.18942
252.5209 883.9853 12 84.22278
252.8042 882.8371 12 84.25613
252.3874 882.3696 12 84.28949
252.7245 882.2221 12 84.32284
252.4575 883.0435 12 84.3562
252.585 884.0845 12 84.38956
253.2039 884.7108 12 84.42291
252.8478 884.8859 12 84.45627
252.6112 884.8887 12 84.48962
252.7263 884.4296 12 84.52298
252.2766 884.5045 12 84.55633
252.6521 883.7006 12 84.58969
252.7333 883.6727 12 84.62304
252.5887 883.4887 12 84.6564
251.8611 883.0887 12 84.68976
251.7895 883.2238 12 84.72311
250.9477 883.2861 12 84.75647
250.9882 881.9969 12 84.78982
251.1537 880.6374 12 84.82318
250.9012 881.1263 12 84.85653
250.0125 880.1637 12 84.88989
248.9155 878.0513 12 84.92324
247.1068 878.0751 12 84.9566
246.3488 877.3269 12 84.98996
246.552 877.6804 12 85.02331
246.6181 878.9923 12 85.05667
246.7586 879.3584 12 85.09002
246.733 879.0164 12 85.12338
246.7619 878.0462 12 85.15673
246.8621 878.0558 12 85.19009
247.4019 880.3574 12 85.22344
247.3963 881.7762 12 85.2568
247.6694 881.6535 12 85.29016
247.2806 882.1139 12 85.32351
246.9626 881.3883 12 85.35687
247.0042 881.3223 12 85.39022
247.0464 881.0768 12 85.42358
246.9297 881.1518 12 85.45693
246.1412 879.564 12 85.49029
246.3973 878.2347 12 85.52364
246.7124 878.7793 12 85.557
246.5566 878.1644 12 85.59036
246.4599 878.4142 12 85.62371
245.8115 877.7819 12 85.65707
245.0721 877.9248 12 85.69042
244.7787 878.2007 12 85.72378
244.42 877.9974 12 85.75713
242.9928 877.7834 12 85.79049
243.079 875.8862 12 85.82384
241.8554 871.3213 12 85.8572
241.3304 868.5675 12 85.89056
238.3788 866.2147 12 85.92391
237.6562 865.3005 12 85.95727
236.4726 865.8944 12 85.99062
236.5738 861.9363 12 86.02398
236.4355 859.7052 12 86.05733
236.1464 859.1186 12 86.09069
235.1403 858.0061 12 86.12404
235.1603 856.9426 12 86.1574
234.6216 855.2621 12 86.19076
234.2915 855.8648 12 86.22411
232.8957 853.125 12 86.25747
232.1864 851.584 12 86.29082
230.5057 850.181 12 86.32418
228.9151 849.6441 12 86.35753
226.7319 848.8038 12 86.39089
226.0077 846.8529 12 86.42424
224.7148 847.721 12 86.4576
223.1172 847.3924 12 86.49096
222.7648 847.0929 12 86.52431
221.0532 847.0996 12 86.55767
220.4041 846.4119 12 86.59102
219.1378 845.9714 12 86.62438
219.1191 845.293 12 86.65773
218.2926 845.1212 12 86.69109
218.0874 843.8397 12 86.72444
218.0428 842.4509 12 86.7578
218.3635 844.9726 12 86.79116
217.0879 842.6626 12 86.82451
215.6461 840.8696 12 86.85787
214.0845 841.9751 12 86.89122
212.1528 839.106 12 86.92458
211.9996 837.13 12 86.95793
211.6237 836.8065 12 86.99129
211.3388 836.8159 12 87.02464
210.817 836.1461 12 87.058
210.2158 835.6186 12 87.09136
208.4237 833.3312 12 87.12471
206.9635 832.4405 12 87.15807
205.9023 833.0689 12 87.19142
204.2236 830.7624 12 87.22478
203.4214 830.6275 12 87.25813
202.8162 831.947 12 87.29149
204.4724 831.6588 12 87.32484
203.497 831.7138 12 87.3582
202.4823 829.1462 12 87.39156
200.2848 827.6659 12 87.42491
198.6105 828.702 12 87.45827
198.2765 829.6992 12 87.49162
196.3741 829.015 12 87.52498
196.523 827.9827 12 87.55833
196.2543 827.3876 12 87.59169
195.3226 825.6754 12 87.62504
195.6224 823.2536 12 87.6584
193.9032 823.5105 12 87.69176
192.7647 820.2891 12 87.72511
192.1245 818.4716 12 87.75847
190.8722 819.5234 12 87.79182
189.6407 819.5543 12 87.82518
190.1316 818.1252 12 87.85853
189.4325 817.2396 12 87.89189
189.5917 817.7031 12 87.92524
188.491 816.412 12 87.9586
188.5072 817.6656 12 87.99196
187.578 817.8098 12 88.02531
188.2335 816.9003 12 88.05867
187.0603 816.7844 12 88.09202
186.1701 816.8347 12 88.12538
187.4124 816.7849 12 88.15873
186.3409 816.0499 12 88.19209
186.1066 813.7894 12 88.22544
185.1084 813.6139 12 88.2588
183.791 814.5147 12 88.29216
183.2839 816.099 12 88.32551
184.7364 814.1279 12 88.35887
185.2284 809.8227 12 88.39222
185.1397 810.7383 12 88.42558
183.3379 811.7237 12 88.45893
181.5947 812.8985 12 88.49229
181.0117 811.5021 12 88.52564
181.6979 812.1756 12 88.559
179.5401 808.3306 12 88.59236
178.8432 807.8067 12 88.62571
177.5956 805.3107 12 88.65907
176.4846 807.7315 12 88.69242
175.9708 807.8864 12 88.72578
175.9019 807.0108 12 88.75913
174.5478 807.6365 12 88.79249
174.6699 804.8215 12 88.82584
176.0592 804.2334 12 88.8592
174.5255 805.0332 12 88.89256
174.7157 804.261 12 88.92591
174.6445 805.421 12 88.95927
172.6757 804.9807 12 88.99262
171.6885 803.6316 12 89.02598
170.6106 801.1672 12 89.05933
170.7126 800.9004 12 89.09269
170.3681 800.9396 12 89.12604
169.7179 798.1583 12 89.1594
169.7786 799.7575 12 89.19276
168.8576 799.9413 12 89.22611
168.8455 798.3196 12 89.25947
168.8825 797.9791 12 89.29282
168.8981 798.0899 12 89.32618
168.7722 797.4649 12 89.35953
166.0586 795.9137 12 89.39289
165.3113 795.9474 12 89.42624
165.2757 795.011 12 89.4596
165.3079 795.552 12 89.49296
164.6677 795.3582 12 89.52631
165.1092 795.7325 12 89.55967
164.3174 794.8306 12 89.59302
163.7859 792.4562 12 89.62638
162.7692 791.6644 12 89.65973
162.0372 791.5933 12 89.69309
163.4881 793.6124 12 89.72644
163.2918 792.6926 12 89.7598
161.6779 789.8652 12 89.79316
160.7041 787.421 12 89.82651
159.545 787.1876 12 89.85987
159.0819 788.0071 12 89.89322
158.7141 789.5908 12 89.92658
158.0815 791.6552 12 89.95993
159.2405 789.7965 12 89.99329
158.8233 791.2356 12 90.02664
158.1294 790.6243 12 90.06
157.957 788.0974 12 90.09336
157.5063 790.1302 12 90.12671
156.4068 788.7246 12 90.16007
157.3466 786.8774 12 90.19342
157.2549 784.9939 12 90.22678
156.7932 785.2448 12 90.26013
156.4483 785.2492 12 90.29349
155.7454 784.2514 12 90.32684
156.0324 785.7003 12 90.3602
158.2585 781.6576 12 90.39356
159.4724 783.595 12 90.42691
159.8168 784.6751 12 90.46027
160.3943 785.8558 12 90.49362
158.4112 786.3262 12 90.52698
156.9938 785.2445 12 90.56033
154.8256 785.1707 12 90.59369
155.9052 783.2095 12 90.62704
155.6072 783.1696 12 90.6604
154.6341 782.3795 12 90.69376
153.515 781.1872 12 90.72711
153.4664 782.4877 12 90.76047
151.9223 783.4213 12 90.79382
151.8373 783.9411 12 90.82718
152.7595 783.8438 12 90.86053
152.2973 782.8266 12 90.89389
151.9434 782.9715 12 90.92724
152.4238 784.4476 12 90.9606
151.2248 782.5943 12 90.99396
152.3661 783.9051 12 91.02731
152.5921 781.5258 12 91.06067
151.248 781.6282 12 91.09402
149.7899 783.4446 12 91.12738
149.7272 782.7692 12 91.16073
149.4687 781.6769 12 91.19409
149.7056 779.962 12 91.22744
149.8737 779.6812 12 91.2608
150.5673 779.5879 12 91.29416
149.7482 779.5574 12 91.32751
148.5963 779.8331 12 91.36087
148.2289 779.6706 12 91.39422
147.9224 777.9053 12 91.42758
147.9736 777.3607 12 91.46093
145.9881 776.9476 12 91.49429
145.7559 777.085 12 91.52764
145.571 776.8412 12 91.561
143.9317 775.8092 12 91.59436
143.8694 772.4582 12 91.62771
143.2771 770.5172 12 91.66107
142.4943 770.8024 12 91.69442
142.4079 772.0256 12 91.72778
142.3762 772.0993 12 91.76113
142.3743 771.1496 12 91.79449
141.8975 771.6192 12 91.82784
142.1508 767.7184 12 91.8612
141.4616 767.3669 12 91.89456
140.1819 767.6689 12 91.92791
139.5492 767.9241 12 91.96127
138.7504 767.0508 12 91.99462
137.8081 766.6575 12 92.02798
138.3681 766.0996 12 92.06133
138.1614 765.8452 12 92.09469
136.8044 765.511 12 92.12804
136.7679 766.4585 12 92.1614
136.7399 766.208 12 92.19476
136.7416 766.0002 12 92.22811
136.5081 766.1832 12 92.26147
135.536 767.4923 12 92.29482
135.0636 764.2868 12 92.32818
135.8514 762.6827 12 92.36153
135.0099 761.7428 12 92.39489
135.2286 760.0976 12 92.42824
134.0925 759.9641 12 92.4616
133.3865 759.9696 12 92.49496
132.5524 758.9614 12 92.52831
131.95 756.767 12 92.56167
131.9373 755.2447 12 92.59502
131.2317 755.512 12 92.62838
131.0832 755.5854 12 92.66173
132.0542 754.8207 12 92.69509
132.5082 755.2409 12 92.72844
132.9756 753.9232 12 92.7618
133.9615 753.4119 12 92.79516
133.3578 755.5476 12 92.82851
132.4484 755.3313 12 92.86187
130.9258 756.304 12 92.89522
131.1804 755.6199 12 92.92858
132.5256 755.4802 12 92.96193
133.581 756.6622 12 92.99529
132.141 756.5109 12 93.02864
131.6204 756.6985 12 93.062
133.2628 755.1558 12 93.09536
134.349 755.6937 12 93.12871
133.9349 757.0889 12 93.16207
134.6776 756.9378 12 93.19542
134.2181 757.3923 12 93.22878
134.8781 758.099 12 93.26213
133.7325 759.2786 12 93.29549
134.6964 760.4888 12 93.32884
135.3777 759.4393 12 93.3622
137.9683 761.5707 12 93.39556
138.9358 761.9406 12 93.42891
138.1857 761.745 12 93.46227
137.5807 762.5117 12 93.49562
136.8116 764.2467 12 93.52898
136.626 764.6484 12 93.56233
138.4007 764.0988 12 93.59569
138.5967 763.5158 12 93.62904
139.9253 761.7458 12 93.6624
140.0462 762.9113 12 93.69576
139.4889 764.1231 12 93.72911
139.866 763.2432 12 93.76247
140.0831 762.6769 12 93.79582
140.2292 764.0785 12 93.82918
142.6784 761.8519 12 93.86253
142.4088 762.5576 12 93.89589
141.9651 764.3074 12 93.92924
141.2693 766.6335 12 93.9626
141.2191 767.123 12 93.99596
141.735 767.5391 12 94.02931
143.3744 768.1602 12 94.06267
144.4564 767.1226 12 94.09602
145.1908 769.5689 12 94.12938
145.0952 772.1117 12 94.16273
146.4809 769.9395 12 94.19609
146.7418 771.2796 12 94.22944
145.9583 771.7634 12 94.2628
144.2968 771.8937 12 94.29616
146.0053 771.7754 12 94.32951
146.5625 771.4663 12 94.36287
146.4659 772.0658 12 94.39622
146.6527 773.2043 12 94.42958
146.3548 773.1079 12 94.46293
146.4271 774.093 12 94.49629
146.671 776.6549 12 94.52964
147.5749 773.8715 12 94.563
147.4071 776.0061 12 94.59636
146.8788 775.6626 12 94.62971
146.7367 775.1713 12 94.66307
146.2937 776.7797 12 94.69642
146.5195 777.6023 12 94.72978
147.0155 776.4514 12 94.76313
147.1622 778.3141 12 94.79649
146.09 779.4753 12 94.82984
147.7852 779.8215 12 94.8632
150.2984 779.9125 12 94.89656
152.1513 777.571 12 94.92991
153.7531 778.5151 12 94.96327
153.7735 779.5012 12 94.99662
153.7406 779.4534 12 95.02998
154.085 779.1778 12 95.06333
153.5197 779.6461 12 95.09669
153.8032 779.5609 12 95.13004
153.2556 780.5906 12 95.1634
153.7537 781.4393 12 95.19676
154.1321 781.5413 12 95.23011
155.2205 781.9355 12 95.26347
155.6539 782.9541 12 95.29682
156.0806 781.1033 12 95.33018
155.9971 782.8689 12 95.36353
157.0359 784.0714 12 95.39689
158.0482 783.3039 12 95.43024
157.0556 783.9511 12 95.4636
156.8748 786.3713 12 95.49696
156.4938 788.1564 12 95.53031
156.786 789.538 12 95.56367
156.9761 791.3156 12 95.59702
157.3111 791.9579 12 95.63038
159.9971 790.3537 12 95.66373
160.7813 790.5054 12 95.69709
160.5233 791.4682 12 95.73044
159.1383 790.1558 12 95.7638
159.0812 791.1626 12 95.79716
159.8831 792.6295 12 95.83051
161.337 790.8864 12 95.86387
160.9449 789.8133 12 95.89722
160.5638 789.4965 12 95.93058
160.3079 789.5151 12 95.96393
160.4739 789.5193 12 95.99729
161.0425 789.8559 12 96.03064
161.8245 787.9558 12 96.064
161.6136 787.9347 12 96.09736
161.0151 788.9155 12 96.13071
160.8339 790.7325 12 96.16407
160.0667 791.7181 12 96.19742
161.0101 791.6453 12 96.23078
162.3429 792.4575 12 96.26413
162.0664 792.0871 12 96.29749
162.5984 791.964 12 96.33084
161.3465 794.9273 12 96.3642
162.3611 795.8691 12 96.39756
164.3045 794.4829 12 96.43091
165.8668 795.9259 12 96.46427
166.8446 795.289 12 96.49762
168.0949 796.2137 12 96.53098
166.1964 796.0465 12 96.56433
166.6381 794.7557 12 96.59769
167.3095 793.7781 12 96.63104
167.715 794.3314 12 96.6644
168.1679 795.8854 12 96.69776
171.7836 797.3809 12 96.73111
171.1443 799.0686 12 96.76447
171.6003 798.7266 12 96.79782
171.2641 797.803 12 96.83118
170.3059 798.7667 12 96.86453
170.6481 799.5441 12 96.89789
170.7402 798.437 12 96.93124
171.6424 799.647 12 96.9646
171.9241 800.8264 12 96.99796
171.1177 800.0767 12 97.03131
171.5844 801.4575 12 97.06467
171.0709 800.7438 12 97.09802
171.2571 800.4485 12 97.13138
171.0681 799.8564 12 97.16473
170.745 800.7714 12 97.19809
171.0133 801.0606 12 97.23144
170.9276 801.2936 12 97.2648
170.8997 801.6593 12 97.29816
172.4998 801.8498 12 97.33151
172.3931 802.263 12 97.36487
173.082 801.9004 12 97.39822
172.4385 804.4123 12 97.43158
171.8713 801.8317 12 97.46493
172.2659 801.8931 12 97.49829
172.8767 803.1626 12 97.53164
173.9404 803.5496 12 97.565
174.5228 801.5619 12 97.59836
173.8262 801.144 12 97.63171
173.0602 800.8617 12 97.66507
172.726 801.6277 12 97.69842
172.9912 802.8756 12 97.73178
173.6618 802.6973 12 97.76513
174.3844 801.4595 12 97.79849
175.9047 801.8883 12 97.83184
174.8613 804.0339 12 97.8652
174.4123 802.5426 12 97.89856
174.1429 803.1497 12 97.93191
172.867 802.3705 12 97.96527
172.8612 803.3037 12 97.99862
172.3175 801.7979 12 98.03198
171.8333 802.3467 12 98.06533
172.053 803.101 12 98.09869
171.8199 804.7137 12 98.13204
171.5439 806.1665 12 98.1654
170.9377 807.1969 12 98.19876
171.415 807.226 12 98.23211
172.2245 806.9188 12 98.26547
172.7492 806.5358 12 98.29882
172.5428 806.7531 12 98.33218
173.1225 805.484 12 98.36553
173.9909 804.9267 12 98.39889
173.4261 804.7105 12 98.43224
173.6749 804.7105 12 98.4656
173.8384 806.3348 12 98.49896
173.3831 805.7132 12 98.53231
174.1983 805.7656 12 98.56567
175.0687 807.5149 12 98.59902
173.9174 807.092 12 98.63238
175.1076 806.6371 12 98.66573
178.1746 806.0083 12 98.69909
178.8466 805.7522 12 98.73244
179.6812 808.1468 12 98.7658
180.8635 806.9435 12 98.79916
181.4528 806.7546 12 98.83251
180.7802 808.6686 12 98.86587
180.4224 809.7577 12 98.89922
180.455 810.6261 12 98.93258
179.7464 811.3613 12 98.96593
180.5178 811.2963 12 98.99929
182.0015 809.4555 12 99.03264
181.5661 810.1562 12 99.066
180.5694 812.8995 12 99.09936
180.7362 812.3188 12 99.13271
180.4955 811.6863 12 99.16607
180.4134 810.4168 12 99.19942
180.3119 812.7591 12 99.23278
179.8352 811.0804 12 99.26613
180.6985 812.8206 12 99.29949
180.5283 811.5757 12 99.33284
181.6932 810.5754 12 99.3662
180.2484 812.3009 12 99.39956
180.4469 811.1371 12 99.43291
180.7653 808.1601 12 99.46627
180.9867 808.3579 12 99.49962
180.2614 809.6175 12 99.53298
