612.2782 916.9179 14 0
612.2782 916.9179 14 0.03335556
605.1778 919.5708 14 0.06671111
598.1751 922.4676 14 0.1000667
592.4882 925.8775 14 0.1334222
586.2323 929.528 14 0.1667778
579.78 931.1539 14 0.2001333
573.2228 933.6096 14 0.2334889
565.552 935.749 14 0.2668444
558.434 937.6816 14 0.3002
551.6902 939.4077 14 0.3335556
544.5276 940.9827 14 0.3669111
537.3406 943.0219 14 0.4002667
530.4781 943.0839 14 0.4336222
523.9216 941.8846 14 0.4669778
518.295 940.4327 14 0.5003333
511.9453 939.8588 14 0.5336889
505.2395 939.6627 14 0.5670444
498.1308 939.7203 14 0.6004
491.7501 940.4488 14 0.6337556
485.7088 941.4086 14 0.6671111
479.5357 942.779 14 0.7004667
473.3486 944.0666 14 0.7338222
466.39 945.8372 14 0.7671778
459.311 943.4174 14 0.8005333
453.2361 941.0273 14 0.8338889
447.3979 940.2802 14 0.8672444
440.1377 940.648 14 0.9006
432.2367 941.1314 14 0.9339556
426.5634 939.6239 14 0.9673111
420.934 936.1554 14 1.000667
413.6539 932.4523 14 1.034022
405.6561 930.8767 14 1.067378
398.0764 930.1393 14 1.100733
390.6282 930.0751 14 1.134089
383.6023 928.4524 14 1.167444
379.1734 928.7634 14 1.2008
372.3092 926.8474 14 1.234156
368.1959 923.7745 14 1.267511
364.1955 921.8972 14 1.300867
359.0069 919.2659 14 1.334222
353.4696 913.8888 14 1.367578
347.0883 909.707 14 1.400933
339.5633 907.3121 14 1.434289
333.0204 906.556 14 1.467644
327.8074 905.4696 14 1.501
321.8518 904.3618 14 1.534356
315.4686 903.9975 14 1.567711
309.2006 904.266 14 1.601067
305.2212 903.1936 14 1.634422
299.7936 901.8944 14 1.667778
293.9111 901.2659 14 1.701133
289.0708 895.7138 14 1.734489
283.3924 890.8497 14 1.767844
277.6325 888.6045 14 1.8012
272.612 886.6925 14 1.834556
269.2493 882.9555 14 1.867911
263.3838 878.0603 14 1.901267
257.8537 873.688 14 1.934622
250.9746 870.6499 14 1.967978
244.432 869.1266 14 2.001333
240.4723 866.581 14 2.034689
236.9985 863.5707 14 2.068044
233.0481 860.0647 14 2.1014
227.4456 857.0762 14 2.134756
220.5623 854.6109 14 2.168111
214.3866 852.1558 14 2.201467
206.7692 849.2615 14 2.234822
201.0335 845.9195 14 2.268178
196.8169 842.5538 14 2.301533
192.9343 838.2952 14 2.334889
188.6652 834.1212 14 2.368244
183.464 829.1884 14 2.4016
177.9593 823.1549 14 2.434956
172.5464 819.78 14 2.468311
167.5664 817.6195 14 2.501667
166.8208 814.0342 14 2.535022
165.6052 808.4831 14 2.568378
163.8161 803.6519 14 2.601733
161.4104 798.1405 14 2.635089
158.5514 792.1583 14 2.668444
155.2415 786.1398 14 2.7018
151.5357 780.368 14 2.735156
148.8768 774.4538 14 2.768511
145.3317 769.1717 14 2.801867
141.6142 763.8529 14 2.835222
138.4372 759.0844 14 2.868578
135.6353 753.9025 14 2.901933
132.62 748.1363 14 2.935289
129.3302 741.4617 14 2.968644
125.257 735.3321 14 3.002
121.6933 729.8155 14 3.035356
118.2261 724.3513 14 3.068711
115.7977 718.7633 14 3.102067
113.2335 713.1119 14 3.135422
110.1869 707.076 14 3.168778
106.9079 701.7229 14 3.202133
103.8553 696.2932 14 3.235489
101.4057 691.279 14 3.268844
99.86832 686.4486 14 3.3022
98.30676 680.7179 14 3.335556
96.28399 674.3511 14 3.368911
94.26816 667.7994 14 3.402267
92.63229 661.9435 14 3.435622
91.01726 655.6518 14 3.468978
89.21496 649.5077 14 3.502333
88.28453 644.4277 14 3.535689
88.57352 639.526 14 3.569044
88.66181 632.647 14 3.6024
88.99798 625.2333 14 3.635756
88.95643 618.3585 14 3.669111
89.19421 612.2524 14 3.702467
91.12355 606.0781 14 3.735822
93.22201 600.3213 14 3.769178
95.23053 593.863 14 3.802533
97.35791 587.3575 14 3.835889
99.47409 580.7276 14 3.869244
101.3198 574.3791 14 3.9026
102.8188 568.0439 14 3.935956
103.8442 561.3294 14 3.969311
105.6747 555.4441 14 4.002667
107.9119 549.7226 14 4.036022
110.4171 543.9023 14 4.069378
112.8001 537.9007 14 4.102733
114.8912 531.177 14 4.136089
116.6115 524.1764 14 4.169444
117.8043 517.9186 14 4.2028
119.2019 511.4238 14 4.236156
120.0236 504.4739 14 4.269511
120.6122 497.6381 14 4.302867
121.1767 490.9443 14 4.336222
121.8565 484.6435 14 4.369578
122.0968 478.5335 14 4.402933
122.0364 472.2197 14 4.436289
121.6588 466.1466 14 4.469644
120.8528 459.3991 14 4.503
121.082 453.4613 14 4.536356
121.1457 447.1479 14 4.569711
120.95 440.7252 14 4.603067
120.4583 434.1031 14 4.636422
119.6366 427.0057 14 4.669778
118.5253 420.3491 14 4.703133
117.4206 413.6118 14 4.736489
115.8399 407.1742 14 4.769844
114.2336 400.5818 14 4.8032
113.5516 393.8392 14 4.836556
112.9672 386.846 14 4.869911
112.8528 380.1803 14 4.903267
112.0677 373.0762 14 4.936622
111.6142 366.3524 14 4.969978
111.1753 359.062 14 5.003333
110.3681 352.4111 14 5.036689
109.4034 345.8803 14 5.070044
107.9332 339.5893 14 5.1034
107.3844 334.8774 14 5.136756
107.2554 330.0236 14 5.170111
106.6787 323.248 14 5.203467
106.4052 316.5786 14 5.236822
106.6125 309.9821 14 5.270178
109.3529 304.5127 14 5.303533
111.0879 298.7799 14 5.336889
112.7061 293.1003 14 5.370244
114.5165 287.244 14 5.4036
116.2696 281.196 14 5.436956
119.4617 275.138 14 5.470311
123.5117 270.0101 14 5.503667
127.3929 264.0341 14 5.537022
130.772 258.0587 14 5.570378
134.3484 251.6962 14 5.603733
137.2878 245.5006 14 5.637089
140.0282 239.5258 14 5.670444
145.2556 235.5956 14 5.7038
150.0704 231.35 14 5.737156
154.0497 226.3131 14 5.770511
158.546 221.8203 14 5.803867
162.9715 216.4003 14 5.837222
166.5212 211.116 14 5.870578
169.3968 205.3324 14 5.903933
172.3919 199.6537 14 5.937289
175.2453 193.9834 14 5.970644
180.3344 189.1774 14 6.004
184.5476 183.2471 14 6.037356
188.9645 177.1763 14 6.070711
194.0584 172.4896 14 6.104067
198.073 167.6108 14 6.137422
202.3875 162.4812 14 6.170778
207.4525 157.8708 14 6.204133
211.0071 151.9705 14 6.237489
214.0683 145.8682 14 6.270844
217.0814 140.4642 14 6.3042
221.1294 135.122 14 6.337556
226.1338 129.9945 14 6.370911
230.1475 124.3326 14 6.404267
233.4831 118.5717 14 6.437622
239.3435 115.325 14 6.470978
244.898 115.4526 14 6.504333
250.5958 113.4793 14 6.537689
256.4578 110.4347 14 6.571044
263.3923 107.0069 14 6.6044
268.594 102.3703 14 6.637756
273.6566 97.83488 14 6.671111
278.1593 93.29651 14 6.704467
282.8674 88.76346 14 6.737822
287.3186 84.54557 14 6.771178
293.3809 80.88793 14 6.804533
298.3505 77.54961 14 6.837889
301.9404 77.20355 14 6.871244
307.3192 76.51211 14 6.9046
313.5562 74.28257 14 6.937956
318.8437 70.19193 14 6.971311
324.5172 66.18138 14 7.004667
329.7991 62.32375 14 7.038022
334.7007 58.35201 14 7.071378
339.0998 57.61572 14 7.104733
345.6119 57.57829 14 7.138089
353.117 56.30716 14 7.171444
359.6461 54.30695 14 7.2048
365.802 51.33329 14 7.238156
370.6103 50.89957 14 7.271511
375.7588 49.26119 14 7.304867
381.4993 47.5471 14 7.338222
388.0586 45.68628 14 7.371578
394.5648 44.12029 14 7.404933
400.584 42.21159 14 7.438289
406.4563 40.19568 14 7.471644
412.6414 37.87306 14 7.505
419.073 35.48743 14 7.538356
424.8962 32.84014 14 7.571711
430.6882 31.57622 14 7.605067
437.0942 31.41018 14 7.638422
443.5081 30.30357 14 7.671778
450.0987 29.18761 14 7.705133
456.1757 28.41052 14 7.738489
462.0517 26.89498 14 7.771844
467.7612 27.8673 14 7.8052
470.3903 30.49567 14 7.838556
473.7157 30.98586 14 7.871911
477.8153 30.2957 14 7.905267
483.4519 29.41199 14 7.938622
489.963 29.21407 14 7.971978
494.9635 26.90874 14 8.005333
499.5858 28.03366 14 8.038689
505.4559 30.94179 14 8.072044
512.8392 34.03648 14 8.1054
520.0875 36.98843 14 8.138756
526.4105 38.85856 14 8.172111
532.833 39.70078 14 8.205467
539.2852 39.95903 14 8.238822
546.4697 40.13159 14 8.272178
552.9127 40.08781 14 8.305533
559.5918 39.61473 14 8.338889
565.6927 39.19659 14 8.372244
571.589 39.3875 14 8.4056
578.1713 39.55292 14 8.438956
584.3407 39.44246 14 8.472311
591.2052 39.78384 14 8.505667
597.63 41.70478 14 8.539022
604.7595 43.0126 14 8.572378
611.7917 44.54094 14 8.605733
617.8836 46.17107 14 8.639089
624.0155 48.36165 14 8.672444
630.448 50.43324 14 8.7058
636.8961 52.64625 14 8.739156
643.1132 54.27263 14 8.772511
649.6697 55.77342 14 8.805867
655.3436 58.06207 14 8.839222
661.0224 62.46892 14 8.872578
665.9891 66.23732 14 8.905933
671.2114 69.52721 14 8.939289
676.5238 72.21288 14 8.972644
682.2465 74.56633 14 9.006
688.2187 76.68266 14 9.039356
693.3699 78.95636 14 9.072711
698.388 82.15716 14 9.106067
704.4162 84.51465 14 9.139422
709.7112 87.13961 14 9.172778
713.3673 91.39559 14 9.206133
718.3731 94.99492 14 9.239489
723.4389 99.08071 14 9.272844
728.4571 102.9363 14 9.3062
733.4323 107.3413 14 9.339556
738.269 112.0642 14 9.372911
743.7271 116.74 14 9.406267
749.422 120.7949 14 9.439622
755.2179 125.0098 14 9.472978
760.9076 128.6914 14 9.506333
766.0009 132.6749 14 9.539689
771.4126 136.4931 14 9.573044
777.4507 140.5041 14 9.6064
783.3347 143.889 14 9.639756
788.9391 147.0628 14 9.673111
794.6594 150.4379 14 9.706467
798.326 154.3126 14 9.739822
800.0786 159.1026 14 9.773178
803.339 164.0647 14 9.806533
807.7068 169.431 14 9.839889
811.5406 174.9753 14 9.873244
815.978 180.0622 14 9.9066
820.0652 184.8783 14 9.939956
824.5032 189.8484 14 9.973311
829.198 194.918 14 10.00667
833.996 200.278 14 10.04002
838.5531 205.2424 14 10.07338
843.0405 210.0162 14 10.10673
848.2214 214.7319 14 10.14009
852.3812 219.5988 14 10.17344
855.1725 225.0536 14 10.2068
859.6081 231.4211 14 10.24016
863.6448 237.1832 14 10.27351
867.6709 242.9771 14 10.30687
872.1163 248.5808 14 10.34022
876.172 254.6687 14 10.37358
880.6787 260.2022 14 10.40693
884.2082 266.0036 14 10.44029
884.126 272.1675 14 10.47364
884.8104 278.95 14 10.507
886.712 285.9238 14 10.54036
888.9039 292.6157 14 10.57371
891.1699 299.7494 14 10.60707
893.2139 306.2023 14 10.64042
895.4452 312.716 14 10.67378
897.9209 319.1585 14 10.70713
900.4042 325.6702 14 10.74049
903.283 332.1806 14 10.77384
906.3989 338.0915 14 10.8072
909.5682 344.9864 14 10.84056
912.8535 351.1979 14 10.87391
916.1302 357.7861 14 10.90727
919.7542 364.1739 14 10.94062
920.4769 369.916 14 10.97398
921.0821 377.4901 14 11.00733
922.078 384.9977 14 11.04069
923.5726 391.4668 14 11.07404
924.945 398.0229 14 11.1074
926.797 404.8483 14 11.14076
928.938 411.0609 14 11.17411
931.1674 417.4216 14 11.20747
933.8184 423.747 14 11.24082
932.1918 428.5012 14 11.27418
931.3463 434.1995 14 11.30753
930.2327 441.3403 14 11.34089
929.4521 448.6629 14 11.37424
929.2022 455.6608 14 11.4076
929.4991 462.0242 14 11.44096
929.544 468.7277 14 11.47431
929.7454 475.9855 14 11.50767
929.6395 482.8723 14 11.54102
929.7947 488.9234 14 11.57438
930.1782 494.5648 14 11.60773
930.9211 500.4263 14 11.64109
931.8451 506.2642 14 11.67444
933.0789 513.114 14 11.7078
934.107 519.4971 14 11.74116
934.2653 525.9414 14 11.77451
934.6557 532.6081 14 11.80787
935.3824 539.3033 14 11.84122
935.0927 546.336 14 11.87458
932.175 552.6483 14 11.90793
929.4731 558.4043 14 11.94129
927.3566 564.6939 14 11.97464
924.4205 572.1213 14 12.008
921.5887 578.4249 14 12.04136
918.8933 584.744 14 12.07471
916.5901 591.3111 14 12.10807
914.3336 598.193 14 12.14142
911.907 605.4908 14 12.17478
909.4364 612.0747 14 12.20813
906.957 618.762 14 12.24149
904.6033 625.3962 14 12.27484
902.1374 632.3556 14 12.3082
900.0615 639.5007 14 12.34156
898.6199 646.0866 14 12.37491
897.3223 652.4254 14 12.40827
896.2716 659.9662 14 12.44162
895.2936 667.7038 14 12.47498
893.176 673.6846 14 12.50833
890.9147 678.9752 14 12.54169
889.1711 684.9907 14 12.57504
887.4285 691.2564 14 12.6084
885.1576 698.4973 14 12.64176
881.5402 704.6982 14 12.67511
878.1086 711.5641 14 12.70847
874.9185 718.47 14 12.74182
871.6908 725.3903 14 12.77518
868.2993 732.3682 14 12.80853
864.9936 739.2809 14 12.84189
861.0992 745.2334 14 12.87524
856.1809 749.2128 14 12.9086
851.4918 754.0281 14 12.94196
847.4742 759.3658 14 12.97531
843.7907 764.658 14 13.00867
840.4056 770.8197 14 13.04202
836.0627 776.599 14 13.07538
832.2866 781.6366 14 13.10873
828.107 787.0234 14 13.14209
823.6207 792.3846 14 13.17544
819.1101 798.069 14 13.2088
814.4076 801.9703 14 13.24216
807.979 803.2061 14 13.27551
801.8833 806.2913 14 13.30887
795.5591 811.0739 14 13.34222
789.6841 815.8957 14 13.37558
784.6533 820.8423 14 13.40893
780.2059 826.3517 14 13.44229
776.2839 832.0669 14 13.47564
771.6365 835.8843 14 13.509
766.2987 840.1983 14 13.54236
761.1482 844.4081 14 13.57571
756.3328 849.0605 14 13.60907
751.4803 853.8641 14 13.64242
746.6123 858.9245 14 13.67578
741.4666 863.7521 14 13.70913
736.0538 866.5202 14 13.74249
730.4342 869.3535 14 13.77584
724.4139 873.0742 14 13.8092
718.545 876.923 14 13.84256
713.5621 881.1896 14 13.87591
708.8687 885.285 14 13.90927
703.5078 888.9568 14 13.94262
697.6342 892.2201 14 13.97598
691.7848 896.2868 14 14.00933
685.3454 895.3828 14 14.04269
679.4475 895.1075 14 14.07604
672.8251 896.1118 14 14.1094
666.2621 897.9352 14 14.14276
659.7111 900.4069 14 14.17611
652.9593 903.1958 14 14.20947
646.6073 906.3733 14 14.24282
641.2535 910.1374 14 14.27618
635.6304 914.2069 14 14.30953
631.0741 916.7307 14 14.34289
626.6996 916.3805 14 14.37624
621.8862 917.9916 14 14.4096
616.6637 920.2638 14 14.44296
611.4646 923.2148 14 14.47631
605.9174 926.4704 14 14.50967
600.1032 929.5065 14 14.54302
594.4807 930.2274 14 14.57638
588.8964 929.2428 14 14.60973
583.7158 929.4406 14 14.64309
577.5508 929.4537 14 14.67644
570.4114 929.3906 14 14.7098
563.15 929.4759 14 14.74316
556.1734 929.4485 14 14.77651
549.4847 929.6113 14 14.80987
542.5025 929.2334 14 14.84322
535.4568 929.5748 14 14.87658
528.7053 930.1244 14 14.90993
521.9765 930.6567 14 14.94329
515.0072 931.5282 14 14.97664
508.2065 932.5302 14 15.01
501.281 933.9353 14 15.04336
494.203 935.5073 14 15.07671
487.4424 937.2665 14 15.11007
481.2602 938.9276 14 15.14342
475.0675 941.1021 14 15.17678
468.997 942.7815 14 15.21013
464.3416 942.3593 14 15.24349
458.6858 940.0224 14 15.27684
452.4895 938.0766 14 15.3102
445.2805 937.0731 14 15.34356
438.6462 936.6991 14 15.37691
432.3287 936.922 14 15.41027
425.6579 937.8343 14 15.44362
419.5255 938.4732 14 15.47698
412.6043 939.0876 14 15.51033
408.1804 936.2732 14 15.54369
402.6846 933.1277 14 15.57704
396.4181 930.6117 14 15.6104
389.8837 928.0524 14 15.64376
383.9522 926.4563 14 15.67711
377.668 925.298 14 15.71047
371.3201 923.778 14 15.74382
365.2067 921.8861 14 15.77718
358.6434 921.199 14 15.81053
352.013 920.4494 14 15.84389
344.3035 920.254 14 15.87724
339.3138 919.2093 14 15.9106
336.7479 915.803 14 15.94396
331.7937 912.4837 14 15.97731
326.315 908.3555 14 16.01067
319.6801 905.6024 14 16.04402
313.2416 902.345 14 16.07738
306.6804 899.3251 14 16.11073
300.8096 895.8838 14 16.14409
294.8444 892.4209 14 16.17744
289.0417 889.5644 14 16.2108
283.0345 886.6132 14 16.24416
276.551 883.7455 14 16.27751
269.8603 881.3436 14 16.31087
263.0044 879.1012 14 16.34422
255.7322 876.9165 14 16.37758
247.9978 875.1899 14 16.41093
242.8123 872.7497 14 16.44429
238.2072 869.9236 14 16.47764
233.7038 868.0033 14 16.511
228.536 864.944 14 16.54436
221.2561 861.3419 14 16.57771
215.3341 857.7847 14 16.61107
209.8224 855.0562 14 16.64442
207.7224 850.6007 14 16.67778
205.9235 845.7012 14 16.71113
202.5669 841.0579 14 16.74449
198.7665 836.4813 14 16.77784
194.7587 832.5254 14 16.8112
190.9965 828.7867 14 16.84456
186.3271 823.4528 14 16.87791
181.2527 818.5431 14 16.91127
175.8664 813.5236 14 16.94462
170.0791 808.7865 14 16.97798
164.4963 804.2182 14 17.01133
159.0405 800.1321 14 17.04469
153.8789 795.8001 14 17.07804
148.4532 791.5907 14 17.1114
143.0422 787.2962 14 17.14476
137.9239 782.3083 14 17.17811
132.9759 777.7433 14 17.21147
127.8243 773.597 14 17.24482
122.3829 769.0188 14 17.27818
117.1361 763.7841 14 17.31153
111.9859 758.1299 14 17.34489
106.8682 753.4834 14 17.37824
104.6067 747.5637 14 17.4116
103.0629 742.2454 14 17.44496
100.9978 736.5902 14 17.47831
98.05841 731.7018 14 17.51167
93.99297 727.6614 14 17.54502
93.0516 722.7949 14 17.57838
91.83187 717.3846 14 17.61173
90.19189 711.7495 14 17.64509
87.67411 705.6396 14 17.67844
84.88249 698.6179 14 17.7118
81.67571 691.4148 14 17.74516
78.97668 684.6126 14 17.77851
76.20511 677.4461 14 17.81187
73.48314 669.9054 14 17.84522
70.49064 662.6044 14 17.87858
68.02195 655.6078 14 17.91193
65.59691 648.7844 14 17.94529
63.05772 642.828 14 17.97864
60.86178 636.61 14 18.012
57.90127 630.6696 14 18.04536
55.28552 624.6353 14 18.07871
52.11358 618.4706 14 18.11207
48.85709 612.4811 14 18.14542
45.39691 606.7926 14 18.17878
42.83759 601.3402 14 18.21213
42.54236 596.8619 14 18.24549
41.73385 590.4099 14 18.27884
40.90411 583.4373 14 18.3122
40.22105 576.2986 14 18.34556
38.56133 569.6199 14 18.37891
37.05355 563.1093 14 18.41227
35.55501 557.2355 14 18.44562
33.87491 550.3254 14 18.47898
33.05637 544.2187 14 18.51233
31.86072 538.4029 14 18.54569
30.18841 532.4138 14 18.57904
28.92961 526.7027 14 18.6124
29.6601 520.1939 14 18.64576
30.97943 513.028 14 18.67911
32.3162 505.716 14 18.71247
33.42987 499.0978 14 18.74582
34.27898 492.3373 14 18.77918
35.16393 485.2445 14 18.81253
36.15324 478.1945 14 18.84589
37.04602 471.4935 14 18.87924
38.15243 464.4764 14 18.9126
38.5242 457.7962 14 18.94596
38.681 450.8005 14 18.97931
39.02457 444.0393 14 19.01267
39.23959 437.3099 14 19.04602
38.99097 430.6617 14 19.07938
38.27819 424.707 14 19.11273
37.34473 418.5039 14 19.14609
36.11509 412.3242 14 19.17944
38.22038 407.5255 14 19.2128
40.77172 401.7681 14 19.24616
43.06767 395.071 14 19.27951
44.83897 388.2854 14 19.31287
46.60414 381.5859 14 19.34622
47.82667 374.7961 14 19.37958
49.01495 367.9046 14 19.41293
50.22825 360.9109 14 19.44629
51.26609 353.6442 14 19.47964
52.05885 346.63 14 19.513
53.50605 339.6306 14 19.54636
54.2676 332.3532 14 19.57971
55.44096 325.2558 14 19.61307
57.75926 321.2774 14 19.64642
60.68808 317.5789 14 19.67978
63.72896 311.6003 14 19.71313
67.20809 304.974 14 19.74649
70.25584 298.1114 14 19.77984
72.78193 291.9717 14 19.8132
74.94994 286.0383 14 19.84656
76.89566 279.3332 14 19.87991
79.04052 273.4051 14 19.91327
84.38396 271.7418 14 19.94662
89.6552 268.043 14 19.97998
94.68264 264.191 14 20.01333
100.0653 259.1275 14 20.04669
105.8235 253.4228 14 20.08004
110.9356 248.8261 14 20.1134
115.583 244.4874 14 20.14676
120.3326 240.3813 14 20.18011
124.925 235.9703 14 20.21347
129.4728 231.8496 14 20.24682
134.1224 227.3729 14 20.28018
138.671 222.8844 14 20.31353
143.3312 218.3434 14 20.34689
147.802 213.4855 14 20.38024
152.8494 207.9315 14 20.4136
157.0936 203.0493 14 20.44696
161.2303 198.5389 14 20.48031
165.347 192.8835 14 20.51367
169.2867 187.5055 14 20.54702
173.1565 182.1955 14 20.58038
176.4556 176.7233 14 20.61373
179.9982 170.8633 14 20.64709
182.9496 165.0331 14 20.68044
185.4086 159.4743 14 20.7138
187.3504 153.6773 14 20.74716
189.3544 147.5688 14 20.78051
190.9295 144.2035 14 20.81387
194.5477 140.1165 14 20.84722
198.1693 133.8587 14 20.88058
201.9051 127.8043 14 20.91393
205.6801 123.5494 14 20.94729
209.8883 120.6632 14 20.98064
214.7805 116.8428 14 21.014
219.3946 112.6376 14 21.04736
224.3892 109.3375 14 21.08071
230.9162 109.2955 14 21.11407
238.3246 107.093 14 21.14742
244.6057 104.4555 14 21.18078
250.0129 101.6996 14 21.21413
255.3921 98.24801 14 21.24749
260.3383 94.72925 14 21.28084
265.4175 90.86595 14 21.3142
269.7226 87.35719 14 21.34756
274.3689 83.07847 14 21.38091
278.6405 79.06938 14 21.41427
282.6363 77.52836 14 21.44762
286.9624 75.64302 14 21.48098
291.5051 73.45196 14 21.51433
296.7714 70.93438 14 21.54769
301.4639 68.44564 14 21.58104
306.5845 68.71883 14 21.6144
312.7951 67.38289 14 21.64776
319.1564 65.08649 14 21.68111
325.3823 63.06752 14 21.71447
331.4526 60.94474 14 21.74782
337.6243 58.80461 14 21.78118
343.6901 56.39986 14 21.81453
349.3821 53.4904 14 21.84789
355.3919 50.34651 14 21.88124
361.0662 46.93125 14 21.9146
366.4332 43.55082 14 21.94796
370.2293 45.13588 14 21.98131
375.8807 46.16407 14 22.01467
381.8801 46.81903 14 22.04802
388.3828 48.23812 14 22.08138
394.7992 49.92844 14 22.11473
401.2585 51.11588 14 22.14809
407.5158 52.87017 14 22.18144
413.2376 54.37149 14 22.2148
419.1481 56.04305 14 22.24816
425.175 57.66473 14 22.28151
430.7448 58.92469 14 22.31487
437.1299 59.61667 14 22.34822
443.5632 59.97073 14 22.38158
450.243 59.55133 14 22.41493
456.9749 58.94356 14 22.44829
463.6196 58.52374 14 22.48164
469.7555 57.37238 14 22.515
475.8272 55.8997 14 22.54836
481.7881 54.18979 14 22.58171
488.0543 52.35888 14 22.61507
494.1337 50.31063 14 22.64842
499.9166 48.38619 14 22.68178
505.7495 45.90568 14 22.71513
511.7203 43.23862 14 22.74849
517.3811 40.31578 14 22.78184
521.3461 39.21557 14 22.8152
525.9953 39.83543 14 22.84856
537.5898 39.20091 14 22.88191
537.5898 39.20091 14 22.91527
544.5031 38.97748 14 22.94862
558.2225 38.03723 14 22.98198
558.2225 38.03723 14 23.01533
564.5897 37.20635 14 23.04869
576.6175 38.11473 14 23.08204
576.6175 38.11473 14 23.1154
582.1816 40.18619 14 23.14876
595.5477 44.3111 14 23.18211
595.5477 44.3111 14 23.21547
603.0542 46.49926 14 23.24882
614.9414 49.73558 14 23.28218
614.9414 49.73558 14 23.31553
626.9109 52.06076 14 23.34889
629.925 55.74169 14 23.38224
629.925 55.74169 14 23.4156
642.1684 63.69961 14 23.44896
649.5409 67.35512 14 23.48231
649.5409 67.35512 14 23.51567
663.2371 72.88508 14 23.54902
669.4018 74.44908 14 23.58238
669.4018 74.44908 14 23.61573
680.8535 76.67097 14 23.64909
685.3538 78.36324 14 23.68244
685.3538 78.36324 14 23.7158
695.7699 85.88864 14 23.74916
702.2756 89.61346 14 23.78251
702.2756 89.61346 14 23.81587
714.5266 97.62393 14 23.84922
720.5991 100.9467 14 23.88258
726.735 103.7752 14 23.91593
733.0414 105.9422 14 23.94929
738.9073 108.1845 14 23.98264
740.704 112.6103 14 24.016
744.9853 117.4231 14 24.04936
748.7475 123.0022 14 24.08271
753.089 127.9924 14 24.11607
757.4832 133.6345 14 24.14942
761.7925 138.8103 14 24.18278
766.47 144.3556 14 24.21613
770.8945 150.0266 14 24.24949
775.7765 155.2818 14 24.28284
780.5778 159.8552 14 24.3162
785.3487 164.1942 14 24.34956
790.4803 168.6717 14 24.38291
795.8913 172.403 14 24.41627
801.1167 176.1875 14 24.44962
806.4676 179.856 14 24.48298
812.3737 183.4777 14 24.51633
818.2111 186.7274 14 24.54969
823.5687 189.4485 14 24.58304
826.1971 193.1004 14 24.6164
829.2801 198.4993 14 24.64976
833.1714 204.4125 14 24.68311
837.2884 209.6084 14 24.71647
841.3426 214.8225 14 24.74982
845.6449 219.725 14 24.78318
850.4193 225.1737 14 24.81653
854.668 230.0463 14 24.84989
859.5357 234.7216 14 24.88324
864.3492 239.482 14 24.9166
869.6356 244.6132 14 24.94996
869.703 249.5029 14 24.98331
872.094 254.8291 14 25.01667
874.1198 260.0202 14 25.05002
877.0368 266.0501 14 25.08338
879.7575 272.2642 14 25.11673
881.6221 278.3831 14 25.15009
883.8132 284.2084 14 25.18344
885.9902 290.3248 14 25.2168
887.7022 296.6178 14 25.25016
889.3798 302.791 14 25.28351
891.3837 308.9177 14 25.31687
894.0327 315.1147 14 25.35022
897.1609 321.9606 14 25.38358
899.723 327.8284 14 25.41693
902.9128 334.115 14 25.45029
906.2332 340.3672 14 25.48364
909.5828 346.5593 14 25.517
913.1393 352.8175 14 25.55036
916.7781 358.9815 14 25.58371
920.3083 364.9682 14 25.61707
920.4762 369.3994 14 25.65042
920.6278 374.2299 14 25.68378
921.4457 379.9891 14 25.71713
922.1951 385.8718 14 25.75049
923.3239 392.667 14 25.78384
924.4369 400.6314 14 25.8172
926.0995 408.1429 14 25.85056
927.9814 415.0953 14 25.88391
930.1289 421.5205 14 25.91727
932.3116 427.5138 14 25.95062
931.9881 432.5773 14 25.98398
931.2132 439.0174 14 26.01733
931.2337 446.5256 14 26.05069
931.1733 453.0673 14 26.08404
931.5996 459.1417 14 26.1174
932.4596 465.7544 14 26.15076
933.2308 472.2689 14 26.18411
934.3036 478.7059 14 26.21747
935.5243 485.6446 14 26.25082
936.835 492.7215 14 26.28418
937.683 499.1338 14 26.31753
937.6251 505.1358 14 26.35089
935.8947 510.6994 14 26.38424
934.4702 516.5093 14 26.4176
933.7433 523.0847 14 26.45096
933.1322 530.7019 14 26.48431
933.3622 537.2401 14 26.51767
933.8331 543.8033 14 26.55102
933.7035 550.3656 14 26.58438
931.3831 556.8506 14 26.61773
930.1647 563.6886 14 26.65109
928.7974 570.513 14 26.68444
927.9841 577.1085 14 26.7178
927.0081 583.5535 14 26.75116
926.3243 590.4071 14 26.78451
925.5534 597.0803 14 26.81787
924.0575 604.4929 14 26.85122
920.7732 611.4936 14 26.88458
918.6918 619.1024 14 26.91793
916.9973 625.4812 14 26.95129
915.2795 631.9514 14 26.98464
913.486 638.4886 14 27.018
911.2048 644.2666 14 27.05136
907.2598 648.873 14 27.08471
903.2409 654.4104 14 27.11807
900.1582 660.854 14 27.15142
896.9448 667.2265 14 27.18478
894.0495 673.7167 14 27.21813
891.2956 680.1974 14 27.25149
888.8936 686.4869 14 27.28484
886.5584 693.0659 14 27.3182
884.3821 700.2375 14 27.35156
881.5626 706.8297 14 27.38491
876.958 710.996 14 27.41827
872.5892 715.8406 14 27.45162
868.6198 720.9272 14 27.48498
864.6406 726.354 14 27.51833
860.7989 732.4925 14 27.55169
856.9079 738.5331 14 27.58504
853.4156 744.3046 14 27.6184
849.9469 749.9357 14 27.65176
846.7349 755.9797 14 27.68511
843.5668 762.1346 14 27.71847
840.206 767.9367 14 27.75182
836.729 773.6981 14 27.78518
832.2051 777.652 14 27.81853
827.8838 782.1726 14 27.85189
823.3672 786.7479 14 27.88524
819.0087 791.9365 14 27.9186
814.9546 797.3404 14 27.95196
811.3594 803.0516 14 27.98531
807.251 806.6233 14 28.01867
801.0173 809.5848 14 28.05202
794.5082 813.0891 14 28.08538
788.361 816.9114 14 28.11873
782.8234 821.0625 14 28.15209
777.6502 825.4074 14 28.18544
772.7334 830.2486 14 28.2188
768.3622 835.2785 14 28.25216
763.5363 840.4331 14 28.28551
759.143 846.3342 14 28.31887
754.1285 851.7345 14 28.35222
747.9145 855.6696 14 28.38558
742.0289 861.5922 14 28.41893
736.774 866.9658 14 28.45229
731.441 871.864 14 28.48564
726.1003 875.546 14 28.519
719.813 875.618 14 28.55236
714.3426 877.1213 14 28.58571
708.4263 879.6081 14 28.61907
701.7365 883.2108 14 28.65242
694.8158 886.7495 14 28.68578
689.1809 890.5097 14 28.71913
684.013 895.5948 14 28.75249
678.9713 896.6767 14 28.78584
674.2111 896.7167 14 28.8192
668.3497 896.9523 14 28.85256
662.5212 897.8769 14 28.88591
655.5125 898.6856 14 28.91927
647.6539 899.5038 14 28.95262
640.7552 899.7738 14 28.98598
634.6809 900.8488 14 29.01933
627.8831 902.2281 14 29.05269
621.2053 904.0019 14 29.08604
614.3823 905.5169 14 29.1194
607.5174 907.6352 14 29.15276
600.6718 909.922 14 29.18611
594.1146 911.895 14 29.21947
587.1073 913.9227 14 29.25282
580.313 916.2502 14 29.28618
573.7964 918.3707 14 29.31953
567.4548 921.2344 14 29.35289
560.9598 924.3371 14 29.38624
554.5218 928.0707 14 29.4196
548.5001 932.2362 14 29.45296
542.4114 936.2707 14 29.48631
536.7739 939.5761 14 29.51967
531.8545 938.5757 14 29.55302
525.9346 938.0288 14 29.58638
518.9285 937.7133 14 29.61973
511.3473 936.3399 14 29.65309
504.7223 935.3448 14 29.68644
497.9113 934.712 14 29.7198
491.0714 934.9004 14 29.75316
484.2064 933.7966 14 29.78651
477.9613 933.6087 14 29.81987
471.4678 933.0553 14 29.85322
463.3098 933.7328 14 29.88658
457.0246 933.2932 14 29.91993
450.509 933.7664 14 29.95329
442.8989 934.4515 14 29.98664
436.0987 936.0395 14 30.02
429.3905 936.5663 14 30.05336
421.719 937.9003 14 30.08671
414.443 938.78 14 30.12007
408.4184 938.3847 14 30.15342
403.1003 937.4822 14 30.18678
396.9587 936.8176 14 30.22013
390.5226 935.787 14 30.25349
383.9941 935.3921 14 30.28684
379.0929 932.0613 14 30.3202
374.0718 928.3388 14 30.35356
368.5386 925.0674 14 30.38691
362.6425 922.9931 14 30.42027
356.2158 921.7916 14 30.45362
350.0272 919.7499 14 30.48698
344.5717 919.5694 14 30.52033
337.9088 920.2511 14 30.55369
336.3627 916.2107 14 30.58704
335.3956 916.4309 14 30.6204
332.4641 917.513 14 30.65376
330.6833 915.7223 14 30.68711
328.6831 913.2468 14 30.72047
325.7039 911.8453 14 30.75382
325.1917 910.215 14 30.78718
323.9791 911.7722 14 30.82053
323.4522 912.9367 14 30.85389
323.2005 913.1391 14 30.88724
324.2519 909.8489 14 30.9206
323.7968 913.6646 14 30.95396
323.8028 912.7241 14 30.98731
322.315 913.4584 14 31.02067
319.6358 911.759 14 31.05402
317.6974 911.5897 14 31.08738
318.596 911.6828 14 31.12073
317.6456 910.1797 14 31.15409
315.7004 910.6601 14 31.18744
314.0121 910.1608 14 31.2208
314.4168 908.865 14 31.25416
317.6016 908.9781 14 31.28751
318.0293 908.9409 14 31.32087
319.0212 907.9997 14 31.35422
320.6603 909.1435 14 31.38758
321.6418 909.7463 14 31.42093
321.63 910.8767 14 31.45429
321.7965 911.949 14 31.48764
321.8783 912.0868 14 31.521
320.4568 913.7607 14 31.55436
321.146 913.5909 14 31.58771
318.8753 914.4648 14 31.62107
318.4525 913.1782 14 31.65442
319.7973 912.3395 14 31.68778
319.7388 912.6512 14 31.72113
319.2918 911.759 14 31.75449
320.0019 911.8309 14 31.78784
321.2938 913.2826 14 31.8212
321.597 914.116 14 31.85456
321.6746 914.4721 14 31.88791
323.157 915.715 14 31.92127
324.0686 913.2697 14 31.95462
324.2206 917.181 14 31.98798
326.1508 918.0422 14 32.02133
328.9136 917.5844 14 32.05469
329.7502 916.9523 14 32.08804
327.9309 914.4191 14 32.1214
327.6563 916.8079 14 32.15476
324.6013 917.1178 14 32.18811
323.841 915.9179 14 32.22147
323.185 917.3246 14 32.25482
321.0763 918.0946 14 32.28818
320.9526 918.56 14 32.32153
321.8487 917.3918 14 32.35489
322.0683 916.8251 14 32.38824
321.444 914.5365 14 32.4216
321.7381 913.9278 14 32.45496
320.8937 913.0105 14 32.48831
323.0908 913.5332 14 32.52167
325.5429 913.3437 14 32.55502
327.0933 914.1864 14 32.58838
327.5729 913.7424 14 32.62173
328.3546 915.9945 14 32.65509
328.9007 917.574 14 32.68844
330.0252 918.9277 14 32.7218
330.4416 918.4363 14 32.75516
330.5144 915.5894 14 32.78851
330.227 915.0384 14 32.82187
329.8996 915.5794 14 32.85522
329.2113 912.5676 14 32.88858
329.7225 909.8885 14 32.92193
329.7677 910.2078 14 32.95529
331.9383 909.2804 14 32.98864
332.5675 906.0052 14 33.022
331.4204 904.4888 14 33.05536
329.9033 903.177 14 33.08871
330.057 903.2809 14 33.12207
326.9907 901.4662 14 33.15542
327.2789 900.4518 14 33.18878
327.908 900.4639 14 33.22213
330.4554 898.6813 14 33.25549
329.7912 898.1437 14 33.28884
328.3943 897.3303 14 33.3222
326.4426 897.3283 14 33.35556
328.4458 899.2884 14 33.38891
330.1652 899.2209 14 33.42227
328.8906 897.8008 14 33.45562
330.3823 898.7124 14 33.48898
333.3267 902.5397 14 33.52233
332.9903 900.8174 14 33.55569
332.7874 897.4434 14 33.58904
333.9474 897.108 14 33.6224
332.2938 896.3003 14 33.65576
332.9568 898.0414 14 33.68911
332.9436 899.3306 14 33.72247
331.9815 898.0584 14 33.75582
330.3552 897.9982 14 33.78918
330.7394 899.1665 14 33.82253
332.6664 900.9905 14 33.85589
333.7379 902.0947 14 33.88924
333.4473 902.1441 14 33.9226
333.2394 899.6183 14 33.95596
333.4054 897.9091 14 33.98931
335.3676 899.1858 14 34.02267
338.5876 900.9664 14 34.05602
337.9291 897.9344 14 34.08938
335.5233 898.0702 14 34.12273
333.1891 897.0513 14 34.15609
331.9138 899.0925 14 34.18944
333.4124 899.4289 14 34.2228
333.3204 898.4651 14 34.25616
333.1958 897.3006 14 34.28951
333.1226 897.3998 14 34.32287
333.1852 897.8772 14 34.35622
335.2523 896.374 14 34.38958
335.196 897.199 14 34.42293
335.805 897.4372 14 34.45629
335.7642 896.7204 14 34.48964
334.1304 896.7097 14 34.523
332.6795 898.2149 14 34.55636
331.5906 898.8805 14 34.58971
330.7481 900.2362 14 34.62307
331.6622 899.6311 14 34.65642
331.298 898.6178 14 34.68978
332.2544 897.9606 14 34.72313
332.3731 898.938 14 34.75649
331.8267 898.9689 14 34.78984
330.9075 901.0934 14 34.8232
331.8077 900.9853 14 34.85656
331.8705 902.1817 14 34.88991
332.9981 900.8643 14 34.92327
333.2387 900.5425 14 34.95662
335.5949 900.9392 14 34.98998
337.3159 900.1288 14 35.02333
337.0023 899.8639 14 35.05669
336.3362 901.2968 14 35.09004
336.3262 901.8299 14 35.1234
337.8102 900.4197 14 35.15676
340.6975 900.6192 14 35.19011
342.3671 898.7244 14 35.22347
341.9346 894.1467 14 35.25682
342.9134 894.6364 14 35.29018
341.8682 895.5452 14 35.32353
342.8448 898.771 14 35.35689
344.2734 900.9848 14 35.39024
343.8269 903.6895 14 35.4236
344.0767 902.9264 14 35.45696
343.1969 901.8728 14 35.49031
342.3304 901.9854 14 35.52367
342.1857 902.3903 14 35.55702
343.5552 902.8514 14 35.59038
342.6581 904.23 14 35.62373
340.4197 903.4745 14 35.65709
339.2432 904.1104 14 35.69044
339.36 903.6112 14 35.7238
339.7618 903.5367 14 35.75716
340.2664 902.3021 14 35.79051
341.6358 902.4326 14 35.82387
340.6242 900.9002 14 35.85722
339.6612 899.9352 14 35.89058
339.7557 899.5923 14 35.92393
341.7668 902.4808 14 35.95729
342.817 902.6861 14 35.99064
341.3517 903.0657 14 36.024
340.8013 903.459 14 36.05736
340.0887 905.7451 14 36.09071
339.56 906.7859 14 36.12407
339.6282 906.0442 14 36.15742
339.8297 904.9908 14 36.19078
339.6858 907.1591 14 36.22413
341.3456 904.8481 14 36.25749
341.1008 903.507 14 36.29084
341.0732 903.1969 14 36.3242
341.9639 902.26 14 36.35756
343.1205 902.744 14 36.39091
344.3412 901.3275 14 36.42427
345.5738 898.9722 14 36.45762
347.1812 899.4671 14 36.49098
347.9126 899.2253 14 36.52433
347.626 901.1128 14 36.55769
346.843 901.9257 14 36.59104
347.1271 901.9235 14 36.6244
348.4989 901.9053 14 36.65776
346.721 900.6523 14 36.69111
346.1596 900.3998 14 36.72447
348.0969 900.1503 14 36.75782
350.2472 901.2563 14 36.79118
349.5661 902.3649 14 36.82453
348.1444 904.1525 14 36.85789
346.9661 905.9858 14 36.89124
347.6515 906.9544 14 36.9246
345.317 907.5968 14 36.95796
342.8726 905.9823 14 36.99131
343.6482 906.4351 14 37.02467
343.2686 906.5296 14 37.05802
342.4041 906.5758 14 37.09138
344.3508 906.1216 14 37.12473
344.8771 905.3886 14 37.15809
343.195 906.4351 14 37.19144
341.8084 906.601 14 37.2248
343.7334 906.7162 14 37.25816
344.9396 905.193 14 37.29151
343.642 903.8408 14 37.32487
343.8092 904.0961 14 37.35822
345.232 902.115 14 37.39158
345.1375 901.9039 14 37.42493
345.2381 900.7608 14 37.45829
344.3176 899.9393 14 37.49164
343.0634 901.2953 14 37.525
344.6402 903.0262 14 37.55836
346.0364 904.4707 14 37.59171
346.0306 904.6648 14 37.62507
346.691 906.8968 14 37.65842
347.3232 904.9624 14 37.69178
346.9667 902.6434 14 37.72513
347.1352 902.0334 14 37.75849
346.4365 902.9795 14 37.79184
345.8397 904.2567 14 37.8252
344.5688 903.5792 14 37.85856
346.1267 905.086 14 37.89191
346.4572 906.3111 14 37.92527
344.7662 904.7727 14 37.95862
343.0649 902.9501 14 37.99198
342.7697 902.5479 14 38.02533
345.1356 901.7615 14 38.05869
344.6901 902.4047 14 38.09204
345.6211 904.325 14 38.1254
346.028 903.5281 14 38.15876
345.7928 903.4363 14 38.19211
345.2864 901.7437 14 38.22547
345.7248 904.0951 14 38.25882
344.4963 903.3094 14 38.29218
343.211 903.5275 14 38.32553
342.5815 904.2013 14 38.35889
341.2456 902.4521 14 38.39224
340.9894 903.8717 14 38.4256
341.4286 904.8372 14 38.45896
342.7303 905.0497 14 38.49231
341.3634 902.1743 14 38.52567
342.7173 902.5776 14 38.55902
341.3405 905.0535 14 38.59238
340.448 905.5836 14 38.62573
341.6064 904.4176 14 38.65909
340.7191 901.4701 14 38.69244
341.9447 901.3626 14 38.7258
341.3405 901.5054 14 38.75916
339.9453 900.277 14 38.79251
338.5862 900.6989 14 38.82587
338.2102 901.5906 14 38.85922
338.7642 902.7482 14 38.89258
338.5022 903.4458 14 38.92593
339.2903 901.3738 14 38.95929
340.6648 902.643 14 38.99264
340.1079 901.7903 14 39.026
339.1263 900.227 14 39.05936
340.1331 899.4441 14 39.09271
340.9133 899.8545 14 39.12607
340.2469 899.3084 14 39.15942
340.8157 901.2598 14 39.19278
339.8957 902.8307 14 39.22613
339.4386 903.1796 14 39.25949
341.0625 904.2978 14 39.29284
340.54 903.9168 14 39.3262
339.2016 904.4723 14 39.35956
338.1382 905.4644 14 39.39291
336.4352 905.2018 14 39.42627
336.0673 905.0001 14 39.45962
336.1659 903.3621 14 39.49298
336.2504 902.0918 14 39.52633
336.046 901.8719 14 39.55969
335.8578 902.2451 14 39.59304
336.7166 902.5893 14 39.6264
338.3281 903.1182 14 39.65976
337.2271 901.2204 14 39.69311
335.7033 900.3815 14 39.72647
335.3949 900.2963 14 39.75982
336.2412 900.6922 14 39.79318
337.6643 902.8704 14 39.82653
335.8312 901.0112 14 39.85989
334.4224 899.9001 14 39.89324
335.0253 899.5227 14 39.9266
335.1751 899.9861 14 39.95996
334.7846 899.7496 14 39.99331
333.0038 898.582 14 40.02667
334.0487 898.9237 14 40.06002
334.442 898.8074 14 40.09338
335.6784 898.506 14 40.12673
334.7352 898.254 14 40.16009
332.9649 898.8971 14 40.19344
332.6539 899.5679 14 40.2268
333.5393 902.9185 14 40.26016
334.2819 903.2464 14 40.29351
334.0065 902.4071 14 40.32687
335.3605 900.8997 14 40.36022
336.0083 900.197 14 40.39358
333.8704 900.2491 14 40.42693
332.7155 900.6418 14 40.46029
331.0589 902.1481 14 40.49364
331.8972 903.0115 14 40.527
332.0147 902.2991 14 40.56036
332.1478 901.5176 14 40.59371
334.7622 899.7878 14 40.62707
334.7474 897.7278 14 40.66042
333.4627 896.2802 14 40.69378
334.0714 897.7115 14 40.72713
333.9779 897.0501 14 40.76049
335.7487 897.9268 14 40.79384
337.0012 898.8293 14 40.8272
335.4112 899.6167 14 40.86056
337.1967 899.2934 14 40.89391
338.3788 899.624 14 40.92727
340.0836 901.1652 14 40.96062
342.2481 901.3867 14 40.99398
341.9003 901.1115 14 41.02733
341.9412 900.3253 14 41.06069
342.0429 900.3315 14 41.09404
341.7763 899.3657 14 41.1274
343.7239 899.5247 14 41.16076
343.923 899.304 14 41.19411
343.4537 897.989 14 41.22747
343.9921 898.5558 14 41.26082
342.28 899.4121 14 41.29418
341.2676 900.7414 14 41.32753
342.4038 904.0014 14 41.36089
344.427 903.1834 14 41.39424
345.4509 903.3557 14 41.4276
345.6892 903.9571 14 41.46096
343.8293 903.237 14 41.49431
341.6986 905.0403 14 41.52767
343.4712 904.7505 14 41.56102
343.3136 905.144 14 41.59438
342.8179 905.5216 14 41.62773
342.2397 907.0042 14 41.66109
342.0658 904.8009 14 41.69444
342.1986 903.6059 14 41.7278
341.707 903.7647 14 41.76116
342.4495 903.6269 14 41.79451
341.7906 902.7162 14 41.82787
342.3016 903.6686 14 41.86122
342.7787 904.6198 14 41.89458
341.8682 903.154 14 41.92793
342.4048 901.8517 14 41.96129
343.037 901.8808 14 41.99464
342.9906 902.7766 14 42.028
344.7441 903.6958 14 42.06136
344.4298 903.4741 14 42.09471
344.7154 901.7878 14 42.12807
345.8382 901.4631 14 42.16142
344.9431 901.1237 14 42.19478
346.6892 901.8528 14 42.22813
351.5232 902.4079 14 42.26149
354.2849 901.5113 14 42.29484
354.1281 900.0428 14 42.3282
354.6207 899.1942 14 42.36156
354.3588 898.322 14 42.39491
353.7775 898.8005 14 42.42827
353.6422 896.3187 14 42.46162
352.9922 896.5121 14 42.49498
354.1042 896.3733 14 42.52833
355.1385 894.9972 14 42.56169
355.3092 894.5975 14 42.59504
355.768 894.3672 14 42.6284
355.0773 894.672 14 42.66176
357.0955 892.4587 14 42.69511
360.5923 891.3579 14 42.72847
364.5951 890.5542 14 42.76182
369.2579 889.2891 14 42.79518
372.0993 887.9736 14 42.82853
375.4329 888.4156 14 42.86189
378.5932 888.0986 14 42.89524
382.2844 891.2863 14 42.9286
385.0165 890.5549 14 42.96196
385.1909 886.2273 14 42.99531
387.255 884.5469 14 43.02867
388.9634 885.5201 14 43.06202
390.9213 888.1788 14 43.09538
392.1158 889.1496 14 43.12873
393.1304 887.576 14 43.16209
393.534 887.7359 14 43.19544
391.7233 890.7959 14 43.2288
389.6972 890.7828 14 43.26216
387.6413 891.439 14 43.29551
384.2092 891.5331 14 43.32887
382.0774 890.3912 14 43.36222
380.7764 889.5783 14 43.39558
378.3651 888.4862 14 43.42893
377.9532 888.2242 14 43.46229
379.5647 884.9227 14 43.49564
377.5195 884.6138 14 43.529
377.2447 884.6069 14 43.56236
376.3294 884.5147 14 43.59571
378.0601 884.469 14 43.62907
377.8516 884.9965 14 43.66242
378.2606 884.2305 14 43.69578
381.7947 882.5129 14 43.72913
382.4472 882.0712 14 43.76249
383.1094 882.9392 14 43.79584
383.1478 884.3991 14 43.8292
382.9356 885.2546 14 43.86256
382.7824 886.4372 14 43.89591
380.936 887.4618 14 43.92927
378.9184 887.8189 14 43.96262
380.077 887.1899 14 43.99598
380.8132 885.6681 14 44.02933
381.975 886.4103 14 44.06269
381.8921 886.7151 14 44.09604
381.7931 886.9108 14 44.1294
382.23 889.2773 14 44.16276
385.2982 887.8085 14 44.19611
389.3225 886.2589 14 44.22947
391.8871 886.9133 14 44.26282
391.8254 887.0072 14 44.29618
390.8937 884.2316 14 44.32953
389.5379 882.2059 14 44.36289
388.4016 879.8238 14 44.39624
388.5964 880.4499 14 44.4296
390.7552 882.5498 14 44.46296
391.6246 883.5958 14 44.49631
391.9272 883.3741 14 44.52967
393.3961 883.3907 14 44.56302
393.5791 883.5185 14 44.59638
393.139 883.4565 14 44.62973
392.5883 883.2514 14 44.66309
392.8822 883.0561 14 44.69644
392.4286 881.7439 14 44.7298
391.0458 880.7841 14 44.76316
388.3945 882.5153 14 44.79651
387.3093 884.1418 14 44.82987
388.6572 885.2243 14 44.86322
389.6835 888.3601 14 44.89658
389.7091 890.7639 14 44.92993
392.3052 891.171 14 44.96329
395.6261 890.6927 14 44.99664
396.9137 890.9711 14 45.03
396.0745 890.8547 14 45.06336
397.0033 893.1093 14 45.09671
397.8885 893.6244 14 45.13007
397.1447 894.905 14 45.16342
397.2753 896.0805 14 45.19678
396.2447 897.2638 14 45.23013
395.4394 898.6048 14 45.26349
395.3264 897.125 14 45.29684
397.1007 896.4695 14 45.3302
399.3367 893.4016 14 45.36356
399.9155 895.5141 14 45.39691
400.7211 895.0519 14 45.43027
402.8232 895.8015 14 45.46362
401.8145 892.6957 14 45.49698
400.5394 895.2496 14 45.53033
397.7842 895.0335 14 45.56369
394.034 896.4349 14 45.59704
394.3353 895.478 14 45.6304
396.3915 894.3311 14 45.66376
398.3687 894.5579 14 45.69711
396.686 892.6899 14 45.73047
393.9059 892.9909 14 45.76382
393.6707 894.8254 14 45.79718
393.6691 895.3023 14 45.83053
392.9314 895.0026 14 45.86389
392.89 893.0342 14 45.89724
393.0693 892.5426 14 45.9306
392.4161 892.311 14 45.96396
392.5068 892.7496 14 45.99731
392.5084 892.9689 14 46.03067
395.2116 893.0801 14 46.06402
395.8127 893.1488 14 46.09738
395.6416 894.1068 14 46.13073
393.6987 894.0519 14 46.16409
395.2777 895.9659 14 46.19744
396.0002 895.6675 14 46.2308
395.9528 895.7727 14 46.26416
393.751 898.0553 14 46.29751
395.7883 897.3247 14 46.33087
396.8801 896.1438 14 46.36422
398.8317 896.0716 14 46.39758
401.521 894.314 14 46.43093
403.035 893.637 14 46.46429
401.2674 894.0992 14 46.49764
398.0963 896.1419 14 46.531
396.5625 896.0373 14 46.56436
396.5762 894.8476 14 46.59771
397.4658 894.0014 14 46.63107
398.8708 893.0518 14 46.66442
399.8664 893.486 14 46.69778
399.8806 893.7455 14 46.73113
401.3945 894.6065 14 46.76449
403.194 896.0395 14 46.79784
403.7733 895.6096 14 46.8312
405.9068 894.9337 14 46.86456
408.7844 897.1006 14 46.89791
412.7601 896.0434 14 46.93127
413.9422 893.0609 14 46.96462
414.642 893.9475 14 46.99798
415.4904 895.3267 14 47.03133
415.5188 897.7052 14 47.06469
414.2344 897.7256 14 47.09804
412.4165 899.2814 14 47.1314
409.9467 900.992 14 47.16476
408.1855 901.5988 14 47.19811
407.688 903.1287 14 47.23147
406.2836 902.5925 14 47.26482
408.4922 904.4312 14 47.29818
409.1379 905.543 14 47.33153
410.332 905.88 14 47.36489
411.6412 905.6546 14 47.39824
413.9999 904.6655 14 47.4316
413.2906 901.0423 14 47.46496
412.3127 904.1463 14 47.49831
413.9811 904.4874 14 47.53167
415.0996 905.2617 14 47.56502
416.2656 903.7496 14 47.59838
416.9429 905.4146 14 47.63173
418.0356 906.8911 14 47.66509
417.8469 907.1678 14 47.69844
417.2153 908.9519 14 47.7318
415.8507 908.6129 14 47.76516
417.3962 909.173 14 47.79851
417.6714 911.3324 14 47.83187
417.2273 909.245 14 47.86522
415.646 907.5591 14 47.89858
413.2574 906.256 14 47.93193
412.3762 905.3255 14 47.96529
413.7353 904.6129 14 47.99864
415.6452 902.8591 14 48.032
416.8884 902.2167 14 48.06536
414.7691 902.6385 14 48.09871
413.5871 903.5194 14 48.13207
411.8993 903.1298 14 48.16542
410.6644 903.0525 14 48.19878
413.0275 903.5182 14 48.23213
413.3671 903.8842 14 48.26549
414.1688 904.1677 14 48.29884
414.357 905.6484 14 48.3322
412.5118 906.0143 14 48.36556
410.6772 906.9833 14 48.39891
410.8103 907.248 14 48.43227
408.8526 907.349 14 48.46562
409.502 907.2085 14 48.49898
408.5115 907.5171 14 48.53233
408.5463 907.2686 14 48.56569
406.4855 907.0715 14 48.59904
408.5123 905.0526 14 48.6324
408.8413 907.6662 14 48.66576
409.1986 906.9042 14 48.69911
410.5945 905.63 14 48.73247
412.5385 907.4043 14 48.76582
412.8927 907.6741 14 48.79918
412.0891 905.3334 14 48.83253
414.2603 905.2325 14 48.86589
412.2422 904.7296 14 48.89924
411.005 905.4477 14 48.9326
410.1244 904.2614 14 48.96596
408.5382 903.9245 14 48.99931
410.2918 906.0504 14 49.03267
411.5678 906.5547 14 49.06602
413.345 907.1098 14 49.09938
415.6515 908.8114 14 49.13273
416.1721 906.9444 14 49.16609
417.9239 908.7586 14 49.19944
416.2175 908.5796 14 49.2328
415.3515 908.825 14 49.26616
415.1612 907.272 14 49.29951
415.9564 905.4664 14 49.33287
416.7975 905.3636 14 49.36622
416.5338 904.9061 14 49.39958
414.1576 905.151 14 49.43293
413.2215 906.0522 14 49.46629
411.0186 907.1892 14 49.49964
410.0114 906.6628 14 49.533
414.0639 904.9962 14 49.56636
416.3783 903.5579 14 49.59971
415.6066 907.5226 14 49.63307
415.8248 906.3788 14 49.66642
417.0992 903.8901 14 49.69978
416.4814 906.9955 14 49.73313
416.3596 909.4869 14 49.76649
415.8762 912.3199 14 49.79984
415.7331 912.2327 14 49.8332
415.7867 910.723 14 49.86656
416.9413 910.846 14 49.89991
416.4973 912.0086 14 49.93327
417.0712 910.9497 14 49.96662
416.7825 910.0227 14 49.99998
415.8398 909.1779 14 50.03333
416.4213 912.0954 14 50.06669
416.7396 911.8025 14 50.10004
414.4674 912.9631 14 50.1334
416.2355 913.7279 14 50.16676
416.9934 914.9853 14 50.20011
416.7457 914.5211 14 50.23347
416.2627 913.1855 14 50.26682
416.242 913.5629 14 50.30018
416.8693 913.1253 14 50.33353
416.2911 914.1808 14 50.36689
415.894 913.046 14 50.40024
414.9364 913.4948 14 50.4336
415.3851 912.4092 14 50.46696
416.1365 910.2232 14 50.50031
419.7772 907.9775 14 50.53367
421.3425 908.1504 14 50.56702
421.735 906.5615 14 50.60038
421.6076 906.1436 14 50.63373
422.134 904.9913 14 50.66709
420.9293 904.6354 14 50.70044
421.0952 903.7977 14 50.7338
421.8179 905.1655 14 50.76716
421.4023 903.9769 14 50.80051
421.9646 903.5406 14 50.83387
424.497 903.4555 14 50.86722
425.8807 904.1254 14 50.90058
425.8185 907.075 14 50.93393
425.8878 908.256 14 50.96729
426.2814 909.4896 14 51.00064
427.112 908.1859 14 51.034
428.2173 907.7165 14 51.06736
429.2676 907.8809 14 51.10071
431.1046 908.0313 14 51.13407
429.5074 908.7061 14 51.16742
430.3147 908.2445 14 51.20078
432.9249 908.5755 14 51.23413
433.7257 909.7661 14 51.26749
432.9946 910.0561 14 51.30084
432.6384 910.6615 14 51.3342
432.7735 911.3891 14 51.36756
432.5304 912.3376 14 51.40091
434.4697 912.102 14 51.43427
436.778 913.8314 14 51.46762
435.4082 912.1042 14 51.50098
434.4972 914.5986 14 51.53433
435.1554 911.7869 14 51.56769
434.6578 912.8269 14 51.60104
436.1787 911.6323 14 51.6344
436.1805 910.6407 14 51.66776
435.1493 908.0391 14 51.70111
435.8362 907.4267 14 51.73447
435.1403 907.3656 14 51.76782
435.6031 909.1357 14 51.80118
434.7369 911.9069 14 51.83453
432.0382 912.357 14 51.86789
431.1718 912.5672 14 51.90124
432.026 913.3068 14 51.9346
432.6477 912.6234 14 51.96796
434.334 913.0731 14 52.00131
434.0773 913.5931 14 52.03467
435.2439 913.4251 14 52.06802
435.3866 912.7158 14 52.10138
437.0525 912.1984 14 52.13473
436.3582 912.3769 14 52.16809
433.0634 911.6199 14 52.20144
432.6502 911.725 14 52.2348
433.1991 910.1959 14 52.26816
430.91 909.5852 14 52.30151
430.9892 910.1032 14 52.33487
430.5058 911.2371 14 52.36822
430.2505 911.0233 14 52.40158
429.3285 910.4945 14 52.43493
427.8007 911.667 14 52.46829
427.4377 909.7377 14 52.50164
430.7003 909.8462 14 52.535
433.5144 909.7029 14 52.56836
435.0758 908.6362 14 52.60171
434.2788 908.0963 14 52.63507
434.6618 907.5689 14 52.66842
435.2425 908.2444 14 52.70178
435.0169 909.7081 14 52.73513
435.1051 909.3568 14 52.76849
435.3697 908.3122 14 52.80184
435.391 909.988 14 52.8352
433.8218 907.626 14 52.86856
433.7762 906.0322 14 52.90191
433.782 907.0397 14 52.93527
433.5293 907.0089 14 52.96862
433.242 907.4298 14 53.00198
433.4822 906.0101 14 53.03533
433.3489 906.3774 14 53.06869
431.9231 906.3141 14 53.10204
431.2802 907.5558 14 53.1354
430.4716 907.4113 14 53.16876
432.5519 907.6418 14 53.20211
434.365 907.623 14 53.23547
434.1525 911.3304 14 53.26882
431.5577 909.8962 14 53.30218
431.5965 909.8632 14 53.33553
432.5685 909.729 14 53.36889
433.0945 909.5964 14 53.40224
433.769 909.8257 14 53.4356
434.5407 911.5925 14 53.46896
434.3678 911.5445 14 53.50231
432.7522 912.1638 14 53.53567
431.2273 911.2029 14 53.56902
433.0614 910.48 14 53.60238
434.6333 908.3434 14 53.63573
436.4234 908.2661 14 53.66909
438.2029 908.7059 14 53.70244
440.0386 908.2528 14 53.7358
439.7629 908.8527 14 53.76916
441.5384 909.8875 14 53.80251
440.8573 910.2539 14 53.83587
441.9985 908.9063 14 53.86922
442.8692 908.6987 14 53.90258
440.9476 909.7923 14 53.93593
440.4384 910.567 14 53.96929
441.9932 910.9394 14 54.00264
441.5059 911.3714 14 54.036
438.8163 911.0997 14 54.06936
439.6066 911.027 14 54.10271
440.4678 910.6847 14 54.13607
440.9201 910.3564 14 54.16942
442.1837 909.4386 14 54.20278
443.3046 910.2606 14 54.23613
442.558 910.0498 14 54.26949
441.9598 910.0894 14 54.30284
441.8855 909.7647 14 54.3362
442.4125 910.3501 14 54.36956
440.9742 910.7221 14 54.40291
439.5606 909.5857 14 54.43627
439.289 909.9662 14 54.46962
437.0865 909.7407 14 54.50298
436.8067 910.5856 14 54.53633
435.4598 910.4293 14 54.56969
434.1871 910.5552 14 54.60304
432.5559 909.5192 14 54.6364
432.0775 908.8361 14 54.66976
430.8597 908.0838 14 54.70311
430.1961 907.6424 14 54.73647
429.6466 907.1416 14 54.76982
429.0286 906.8085 14 54.80318
427.9384 906.4224 14 54.83653
427.0463 907.0678 14 54.86989
427.865 906.3218 14 54.90324
427.8226 905.5254 14 54.9366
427.1134 904.9296 14 54.96996
426.1312 904.2811 14 55.00331
426.1353 904.8998 14 55.03667
428.2223 905.8871 14 55.07002
427.6551 904.9366 14 55.10338
426.2542 903.7327 14 55.13673
425.6853 904.2494 14 55.17009
423.5711 903.6867 14 55.20344
420.3734 904.5851 14 55.2368
420.0809 905.4992 14 55.27016
419.7387 903.3429 14 55.30351
419.8206 904.1537 14 55.33687
418.457 903.3233 14 55.37022
416.5657 902.0726 14 55.40358
413.1755 901.9675 14 55.43693
412.5411 902.3544 14 55.47029
411.4625 903.1146 14 55.50364
410.6161 902.2636 14 55.537
412.012 903.3841 14 55.57036
412.3715 902.3714 14 55.60371
411.9486 902.0846 14 55.63707
410.6476 901.2307 14 55.67042
412.9299 902.0824 14 55.70378
413.4567 901.2116 14 55.73713
412.6794 902.006 14 55.77049
410.6136 898.957 14 55.80384
411.716 899.003 14 55.8372
413.1787 899.3288 14 55.87056
411.5271 900.6104 14 55.90391
409.9234 901.1343 14 55.93727
407.5806 901.3355 14 55.97062
407.3001 900.2489 14 56.00398
409.7742 900.8293 14 56.03733
409.5061 901.0733 14 56.07069
407.9355 900.8736 14 56.10404
407.3465 901.4158 14 56.1374
406.6647 900.9297 14 56.17076
405.0409 904.4817 14 56.20411
406.2443 901.7762 14 56.23747
404.4819 899.0827 14 56.27082
404.3098 897.9015 14 56.30418
402.921 897.8382 14 56.33753
402.904 898.3674 14 56.37089
401.4708 896.5984 14 56.40424
399.35 895.0582 14 56.4376
401.0734 894.9874 14 56.47096
401.4699 894.5228 14 56.50431
398.6122 893.1482 14 56.53767
397.1479 891.2007 14 56.57102
397.2056 890.2669 14 56.60438
398.9167 890.3578 14 56.63773
398.4708 890.1439 14 56.67109
399.3171 891.1553 14 56.70444
397.3458 889.7837 14 56.7378
398.371 889.205 14 56.77116
400.0448 889.9953 14 56.80451
400.3896 890.9382 14 56.83787
398.5264 889.5112 14 56.87122
395.4245 886.3346 14 56.90458
394.7978 885.9071 14 56.93793
394.537 882.7283 14 56.97129
392.7267 878.845 14 57.00464
390.8138 873.1508 14 57.038
388.8743 867.0401 14 57.07136
386.5405 861.0259 14 57.10471
387.51 855.5519 14 57.13807
388.4235 849.6679 14 57.17142
392.0743 843.4366 14 57.20478
395.4891 837.5084 14 57.23813
397.2279 830.5892 14 57.27149
397.8646 823.0293 14 57.30484
397.1776 816.1904 14 57.3382
395.9679 809.7115 14 57.37156
393.9044 802.8347 14 57.40491
391.2484 795.4783 14 57.43827
387.2789 788.6372 14 57.47162
383.9211 780.0771 14 57.50498
380.027 774.1122 14 57.53833
375.8329 768.6089 14 57.57169
372.0722 763.1315 14 57.60504
367.6286 757.8758 14 57.6384
363.7463 752.8068 14 57.67176
359.5558 747.3384 14 57.70511
355.3671 742.2879 14 57.73847
350.9012 737.287 14 57.77182
346.442 732.1207 14 57.80518
341.7163 726.7347 14 57.83853
336.7585 721.1287 14 57.87189
331.5555 715.9765 14 57.90524
325.8967 711.4806 14 57.9386
320.3929 707.8756 14 57.97196
314.8145 704.2837 14 58.00531
309.1383 700.9159 14 58.03867
303.5554 697.9656 14 58.07202
297.6322 694.5575 14 58.10538
291.7349 691.3779 14 58.13873
286.2544 688.1809 14 58.17209
280.4005 686.1707 14 58.20544
274.4134 683.6201 14 58.2388
268.3274 681.9266 14 58.27216
261.7086 681.0265 14 58.30551
254.2413 679.8107 14 58.33887
248.2074 679.1041 14 58.37222
241.7985 678.1213 14 58.40558
235.0237 677.2694 14 58.43893
228.6263 676.6056 14 58.47229
222.2273 677.0705 14 58.50564
216.1747 676.9301 14 58.539
210.1002 677.8964 14 58.57236
203.5435 678.4673 14 58.60571
197.024 679.937 14 58.63907
190.6538 681.632 14 58.67242
184.1172 684.2594 14 58.70578
177.6554 686.7808 14 58.73913
171.7295 689.9406 14 58.77249
166.0981 694.0067 14 58.80584
160.7987 698.279 14 58.8392
155.3805 702.6867 14 58.87256
150.7388 707.234 14 58.90591
146.5099 712.3666 14 58.93927
142.4077 718.1202 14 58.97262
138.7431 724.104 14 59.00598
135.4552 729.9977 14 59.03933
133.0085 736.7731 14 59.07269
130.6169 743.3129 14 59.10604
128.9004 749.7063 14 59.1394
129.134 751.1905 14 59.17276
132.5608 753.1047 14 59.20611
135.137 757.6713 14 59.23947
138.1094 763.1757 14 59.27282
141.2814 769.5833 14 59.30618
143.6961 776.1713 14 59.33953
146.596 782.3845 14 59.37289
149.7063 788.3872 14 59.40624
152.9533 793.9066 14 59.4396
156.9694 799.1509 14 59.47296
160.6982 804.6031 14 59.50631
161.5574 807.5205 14 59.53967
163.3159 810.6625 14 59.57302
164.1452 811.2422 14 59.60638
165.8503 813.153 14 59.63973
166.9324 813.2686 14 59.67309
167.7945 814.1382 14 59.70644
168.4832 816.5728 14 59.7398
169.1119 816.8045 14 59.77316
170.4059 816.7265 14 59.80651
171.6799 817.7376 14 59.83987
173.1912 819.2056 14 59.87322
175.2101 819.146 14 59.90658
175.8176 820.6153 14 59.93993
176.3114 821.7682 14 59.97329
177.3456 823.212 14 60.00664
177.4956 824.2381 14 60.04
177.9412 824.4601 14 60.07336
179.4525 824.1791 14 60.10671
181.5083 824.8985 14 60.14007
182.444 825.9845 14 60.17342
184.1284 826.277 14 60.20678
185.3725 827.4863 14 60.24013
187.0382 827.2089 14 60.27349
188.4376 827.5964 14 60.30684
189.2082 829.8468 14 60.3402
190.247 831.4066 14 60.37356
190.6752 833.4324 14 60.40691
190.385 835.1636 14 60.44027
189.5848 835.9806 14 60.47362
189.3224 836.7889 14 60.50698
189.1619 838.3601 14 60.54033
188.89 838.4317 14 60.57369
190.4764 840.3463 14 60.60704
192.7072 840.8685 14 60.6404
194.1459 841.5263 14 60.67376
195.5804 842.6223 14 60.70711
196.1151 843.1136 14 60.74047
196.5214 843.5434 14 60.77382
197.6438 844.4715 14 60.80718
198.2002 843.8268 14 60.84053
198.1079 844.2695 14 60.87389
198.1086 844.5972 14 60.90724
199.0827 845.7577 14 60.9406
200.6756 846.2717 14 60.97396
201.8688 847.273 14 61.00731
203.0421 848.229 14 61.04067
202.6454 849.6967 14 61.07402
201.2977 851.4617 14 61.10738
201.3767 852.712 14 61.14073
201.9261 853.0097 14 61.17409
203.567 852.6477 14 61.20744
203.6545 852.6976 14 61.2408
204.7905 852.696 14 61.27416
205.2961 852.6097 14 61.30751
205.2055 853.0115 14 61.34087
205.6245 853.3344 14 61.37422
206.0866 854.4206 14 61.40758
207.0999 855.3622 14 61.44093
208.198 856.027 14 61.47429
209.0023 855.9093 14 61.50764
208.8803 857.7072 14 61.541
209.3371 856.8771 14 61.57436
209.9995 856.7183 14 61.60771
210.2624 857.424 14 61.64107
209.955 856.9711 14 61.67442
209.5407 857.2437 14 61.70778
208.9975 858.1003 14 61.74113
209.4126 858.0053 14 61.77449
210.7032 857.4701 14 61.80784
210.9388 857.8452 14 61.8412
211.8544 856.9548 14 61.87456
212.3105 856.7568 14 61.90791
211.0638 858.1346 14 61.94127
210.7782 858.5757 14 61.97462
210.7585 859.2753 14 62.00798
211.164 859.419 14 62.04133
211.6715 859.531 14 62.07469
212.7919 859.008 14 62.10804
213.3204 858.7985 14 62.1414
212.9819 858.9334 14 62.17476
213.3582 858.1596 14 62.20811
214.4639 857.4902 14 62.24147
215.2724 857.1188 14 62.27482
215.4073 858.2621 14 62.30818
215.2479 858.353 14 62.34153
214.9885 859.5534 14 62.37489
215.0577 859.7556 14 62.40824
215.062 859.1157 14 62.4416
214.0331 858.8871 14 62.47496
214.6041 858.7372 14 62.50831
215.059 858.7732 14 62.54167
214.1525 859.4655 14 62.57502
214.1063 859.0449 14 62.60838
214.8225 859.2293 14 62.64173
214.1706 860.6363 14 62.67509
213.3601 860.2325 14 62.70844
212.4535 860.3891 14 62.7418
211.0516 860.9599 14 62.77516
210.5187 860.3848 14 62.80851
211.6992 859.4746 14 62.84187
213.2939 858.3793 14 62.87522
214.4072 857.3119 14 62.90858
214.9504 857.4918 14 62.94193
215.1312 859.4553 14 62.97529
215.6045 859.0368 14 63.00864
216.2233 858.2815 14 63.042
216.7639 859.6914 14 63.07536
216.7655 859.9905 14 63.10871
216.6509 860.4465 14 63.14207
216.2284 860.2492 14 63.17542
215.7797 860.7417 14 63.20878
214.7239 861.0592 14 63.24213
214.1127 861.5908 14 63.27549
214.7789 861.2619 14 63.30884
216.1691 859.8908 14 63.3422
216.3787 859.8645 14 63.37556
216.3178 860.4334 14 63.40891
215.9057 860.4948 14 63.44227
215.5524 860.4833 14 63.47562
215.4663 861.904 14 63.50898
215.6116 861.6644 14 63.54233
216.1701 861.7981 14 63.57569
215.784 861.9129 14 63.60904
215.8943 861.4352 14 63.6424
216.5252 861.157 14 63.67576
217.1546 861.5868 14 63.70911
217.4729 860.6717 14 63.74247
217.172 860.2103 14 63.77582
216.4403 860.0532 14 63.80918
215.8985 860.6661 14 63.84253
215.5313 861.3943 14 63.87589
215.2708 861.6962 14 63.90924
216.2468 862.8599 14 63.9426
217.664 863.3347 14 63.97596
217.3659 863.8832 14 64.00931
217.7779 863.9241 14 64.04267
218.069 863.6878 14 64.07602
217.9628 863.698 14 64.10938
217.3258 863.5955 14 64.14273
217.6769 865.245 14 64.17609
219.595 863.8788 14 64.20944
220.2206 864.9326 14 64.2428
222.2262 864.6162 14 64.27616
222.6297 865.6117 14 64.30951
222.9847 865.4651 14 64.34287
224.673 865.7083 14 64.37622
225.7049 865.7105 14 64.40958
226.1427 866.6046 14 64.44293
228.0992 867.6458 14 64.47629
229.3555 867.9041 14 64.50964
229.6562 869.2973 14 64.543
231.9313 869.1797 14 64.57636
233.3136 868.7982 14 64.60971
234.8678 869.157 14 64.64307
236.0229 868.3814 14 64.67642
237.6176 868.324 14 64.70978
238.1418 867.6554 14 64.74313
238.1595 867.3226 14 64.77649
237.6655 867.5005 14 64.80984
238.8642 866.3915 14 64.8432
239.6617 866.2844 14 64.87656
240.6084 865.9401 14 64.90991
240.8273 866.5711 14 64.94327
241.4973 866.0103 14 64.97662
242.1193 865.8094 14 65.00998
243.1418 866.1969 14 65.04333
244.3119 864.9506 14 65.07669
244.6187 864.7814 14 65.11004
245.8469 864.8496 14 65.1434
246.2776 864.0893 14 65.17676
245.4983 862.7242 14 65.21011
246.5881 861.3926 14 65.24347
245.8071 860.4349 14 65.27682
245.6902 860.4578 14 65.31018
245.3826 860.9814 14 65.34353
243.8978 861.0842 14 65.37689
244.2194 860.8759 14 65.41024
244.2584 859.3824 14 65.4436
243.2006 860.2034 14 65.47696
242.1338 860.4428 14 65.51031
242.1297 859.9356 14 65.54367
243.3612 858.6086 14 65.57702
242.108 857.7422 14 65.61038
242.8788 857.5859 14 65.64373
242.0626 857.415 14 65.67709
241.7176 857.6859 14 65.71044
241.8807 856.9729 14 65.7438
242.0234 856.3093 14 65.77716
241.9288 856.1705 14 65.81051
242.5415 856.7897 14 65.84387
242.0735 856.6708 14 65.87722
241.7269 857.6546 14 65.91058
242.1277 858.1107 14 65.94393
242.5098 858.3141 14 65.97729
242.4441 858.2897 14 66.01064
244.5649 857.6691 14 66.044
243.5008 856.979 14 66.07736
242.0963 858.252 14 66.11071
242.7497 857.8875 14 66.14407
242.0939 856.9099 14 66.17742
242.6503 856.785 14 66.21078
241.6223 857.0755 14 66.24413
240.7678 856.9075 14 66.27749
241.0432 855.0693 14 66.31084
240.6014 854.7991 14 66.3442
239.9413 854.4196 14 66.37756
238.1 854.0945 14 66.41091
238.6657 854.6988 14 66.44427
237.0028 852.9955 14 66.47762
237.0225 854.4337 14 66.51098
237.5726 853.8977 14 66.54433
236.4402 854.28 14 66.57769
235.2596 854.5088 14 66.61104
234.1518 854.5363 14 66.6444
234.918 854.0093 14 66.67776
234.9994 853.3424 14 66.71111
235.7221 852.302 14 66.74447
234.0355 852.4431 14 66.77782
234.1332 853.3718 14 66.81118
232.8025 853.0565 14 66.84453
234.2294 852.8446 14 66.87789
232.7811 853.4699 14 66.91124
232.3084 852.1331 14 66.9446
233.4863 851.6261 14 66.97796
233.2627 851.2296 14 67.01131
232.8709 850.9707 14 67.04467
232.2189 850.1249 14 67.07802
232.7643 850.1018 14 67.11138
233.4209 851.1458 14 67.14473
233.387 850.7716 14 67.17809
232.0828 850.6296 14 67.21144
232.6356 851.2244 14 67.2448
232.6758 851.1094 14 67.27816
231.6723 851.3201 14 67.31151
232.0178 850.3863 14 67.34487
231.8742 849.3611 14 67.37822
232.1619 849.4958 14 67.41158
230.0484 848.8676 14 67.44493
231.322 848.2569 14 67.47829
230.4255 847.9779 14 67.51164
229.1507 847.609 14 67.545
228.394 847.7028 14 67.57836
227.3038 847.4291 14 67.61171
227.4641 846.8553 14 67.64507
225.9937 845.9357 14 67.67842
226.4012 844.8548 14 67.71178
227.4022 843.0858 14 67.74513
224.5712 841.6071 14 67.77849
222.7864 842.0362 14 67.81184
222.5079 841.9522 14 67.8452
220.3984 841.8517 14 67.87856
220.0818 842.1231 14 67.91191
220.5641 842.1619 14 67.94527
219.4293 842.1271 14 67.97862
219.2037 842.0899 14 68.01198
219.3132 842.1244 14 68.04533
219.8038 841.6401 14 68.07869
218.8365 841.1436 14 68.11204
218.7432 841.6302 14 68.1454
219.4423 841.3142 14 68.17876
217.4508 841.1787 14 68.21211
217.4953 841.782 14 68.24547
217.2233 841.2512 14 68.27882
216.1806 841.206 14 68.31218
216.2237 840.507 14 68.34553
217.3819 839.2213 14 68.37889
217.1347 838.5364 14 68.41224
216.8979 839.3193 14 68.4456
215.8661 839.066 14 68.47896
214.8812 839.5821 14 68.51231
215.2574 838.8824 14 68.54567
215.6507 838.604 14 68.57902
216.5632 838.7279 14 68.61238
216.2057 838.6033 14 68.64573
216.5247 837.6602 14 68.67909
216.4502 837.4928 14 68.71244
214.3825 837.6569 14 68.7458
214.5372 837.3658 14 68.77916
213.3341 836.4852 14 68.81251
212.4404 836.4789 14 68.84587
212.3493 837.0441 14 68.87922
211.9906 836.9236 14 68.91258
212.139 835.2679 14 68.94593
210.4294 835.6301 14 68.97929
209.7635 836.0209 14 69.01264
210.3081 836.4282 14 69.046
211.1275 835.308 14 69.07936
212.2278 835.6027 14 69.11271
211.1558 835.6532 14 69.14607
211.0393 834.2485 14 69.17942
211.8163 832.9934 14 69.21278
210.4105 832.7367 14 69.24613
209.77 831.0577 14 69.27949
208.9754 830.5635 14 69.31284
209.0948 830.5921 14 69.3462
207.5255 830.7962 14 69.37956
206.9866 829.8592 14 69.41291
207.4855 829.9968 14 69.44627
206.0436 828.4451 14 69.47962
205.3296 827.6648 14 69.51298
203.1259 828.2431 14 69.54633
202.9052 828.4803 14 69.57969
203.3663 827.439 14 69.61304
202.7174 827.0321 14 69.6464
201.9863 825.475 14 69.67976
203.0484 824.713 14 69.71311
202.8626 823.7785 14 69.74647
201.6967 823.0566 14 69.77982
200.4705 821.3207 14 69.81318
199.765 819.1992 14 69.84653
199.5564 818.8543 14 69.87989
197.6732 820.0285 14 69.91324
195.9013 818.473 14 69.9466
195.4129 816.8523 14 69.97996
194.1259 815.8231 14 70.01331
191.904 814.9056 14 70.04667
190.9144 813.6226 14 70.08002
191.6797 814.8073 14 70.11338
191.1064 813.9021 14 70.14673
191.1162 812.9975 14 70.18009
191.0763 811.8731 14 70.21344
189.8316 811.4764 14 70.2468
188.4784 811.0138 14 70.28016
188.1962 810.7097 14 70.31351
186.0353 810.9067 14 70.34687
183.8075 810.2402 14 70.38022
183.4207 808.7273 14 70.41358
182.297 808.3482 14 70.44693
181.8617 809.5976 14 70.48029
181.7312 808.9084 14 70.51364
180.902 808.0899 14 70.547
180.2413 805.9357 14 70.58036
180.3153 805.2891 14 70.61371
179.4228 803.9469 14 70.64707
179.7 803.6697 14 70.68042
178.9883 803.2935 14 70.71378
178.1082 802.7197 14 70.74713
178.2773 802.6596 14 70.78049
176.9231 802.6552 14 70.81384
176.3727 803.1962 14 70.8472
176.7802 804.0183 14 70.88056
175.6544 804.4065 14 70.91391
175.6802 803.9238 14 70.94727
175.6692 803.2524 14 70.98062
176.7009 802.8911 14 71.01398
176.7822 802.4666 14 71.04733
176.862 801.1037 14 71.08069
175.9765 801.4431 14 71.11404
177.6378 802.3595 14 71.1474
176.0874 801.1887 14 71.18076
175.1974 800.1915 14 71.21411
174.2933 800.8714 14 71.24747
173.0221 799.987 14 71.28082
173.3128 800.7384 14 71.31418
173.137 800.3138 14 71.34753
172.8488 799.5298 14 71.38089
171.9793 800.3404 14 71.41424
170.984 797.8288 14 71.4476
171.1371 798.1528 14 71.48096
172.1392 797.8081 14 71.51431
169.8744 797.924 14 71.54767
169.3225 797.6633 14 71.58102
170.2522 797.1028 14 71.61438
170.1271 797.5495 14 71.64773
169.1453 796.628 14 71.68109
169.9213 796.697 14 71.71444
168.2199 796.2079 14 71.7478
167.2595 796.5212 14 71.78116
167.2554 796.6161 14 71.81451
167.7084 796.1196 14 71.84787
167.6635 796.6786 14 71.88122
167.1578 795.7641 14 71.91458
167.1965 794.8501 14 71.94793
166.1719 794.9504 14 71.98129
166.9661 794.6644 14 72.01464
167.3518 794.6241 14 72.048
168.1771 794.5308 14 72.08136
166.92 794.8065 14 72.11471
166.5253 794.9633 14 72.14807
166.2633 794.4147 14 72.18142
165.8688 796.1305 14 72.21478
166.4323 796.1095 14 72.24813
165.7769 795.4642 14 72.28149
165.7202 796.0857 14 72.31484
164.9632 796.7531 14 72.3482
166.7073 796.5898 14 72.38156
170.0966 797.9018 14 72.41491
170.372 797.2206 14 72.44827
168.3425 797.2936 14 72.48162
168.3998 797.3569 14 72.51498
169.0533 797.6095 14 72.54833
167.7868 796.9043 14 72.58169
166.3219 797.1184 14 72.61504
167.0128 796.8588 14 72.6484
167.2433 797.2043 14 72.68176
166.4244 797.5872 14 72.71511
167.0975 797.6173 14 72.74847
167.0575 795.9852 14 72.78182
167.0314 795.7381 14 72.81518
165.5596 795.9469 14 72.84853
166.2675 796.2372 14 72.88189
166.2675 796.2372 14 72.91524
165.5343 796.4167 14 72.9486
164.6621 795.6232 14 72.98196
164.6621 795.6232 14 73.01531
165.5804 795.5328 14 73.04867
164.5402 795.1103 14 73.08202
164.5402 795.1103 14 73.11538
163.2893 796.1152 14 73.14873
164.3976 795.2054 14 73.18209
164.3976 795.2054 14 73.21544
163.5331 794.9384 14 73.2488
162.959 795.285 14 73.28216
162.959 795.285 14 73.31551
162.4147 795.3003 14 73.34887
163.5401 795.9491 14 73.38222
163.5401 795.9491 14 73.41558
163.5867 796.1935 14 73.44893
162.8527 797.3026 14 73.48229
162.8527 797.3026 14 73.51564
163.7009 797.5584 14 73.549
164.0681 797.8137 14 73.58236
164.0681 797.8137 14 73.61571
164.2837 798.0238 14 73.64907
165.491 798.062 14 73.68242
165.491 798.062 14 73.71578
164.5514 798.112 14 73.74913
164.9108 797.9898 14 73.78249
164.9108 797.9898 14 73.81584
165.0258 797.6089 14 73.8492
164.8908 796.6011 14 73.88256
165.6441 796.4519 14 73.91591
165.445 797.3413 14 73.94927
166.463 796.812 14 73.98262
166.6829 796.7446 14 74.01598
165.5688 797.386 14 74.04933
164.8008 797.1355 14 74.08269
165.4093 796.2237 14 74.11604
166.1135 796.0134 14 74.1494
165.3533 797.3615 14 74.18276
165.1109 795.4965 14 74.21611
164.2894 794.4601 14 74.24947
164.4117 794.7285 14 74.28282
163.9111 794.0328 14 74.31618
164.3562 793.9237 14 74.34953
164.141 793.0819 14 74.38289
164.193 791.7224 14 74.41624
163.5663 791.6014 14 74.4496
163.8313 791.6438 14 74.48296
163.7993 791.0037 14 74.51631
163.985 790.1512 14 74.54967
162.4296 790.0798 14 74.58302
162.9348 789.7062 14 74.61638
161.7289 790.4406 14 74.64973
161.3375 789.6117 14 74.68309
161.9776 789.7356 14 74.71644
162.6792 788.8445 14 74.7498
161.5901 789.2942 14 74.78316
160.5011 789.8077 14 74.81651
161.0093 790.4644 14 74.84987
160.1155 789.7401 14 74.88322
158.9117 789.2177 14 74.91658
158.4683 787.4126 14 74.94993
158.9872 786.8506 14 74.98329
158.5486 786.0859 14 75.01664
158.4513 785.3126 14 75.05
157.8702 784.9598 14 75.08336
157.7936 784.0824 14 75.11671
158.3744 785.2785 14 75.15007
157.567 783.9315 14 75.18342
156.8971 784.7594 14 75.21678
158.1674 785.7823 14 75.25013
157.6748 785.6241 14 75.28349
155.9442 785.2042 14 75.31684
155.9281 785.679 14 75.3502
156.3842 784.3809 14 75.38356
157.4369 784.6424 14 75.41691
156.2618 784.8398 14 75.45027
157.0224 783.9203 14 75.48362
157.1504 784.8088 14 75.51698
156.7576 784.4189 14 75.55033
156.3355 784.201 14 75.58369
156.1205 783.7328 14 75.61704
156.425 782.8413 14 75.6504
156.5598 781.6239 14 75.68376
156.0226 781.202 14 75.71711
155.4888 780.9397 14 75.75047
155.1429 780.7491 14 75.78382
155.0734 779.578 14 75.81718
153.5462 778.7582 14 75.85053
154.2701 778.761 14 75.88389
155.3238 778.6743 14 75.91724
154.6236 777.9346 14 75.9506
154.2089 776.9637 14 75.98396
154.1507 777.031 14 76.01731
154.5125 776.8543 14 76.05067
152.4942 776.5897 14 76.08402
152.4992 776.9267 14 76.11738
152.1731 776.6075 14 76.15073
150.1536 776.2461 14 76.18409
150.146 775.7972 14 76.21744
150.6389 775.113 14 76.2508
150.2476 775.4665 14 76.28416
151.3991 774.885 14 76.31751
149.8056 774.8606 14 76.35087
149.1686 774.5617 14 76.38422
148.3246 775.0008 14 76.41758
148.9716 775.7052 14 76.45093
148.1817 775.4801 14 76.48429
147.9607 775.0089 14 76.51764
148.1188 774.184 14 76.551
147.6742 774.1504 14 76.58436
146.7487 773.5635 14 76.61771
148.201 773.0113 14 76.65107
147.5642 772.559 14 76.68442
147.8315 771.3895 14 76.71778
146.9504 770.8956 14 76.75113
147.242 770.64 14 76.78449
146.292 769.8535 14 76.81784
145.4195 769.3482 14 76.8512
144.6075 769.921 14 76.88456
144.9693 769.18 14 76.91791
144.7522 768.7957 14 76.95127
143.4311 768.0715 14 76.98462
143.1501 767.2581 14 77.01798
143.3898 767.1146 14 77.05133
143.2821 767.3552 14 77.08469
143.3062 765.6806 14 77.11804
142.3423 765.2493 14 77.1514
142.7743 765.9072 14 77.18476
142.4506 765.0616 14 77.21811
141.6005 765.5593 14 77.25147
141.0715 765.2744 14 77.28482
140.646 764.6211 14 77.31818
140.1226 763.8063 14 77.35153
139.9975 763.2394 14 77.38489
140.2897 762.7703 14 77.41824
140.0845 761.8682 14 77.4516
140.1611 761.8012 14 77.48496
139.3863 760.8918 14 77.51831
138.663 760.9192 14 77.55167
138.6697 759.8694 14 77.58502
139.8496 758.7175 14 77.61838
139.9664 758.0352 14 77.65173
139.5942 757.5418 14 77.68509
138.3546 757.2377 14 77.71844
137.5289 756.6383 14 77.7518
138.3401 756.6408 14 77.78516
137.968 755.3883 14 77.81851
137.9362 755.1728 14 77.85187
136.9209 754.5163 14 77.88522
135.3239 753.7812 14 77.91858
135.2542 754.4588 14 77.95193
133.3142 752.8545 14 77.98529
133.8061 753.3676 14 78.01864
132.8863 752.9005 14 78.052
132.0624 751.2361 14 78.08536
131.7433 750.956 14 78.11871
130.6845 752.5795 14 78.15207
130.9754 752.5764 14 78.18542
130.4154 752.0983 14 78.21878
128.342 751.1999 14 78.25213
128.8216 751.3795 14 78.28549
128.6139 752.1075 14 78.31884
129.045 751.8088 14 78.3522
129.0249 751.5816 14 78.38556
129.0401 751.8535 14 78.41891
129.368 751.0704 14 78.45227
129.4743 750.3114 14 78.48562
130.2646 749.9876 14 78.51898
129.5614 748.7377 14 78.55233
129.6792 748.9867 14 78.58569
129.5638 748.7861 14 78.61904
128.3371 748.9814 14 78.6524
129.5633 748.903 14 78.68576
129.1971 749.1155 14 78.71911
128.651 748.7015 14 78.75247
128.4308 748.3047 14 78.78582
128.8053 748.0233 14 78.81918
128.8456 747.3068 14 78.85253
128.4079 746.9978 14 78.88589
128.1541 747.0028 14 78.91924
128.988 746.9657 14 78.9526
128.6579 747.0914 14 78.98596
128.6567 746.6189 14 79.01931
128.9402 746.3914 14 79.05267
129.2896 745.8518 14 79.08602
129.6849 745.6648 14 79.11938
129.7782 746.3665 14 79.15273
129.4584 746.5728 14 79.18609
129.2679 745.9652 14 79.21944
128.085 745.7696 14 79.2528
128.5389 745.8746 14 79.28616
128.7231 746.584 14 79.31951
129.4348 745.5799 14 79.35287
128.7274 744.8654 14 79.38622
129.0958 745.4792 14 79.41958
128.8132 745.3706 14 79.45293
128.3737 745.667 14 79.48629
128.8402 745.8812 14 79.51964
129.4632 746.2538 14 79.553
128.6853 746.0932 14 79.58636
128.9776 746.1385 14 79.61971
128.0403 746.9585 14 79.65307
128.9839 747.0716 14 79.68642
127.9639 746.4984 14 79.71978
127.3474 745.7028 14 79.75313
127.6857 745.9049 14 79.78649
127.8442 744.9391 14 79.81984
127.6262 745.0644 14 79.8532
127.8821 745.0957 14 79.88656
127.7623 744.211 14 79.91991
128.5877 744.5132 14 79.95327
127.7423 743.6599 14 79.98662
127.7686 743.2364 14 80.01998
127.4153 742.9392 14 80.05333
127.4319 742.8514 14 80.08669
126.5217 743.0802 14 80.12004
126.3983 742.2282 14 80.1534
126.4414 741.6521 14 80.18676
126.5865 741.9335 14 80.22011
127.4748 740.8422 14 80.25347
127.1248 741.5223 14 80.28682
126.5268 740.6132 14 80.32018
126.5586 740.4424 14 80.35353
126.0426 740.2665 14 80.38689
125.5885 740.6362 14 80.42024
125.9063 740.5948 14 80.4536
125.5686 739.5323 14 80.48696
125.1705 738.7855 14 80.52031
125.2272 738.3299 14 80.55367
124.9741 737.8509 14 80.58702
124.4782 737.3002 14 80.62038
124.447 736.3203 14 80.65373
124.4318 735.5658 14 80.68709
124.8067 735.9809 14 80.72044
124.5703 734.8866 14 80.7538
123.705 734.541 14 80.78716
123.9276 734.1543 14 80.82051
123.3351 733.4536 14 80.85387
122.8338 733.6706 14 80.88722
122.3649 733.4345 14 80.92058
122.341 732.9634 14 80.95393
121.8482 732.2929 14 80.98729
120.8746 731.6653 14 81.02064
119.7874 731.0022 14 81.054
119.6343 731.1228 14 81.08736
119.8752 731.1157 14 81.12071
120.2654 731.2856 14 81.15407
119.8619 731.5433 14 81.18742
119.6522 731.2689 14 81.22078
118.2916 730.7668 14 81.25413
118.7428 731.4876 14 81.28749
119.9402 731.4478 14 81.32084
119.6006 730.6617 14 81.3542
120.0894 730.1707 14 81.38756
120.8345 731.1365 14 81.42091
119.9303 730.3872 14 81.45427
119.6367 730.3251 14 81.48762
119.9746 730.3055 14 81.52098
120.7896 730.6922 14 81.55433
120.8198 730.2591 14 81.58769
120.3526 729.5012 14 81.62104
120.1105 729.268 14 81.6544
119.3419 729.2393 14 81.68776
118.7492 728.9847 14 81.72111
119.351 728.6893 14 81.75447
118.0459 727.7967 14 81.78782
118.5965 727.2184 14 81.82118
119.0241 727.7978 14 81.85453
118.4037 727.5926 14 81.88789
117.1537 726.6816 14 81.92124
117.4219 726.66 14 81.9546
116.7551 725.9316 14 81.98796
116.6546 725.8432 14 82.02131
116.7927 726.0617 14 82.05467
116.9508 726.0306 14 82.08802
116.7722 725.1681 14 82.12138
117.1077 724.8 14 82.15473
117.2842 724.9957 14 82.18809
117.1283 724.6415 14 82.22144
116.5356 723.539 14 82.2548
116.607 723.7353 14 82.28816
116.5635 722.2481 14 82.32151
116.2715 721.8354 14 82.35487
115.1322 720.6933 14 82.38822
114.906 720.3225 14 82.42158
114.5921 719.139 14 82.45493
114.4805 718.0697 14 82.48829
113.6833 717.3706 14 82.52164
112.3802 716.4645 14 82.555
111.8659 715.347 14 82.58836
111.9345 714.6789 14 82.62171
111.555 714.1631 14 82.65507
111.2701 713.7173 14 82.68842
112.5114 724.6845 14 82.72178
112.7599 723.8123 14 82.75513
109.5239 710.7179 14 82.78849
109.5061 710.7157 14 82.82184
112.1791 721.8985 14 82.8552
108.992 709.6214 14 82.88856
108.6224 708.2787 14 82.92191
107.633 707.5247 14 82.95527
106.9753 705.9975 14 82.98862
105.6587 704.4951 14 83.02198
105.2223 703.5437 14 83.05533
104.893 701.9956 14 83.08869
103.9803 700.678 14 83.12204
103.0559 699.7669 14 83.1554
101.9483 697.9743 14 83.18876
101.9739 697.1149 14 83.22211
102.2297 696.768 14 83.25547
101.0749 695.9086 14 83.28882
100.1439 695.3882 14 83.32218
99.63337 694.3909 14 83.35553
99.42907 693.5923 14 83.38889
98.97907 692.8526 14 83.42224
98.74603 692.5711 14 83.4556
98.28531 691.4148 14 83.48896
97.99332 690.5193 14 83.52231
97.59954 689.572 14 83.55567
97.15722 688.5903 14 83.58902
96.82423 688.8832 14 83.62238
96.23504 687.998 14 83.65573
95.63026 687.7874 14 83.68909
95.54372 686.0459 14 83.72244
94.01878 684.688 14 83.7558
94.00292 684.1676 14 83.78916
93.96291 684.416 14 83.82251
94.24634 683.6239 14 83.85587
93.4884 681.9014 14 83.88922
92.81441 680.8855 14 83.92258
92.63917 679.7708 14 83.95593
91.93588 679.0721 14 83.98929
91.1814 678.1964 14 84.02264
89.84028 675.7608 14 84.056
89.53855 675.3627 14 84.08936
89.34572 674.3649 14 84.12271
88.37396 673.3778 14 84.15607
88.12135 672.8409 14 84.18942
88.09727 671.6864 14 84.22278
87.56604 671.6622 14 84.25613
87.34665 670.8441 14 84.28949
86.88706 669.5852 14 84.32284
87.23381 671.0065 14 84.3562
87.0944 670.5258 14 84.38956
87.01451 670.0911 14 84.42291
86.89813 669.6324 14 84.45627
86.14553 667.6054 14 84.48962
86.05012 666.9978 14 84.52298
85.86592 666.452 14 84.55633
84.78122 665.7721 14 84.58969
84.30002 664.6453 14 84.62304
83.93055 664.033 14 84.6564
83.52927 663.2261 14 84.68976
82.84596 661.5472 14 84.72311
83.09477 662.0403 14 84.75647
82.61497 660.8716 14 84.78982
83.35703 660.6488 14 84.82318
82.54411 659.8454 14 84.85653
81.87347 659.2068 14 84.88989
81.68743 658.8919 14 84.92324
81.12074 658.187 14 84.9566
80.47326 656.2803 14 84.98996
80.10257 655.6651 14 85.02331
79.29907 654.6564 14 85.05667
79.44687 654.6818 14 85.09002
79.21842 654.3708 14 85.12338
78.42011 653.4369 14 85.15673
78.25218 652.9094 14 85.19009
79.37807 652.2383 14 85.22344
78.99685 650.678 14 85.2568
78.0718 650.3586 14 85.29016
75.57124 648.7209 14 85.32351
73.3866 645.5219 14 85.35687
73.01652 643.5434 14 85.39022
73.21553 644.2392 14 85.42358
72.21328 643.0149 14 85.45693
72.14801 643.0061 14 85.49029
71.73498 641.6911 14 85.52364
72.11394 641.2575 14 85.557
71.14214 639.2457 14 85.59036
70.78676 639.0942 14 85.62371
71.4656 640.1398 14 85.65707
71.14217 640.0898 14 85.69042
70.27666 640.4685 14 85.72378
69.96311 639.7517 14 85.75713
70.07257 639.9695 14 85.79049
71.8329 639.2274 14 85.82384
72.04767 639.2815 14 85.8572
72.00182 637.9593 14 85.89056
71.78479 638.5443 14 85.92391
71.76916 638.4025 14 85.95727
72.68945 636.9264 14 85.99062
72.13204 636.4439 14 86.02398
70.27525 636.6487 14 86.05733
68.96109 633.2453 14 86.09069
68.59429 632.8865 14 86.12404
68.13211 631.9962 14 86.1574
68.66598 631.2818 14 86.19076
68.54184 629.9251 14 86.22411
68.42655 629.3938 14 86.25747
68.81243 629.7335 14 86.29082
67.97226 630.0537 14 86.32418
67.61652 629.8772 14 86.35753
68.42575 629.3386 14 86.39089
67.84457 629.3637 14 86.42424
67.6782 628.3945 14 86.4576
67.56093 628.6062 14 86.49096
68.09356 627.9038 14 86.52431
67.27025 627.3936 14 86.55767
66.83174 627.3612 14 86.59102
66.29198 626.5375 14 86.62438
65.53203 626.349 14 86.65773
65.84225 626.3549 14 86.69109
65.30682 626.2042 14 86.72444
66.01001 625.8561 14 86.7578
65.75352 626.3053 14 86.79116
66.3244 626.6385 14 86.82451
66.09121 626.5836 14 86.85787
66.04497 625.972 14 86.89122
66.90334 627.0546 14 86.92458
66.47202 625.7499 14 86.95793
65.18228 624.6837 14 86.99129
65.15577 625.1835 14 87.02464
65.32536 624.1798 14 87.058
65.13206 623.4032 14 87.09136
65.30771 623.8093 14 87.12471
65.08048 623.7649 14 87.15807
64.28733 621.0584 14 87.19142
64.37621 621.9627 14 87.22478
64.39804 621.1394 14 87.25813
65.12469 621.3876 14 87.29149
64.34797 620.728 14 87.32484
64.34206 620.1531 14 87.3582
65.24588 619.3673 14 87.39156
64.79127 618.7136 14 87.42491
64.77896 618.1446 14 87.45827
65.1214 617.7232 14 87.49162
64.78979 617.0848 14 87.52498
64.99023 616.4775 14 87.55833
64.91108 615.1811 14 87.59169
63.88432 613.2645 14 87.62504
63.46275 612.832 14 87.6584
63.24974 612.2548 14 87.69176
63.06109 612.377 14 87.72511
62.33006 611.9402 14 87.75847
62.45163 610.4673 14 87.79182
62.47629 610.2543 14 87.82518
62.47471 609.6616 14 87.85853
62.55543 609.1058 14 87.89189
62.32435 608.2597 14 87.92524
62.1132 607.7195 14 87.9586
61.83016 607.8553 14 87.99196
62.13212 606.9839 14 88.02531
61.69493 605.3827 14 88.05867
61.32039 604.4378 14 88.09202
62.1687 604.401 14 88.12538
61.61594 604.2125 14 88.15873
61.18831 603.4625 14 88.19209
60.96064 602.6537 14 88.22544
61.17159 601.8998 14 88.2588
61.14419 601.6006 14 88.29216
59.79545 601.1515 14 88.32551
60.09583 600.8633 14 88.35887
59.77458 600.6526 14 88.39222
59.74823 600.5557 14 88.42558
59.923 599.5572 14 88.45893
60.21879 600.4803 14 88.49229
61.08258 598.7497 14 88.52564
59.99116 597.1797 14 88.559
59.21542 596.1888 14 88.59236
58.93009 595.1241 14 88.62571
58.77951 594.563 14 88.65907
58.57431 594.458 14 88.69242
58.60143 593.8252 14 88.72578
58.29332 593.5847 14 88.75913
57.5841 593.6023 14 88.79249
57.41889 592.2826 14 88.82584
56.51436 591.3872 14 88.8592
57.25472 591.6463 14 88.89256
56.36875 591.9331 14 88.92591
55.94988 590.7875 14 88.95927
55.47823 591.3352 14 88.99262
55.70854 590.8762 14 89.02598
55.74266 590.5064 14 89.05933
54.67204 591.0425 14 89.09269
54.57368 591.1401 14 89.12604
54.15008 591.3431 14 89.1594
53.07078 591.6258 14 89.19276
51.85688 591.6265 14 89.22611
52.41126 591.5427 14 89.25947
52.60559 592.1509 14 89.29282
52.56109 592.8104 14 89.32618
52.02007 593.8299 14 89.35953
51.60854 593.5212 14 89.39289
51.94584 595.3187 14 89.42624
51.66107 595.7468 14 89.4596
50.67092 595.1049 14 89.49296
50.16752 595.2775 14 89.52631
50.19624 595.4769 14 89.55967
50.57302 596.3845 14 89.59302
50.73744 596.9022 14 89.62638
50.2924 598.6857 14 89.65973
51.03883 598.7674 14 89.69309
50.36799 599.9091 14 89.72644
50.84708 600.0264 14 89.7598
50.60317 600.3661 14 89.79316
50.7407 600.2931 14 89.82651
51.70742 600.7836 14 89.85987
51.22804 601.7103 14 89.89322
51.08206 601.7427 14 89.92658
51.41044 602.0588 14 89.95993
51.45078 602.9215 14 89.99329
51.01775 603.6218 14 90.02664
51.13992 604.4876 14 90.06
50.88018 604.1019 14 90.09336
50.86501 604.5279 14 90.12671
50.98718 603.9436 14 90.16007
50.71323 604.5499 14 90.19342
49.99813 605.3731 14 90.22678
49.75589 605.8823 14 90.26013
50.47094 606.3233 14 90.29349
50.57029 607.2132 14 90.32684
51.42482 607.7097 14 90.3602
51.9845 608.1888 14 90.39356
52.00721 609.5949 14 90.42691
51.24675 610.2901 14 90.46027
51.46498 611.7902 14 90.49362
51.58095 611.9849 14 90.52698
51.35533 611.9378 14 90.56033
52.06384 612.991 14 90.59369
52.89067 612.6301 14 90.62704
52.90931 613.1216 14 90.6604
52.91723 614.8346 14 90.69376
53.60182 613.9675 14 90.72711
54.73828 615.4177 14 90.76047
54.80928 615.2697 14 90.79382
54.99096 616.0394 14 90.82718
54.72575 616.304 14 90.86053
55.14234 616.2863 14 90.89389
55.02269 615.9472 14 90.92724
55.07577 616.4796 14 90.9606
55.20737 616.9825 14 90.99396
54.89769 617.9172 14 91.02731
55.4525 619.2295 14 91.06067
55.84248 619.9909 14 91.09402
55.73192 620.5561 14 91.12738
56.85185 620.8362 14 91.16073
57.21154 620.5122 14 91.19409
56.64867 620.4909 14 91.22744
55.81164 620.433 14 91.2608
56.45837 621.636 14 91.29416
56.39417 622.0769 14 91.32751
55.89207 622.6818 14 91.36087
56.46697 624.3135 14 91.39422
57.77229 624.848 14 91.42758
57.42169 624.9666 14 91.46093
57.88475 625.4461 14 91.49429
58.21025 626.2607 14 91.52764
58.16338 626.6946 14 91.561
58.27532 626.4999 14 91.59436
58.6988 627.1034 14 91.62771
59.54384 627.4571 14 91.66107
59.40369 628.1125 14 91.69442
59.06196 628.5612 14 91.72778
59.19354 628.1689 14 91.76113
58.9188 629.6153 14 91.79449
59.6134 628.6004 14 91.82784
60.33087 629.8533 14 91.8612
60.00317 630.2343 14 91.89456
59.99627 630.7801 14 91.92791
60.51919 631.3502 14 91.96127
60.74314 631.5947 14 91.99462
60.73658 632.3546 14 92.02798
60.47999 632.1086 14 92.06133
61.17757 631.7339 14 92.09469
61.77514 633.0322 14 92.12804
62.69273 633.3633 14 92.1614
62.32633 633.2386 14 92.19476
62.09997 633.649 14 92.22811
62.21831 634.283 14 92.26147
62.27084 634.3884 14 92.29482
63.59245 634.5854 14 92.32818
62.76557 634.2516 14 92.36153
63.06314 634.5544 14 92.39489
63.48904 634.751 14 92.42824
63.50134 635.5825 14 92.4616
63.54361 636.1463 14 92.49496
63.73005 636.9362 14 92.52831
64.42798 637.4675 14 92.56167
63.16654 638.2209 14 92.59502
64.11992 637.6866 14 92.62838
63.89949 638.5185 14 92.66173
63.72949 639.5232 14 92.69509
64.30806 640.1635 14 92.72844
63.89636 641.2165 14 92.7618
64.14539 641.9264 14 92.79516
64.70635 642.6743 14 92.82851
65.74178 643.243 14 92.86187
66.14376 644.4894 14 92.89522
66.37342 644.8291 14 92.92858
65.92357 644.8744 14 92.96193
65.68627 645.5762 14 92.99529
65.4634 645.9355 14 93.02864
66.29906 646.8478 14 93.062
66.13864 647.269 14 93.09536
66.16653 647.5567 14 93.12871
66.21841 647.8295 14 93.16207
66.30233 648.6941 14 93.19542
66.23649 648.8276 14 93.22878
66.08274 649.8293 14 93.26213
66.80427 649.2631 14 93.29549
67.51011 649.8538 14 93.32884
68.0587 650.3617 14 93.3622
67.91445 649.8777 14 93.39556
67.70546 649.703 14 93.42891
68.10429 649.6386 14 93.46227
68.04009 649.8955 14 93.49562
68.61127 650.8445 14 93.52898
68.71971 650.1876 14 93.56233
69.40844 651.2173 14 93.59569
69.12529 651.2364 14 93.62904
69.24933 651.2581 14 93.6624
69.68638 651.3772 14 93.69576
68.8995 651.315 14 93.72911
69.11347 650.6535 14 93.76247
68.39479 651.1685 14 93.79582
69.02314 650.8912 14 93.82918
69.8501 650.9949 14 93.86253
69.6684 651.1624 14 93.89589
69.44859 650.2283 14 93.92924
70.30355 650.6455 14 93.9626
70.22195 650.3356 14 93.99596
69.91573 649.3725 14 94.02931
69.61375 649.1855 14 94.06267
70.26588 649.3875 14 94.09602
70.42871 649.8282 14 94.12938
69.34345 649.4246 14 94.16273
69.31907 650.1975 14 94.19609
69.98161 650.6938 14 94.22944
69.32774 650.541 14 94.2628
69.88506 650.9972 14 94.29616
70.06581 651.3918 14 94.32951
69.9945 650.5348 14 94.36287
70.12267 651.0039 14 94.39622
69.84184 650.8825 14 94.42958
68.45287 650.2268 14 94.46293
69.25447 651.7513 14 94.49629
69.82132 653.1294 14 94.52964
69.42983 653.4379 14 94.563
70.17448 653.2256 14 94.59636
69.93327 653.7455 14 94.62971
71.09757 654.0459 14 94.66307
70.96302 654.5721 14 94.69642
70.98574 654.5762 14 94.72978
71.50951 654.6807 14 94.76313
70.70862 655.2967 14 94.79649
71.84767 654.7911 14 94.82984
71.05075 655.3341 14 94.8632
71.39811 656.6689 14 94.89656
71.14363 657.423 14 94.92991
72.20121 657.2209 14 94.96327
72.1789 657.5532 14 94.99662
72.46834 657.6617 14 95.02998
72.40924 658.3797 14 95.06333
71.77876 658.3902 14 95.09669
72.0175 659.2221 14 95.13004
72.60143 659.0148 14 95.1634
72.78937 659.3505 14 95.19676
72.85489 659.2646 14 95.23011
73.34073 660.3613 14 95.26347
73.99459 660.9237 14 95.29682
73.62821 660.3785 14 95.33018
73.12376 660.4465 14 95.36353
73.32916 660.4176 14 95.39689
73.75906 659.7606 14 95.43024
73.22137 660.4247 14 95.4636
72.63693 660.4962 14 95.49696
72.38073 660.94 14 95.53031
73.03497 659.6904 14 95.56367
72.71922 660.3216 14 95.59702
72.62518 660.6375 14 95.63038
72.88792 661.2452 14 95.66373
72.06698 660.3266 14 95.69709
72.08548 660.7368 14 95.73044
72.36424 660.7053 14 95.7638
73.29106 660.8837 14 95.79716
72.85859 660.6323 14 95.83051
73.30859 660.3421 14 95.86387
73.56985 660.6717 14 95.89722
73.55837 661.2344 14 95.93058
