788.7442 278.5973 2 0
788.1654 348.5162 2 0.03335556
792.6387 354.1725 2 0.06671111
796.8224 360.5288 2 0.1000667
797.5513 364.4713 2 0.1334222
796.8035 368.9177 2 0.1667778
797.3408 375.0222 2 0.2001333
795.7386 380.9351 2 0.2334889
793.4164 387.6968 2 0.2668444
790.7441 394.4692 2 0.3002
786.5168 400.5502 2 0.3335556
781.4443 406.7337 2 0.3669111
776.9911 412.4971 2 0.4002667
771.8266 418.1238 2 0.4336222
766.5551 423.5322 2 0.4669778
761.1138 428.5868 2 0.5003333
755.5236 433.9134 2 0.5336889
750.2108 438.6808 2 0.5670444
744.3163 443.3586 2 0.6004
739.494 448.0578 2 0.6337556
734.5569 453.0628 2 0.6671111
729.1437 457.772 2 0.7004667
723.625 462.3892 2 0.7338222
717.7701 467.8365 2 0.7671778
711.8883 472.5061 2 0.8005333
706.1452 477.5191 2 0.8338889
700.0061 482.3623 2 0.8672444
694.0789 487.049 2 0.9006
688.3646 492.4886 2 0.9339556
682.2064 496.8201 2 0.9673111
680.2221 500.7197 2 1.000667
677.0931 505.3856 2 1.034022
674.3007 510.9089 2 1.067378
671.2404 516.9164 2 1.100733
667.9109 523.5561 2 1.134089
667.0488 530.1638 2 1.167444
665.3864 537.3311 2 1.2008
664.4814 545.2497 2 1.234156
663.331 552.9567 2 1.267511
661.9559 560.9692 2 1.300867
661.2345 567.9503 2 1.334222
660.83 575.8876 2 1.367578
660.5684 584.1117 2 1.400933
660.2105 592.6523 2 1.434289
660.3836 600.6398 2 1.467644
661.1617 608.9155 2 1.501
661.74 617.0044 2 1.534356
662.5332 625.0749 2 1.567711
662.8343 634.0445 2 1.601067
662.8848 641.6772 2 1.634422
663.3848 649.1158 2 1.667778
663.8761 656.257 2 1.701133
664.042 664.0114 2 1.734489
664.0627 672.1026 2 1.767844
664.0748 680.7459 2 1.8012
663.8557 690.0225 2 1.834556
663.9595 697.6063 2 1.867911
666.628 705.2939 2 1.901267
668.1428 712.9303 2 1.934622
668.8959 720.5347 2 1.967978
668.6677 728.289 2 2.001333
667.8289 735.7799 2 2.034689
666.1148 743.4243 2 2.068044
664.3658 750.35 2 2.1014
663.1858 757.3211 2 2.134756
663.2349 765.5124 2 2.168111
662.7176 773.3448 2 2.201467
662.0316 781.3095 2 2.234822
660.9911 789.0383 2 2.268178
659.6133 795.7887 2 2.301533
657.8125 802.5496 2 2.334889
655.4117 809.982 2 2.368244
654.252 817.8678 2 2.4016
654.942 820.9148 2 2.434956
656.0249 824.6638 2 2.468311
656.7058 829.5145 2 2.501667
658.5929 834.9381 2 2.535022
660.9817 841.324 2 2.568378
663.7305 848.29 2 2.601733
667.193 855.2571 2 2.635089
670.7813 861.0561 2 2.668444
674.2858 866.5978 2 2.7018
678.3103 871.9107 2 2.735156
679.0691 875.392 2 2.768511
680.0585 874.5925 2 2.801867
682.9199 875.0536 2 2.835222
687.7206 875.3497 2 2.868578
690.671 871.9322 2 2.901933
690.5031 872.3249 2 2.935289
690.4315 872.2625 2 2.968644
691.8711 871.3583 2 3.002
691.5561 870.3151 2 3.035356
690.2363 868.6096 2 3.068711
690.2494 867.7914 2 3.102067
689.2936 866.4681 2 3.135422
689.4408 863.4629 2 3.168778
689.9447 864.0888 2 3.202133
690.2889 866.015 2 3.235489
687.5088 867.539 2 3.268844
684.4102 868.8685 2 3.3022
683.7411 869.5319 2 3.335556
682.8131 870.0276 2 3.368911
682.0802 871.6849 2 3.402267
681.2276 871.4276 2 3.435622
679.0825 875.6398 2 3.468978
675.374 879.8917 2 3.502333
670.8292 881.9015 2 3.535689
666.3197 882.2957 2 3.569044
662.6699 885.0177 2 3.6024
659.4681 885.8791 2 3.635756
654.5423 886.2159 2 3.669111
648.7742 889.1969 2 3.702467
645.0754 892.6364 2 3.735822
641.2347 894.4292 2 3.769178
634.1133 897.2468 2 3.802533
626.8331 896.6946 2 3.835889
621.991 898.6907 2 3.869244
617.8789 900.8038 2 3.9026
613.7444 903.3224 2 3.935956
609.0969 905.9994 2 3.969311
604.1894 907.254 2 4.002667
599.0219 910.5792 2 4.036022
592.1739 914.3086 2 4.069378
585.4919 915.9647 2 4.102733
579.7624 916.4501 2 4.136089
573.337 919.2161 2 4.169444
567.3316 923.2386 2 4.2028
561.545 923.4205 2 4.236156
554.3541 923.9446 2 4.269511
547.9202 926.1294 2 4.302867
541.9082 929.5553 2 4.336222
534.1962 931.9142 2 4.369578
528.2865 933.4198 2 4.402933
523.183 934.4342 2 4.436289
517.3813 936.82 2 4.469644
511.5188 937.5198 2 4.503
502.9172 936.5408 2 4.536356
495.7606 936.5741 2 4.569711
490.3227 934.2047 2 4.603067
486.3601 934.7981 2 4.636422
480.888 936.2333 2 4.669778
473.7176 937.5934 2 4.703133
467.6325 937.4316 2 4.736489
464.7336 936.2066 2 4.769844
459.3894 935.186 2 4.8032
455.7259 936.5635 2 4.836556
453.0727 937.0911 2 4.869911
448.2985 937.0359 2 4.903267
443.9976 935.5896 2 4.936622
437.8741 931.9475 2 4.969978
434.0694 928.9863 2 5.003333
428.907 927.7454 2 5.036689
423.6491 930.0491 2 5.070044
417.3995 929.7162 2 5.1034
412.0816 928.1929 2 5.136756
409.0591 927.8897 2 5.170111
405.1057 925.6667 2 5.203467
399.3943 926.5426 2 5.236822
394.3965 924.7339 2 5.270178
391.1407 921.4856 2 5.303533
388.5375 919.6267 2 5.336889
382.8476 919.1944 2 5.370244
377.9538 916.471 2 5.4036
373.1167 917.6795 2 5.436956
370.1353 919.1105 2 5.470311
366.3199 915.9822 2 5.503667
362.2086 916.1279 2 5.537022
357.4967 911.9271 2 5.570378
354.0832 907.9007 2 5.603733
349.1648 907.2033 2 5.637089
345.1686 905.4596 2 5.670444
340.6025 901.6741 2 5.7038
336.0222 901.32 2 5.737156
330.018 901.8977 2 5.770511
324.9069 899.6745 2 5.803867
321.5043 898.5838 2 5.837222
318.0971 900.5969 2 5.870578
314.7265 897.7009 2 5.903933
310.7761 896.299 2 5.937289
308.2662 894.4392 2 5.970644
304.772 890.3492 2 6.004
300.9017 890.0547 2 6.037356
295.6542 885.934 2 6.070711
293.5685 883.3424 2 6.104067
288.809 882.2324 2 6.137422
286.4898 879.4221 2 6.170778
283.5827 879.3824 2 6.204133
279.9606 877.1593 2 6.237489
276.8148 874.197 2 6.270844
268.4368 869.9875 2 6.3042
264.6179 865.9803 2 6.337556
263.3424 867.4803 2 6.370911
258.3307 865.7213 2 6.404267
255.9938 861.5625 2 6.437622
251.6003 860.205 2 6.470978
246.805 857.0236 2 6.504333
244.2546 853.9043 2 6.537689
239.6988 851.8945 2 6.571044
233.6638 850.5225 2 6.6044
231.9967 845.0637 2 6.637756
230.2375 844.493 2 6.671111
227.3136 843.4925 2 6.704467
224.5567 839.9995 2 6.737822
219.8645 838.5466 2 6.771178
215.6048 832.3045 2 6.804533
210.8071 828.3306 2 6.837889
205.4157 826.378 2 6.871244
199.2662 825.4648 2 6.9046
195.8915 826.1202 2 6.937956
194.5602 822.2604 2 6.971311
191.3299 819.4721 2 7.004667
189.9038 815.0992 2 7.038022
185.6828 813.0591 2 7.071378
182.0614 812.3856 2 7.104733
178.7504 809.2317 2 7.138089
174.6458 803.6231 2 7.171444
171.9147 798.633 2 7.2048
169.4233 797.1538 2 7.238156
167.6782 792.8416 2 7.271511
163.0778 788.8014 2 7.304867
158.6481 787.7256 2 7.338222
156.2559 784.818 2 7.371578
152.6417 781.8478 2 7.404933
151.7454 778.5121 2 7.438289
148.5087 774.6814 2 7.471644
145.0793 769.5056 2 7.505
141.8361 764.5401 2 7.538356
138.2046 761.103 2 7.571711
135.9502 757.0425 2 7.605067
131.803 755.9178 2 7.638422
130.1715 753.9814 2 7.671778
127.8872 748.824 2 7.705133
123.5637 744.7342 2 7.738489
118.6967 742.1278 2 7.771844
117.8556 737.5123 2 7.8052
114.4933 735.6049 2 7.838556
113.3465 730.3512 2 7.871911
109.807 724.8273 2 7.905267
106.0792 720.456 2 7.938622
103.404 716.2427 2 7.971978
100.872 713.7869 2 8.005333
99.70344 708.5197 2 8.038689
97.33184 704.5411 2 8.072044
96.60409 700.5137 2 8.1054
93.78695 698.0216 2 8.138756
92.28047 696.1174 2 8.172111
92.02317 688.4142 2 8.205467
88.59841 684.7565 2 8.238822
85.26877 681.7311 2 8.272178
85.80433 679.5693 2 8.305533
84.54584 677.637 2 8.338889
81.65089 673.4438 2 8.372244
82.1324 670.638 2 8.4056
82.07887 667.0635 2 8.438956
79.31926 663.0163 2 8.472311
78.42007 657.1044 2 8.505667
77.64402 651.3835 2 8.539022
73.98206 648.5234 2 8.572378
74.22835 645.2417 2 8.605733
73.61845 640.9898 2 8.639089
71.27123 636 2 8.672444
69.07633 629.1932 2 8.7058
67.38034 623.7791 2 8.739156
67.2143 619.2601 2 8.772511
63.5837 615.578 2 8.805867
62.52965 611.4839 2 8.839222
59.13997 607.9718 2 8.872578
54.46713 603.8975 2 8.905933
52.0324 601.84 2 8.939289
50.98451 597.789 2 8.972644
50.03416 591.3976 2 9.006
51.90842 586.2746 2 9.039356
50.0311 581.0748 2 9.072711
46.89718 576.3283 2 9.106067
43.77 571.0218 2 9.139422
43.71185 565.546 2 9.172778
42.94559 560.6504 2 9.206133
43.28829 556.223 2 9.239489
42.86327 550.6995 2 9.272844
39.90218 545.3158 2 9.3062
38.15065 539.2122 2 9.339556
40.72212 534.4969 2 9.372911
40.97078 529.8292 2 9.406267
40.28643 524.3299 2 9.439622
39.23239 517.9074 2 9.472978
36.71757 512.0095 2 9.506333
35.07954 506.4094 2 9.539689
33.87548 500.733 2 9.573044
32.18579 494.4947 2 9.6064
30.4491 488.7473 2 9.639756
30.83518 484.6042 2 9.673111
33.12275 479.4429 2 9.706467
35.0008 472.4342 2 9.739822
35.53005 464.6886 2 9.773178
34.09733 458.2156 2 9.806533
33.57623 452.7986 2 9.839889
33.003 447.4103 2 9.873244
33.53031 443.4896 2 9.9066
36.52017 440.496 2 9.939956
37.74287 436.9256 2 9.973311
38.16211 431.7417 2 10.00667
37.09491 427.4015 2 10.04002
36.94151 423.1435 2 10.07338
40.02011 416.8216 2 10.10673
41.21378 411.3867 2 10.14009
43.90862 406.6754 2 10.17344
44.46746 402.4826 2 10.2068
47.61928 395.7864 2 10.24016
51.62858 389.5256 2 10.27351
51.40065 384.0257 2 10.30687
52.89459 381.0852 2 10.34022
53.32399 375.0444 2 10.37358
51.67941 369.058 2 10.40693
52.25188 363.1553 2 10.44029
55.52018 356.8628 2 10.47364
57.1963 352.4587 2 10.507
59.53604 346.491 2 10.54036
61.72201 342.6043 2 10.57371
63.12386 337.704 2 10.60707
66.5958 334.0928 2 10.64042
68.20381 329.8812 2 10.67378
68.67945 324.2415 2 10.70713
68.79617 318.0453 2 10.74049
70.39607 312.5763 2 10.77384
72.37524 308.356 2 10.8072
75.38644 304.813 2 10.84056
77.93807 299.1299 2 10.87391
79.77475 295.1131 2 10.90727
82.06745 291.6445 2 10.94062
83.97905 286.4197 2 10.97398
86.19674 284.2776 2 11.00733
86.73712 281.7916 2 11.04069
89.62778 277.5176 2 11.07404
94.42163 274.0217 2 11.1074
99.3936 269.6028 2 11.14076
102.184 265.1653 2 11.17411
105.3499 262.951 2 11.20747
108.4212 257.038 2 11.24082
109.613 252.3368 2 11.27418
111.2222 249.1743 2 11.30753
114.8076 245.6705 2 11.34089
116.9127 242.4635 2 11.37424
118.1863 241.7447 2 11.4076
118.1416 237.9568 2 11.44096
120.8111 234.8378 2 11.47431
125.4069 229.7987 2 11.50767
128.6597 226.2432 2 11.54102
129.9988 223.6534 2 11.57438
132.985 218.4368 2 11.60773
135.6509 214.6937 2 11.64109
136.5985 212.6646 2 11.67444
143.6788 209.7021 2 11.7078
145.3028 206.6671 2 11.74116
147.1314 203.8751 2 11.77451
152.148 202.5372 2 11.80787
154.7511 199.082 2 11.84122
157.4666 194.8217 2 11.87458
157.7096 190.6875 2 11.90793
163.0245 189.7648 2 11.94129
168.4803 186.2383 2 11.97464
171.9481 181.8065 2 12.008
173.1157 178.8944 2 12.04136
176.7987 176.8625 2 12.07471
177.9901 172.1107 2 12.10807
179.5909 169.5253 2 12.14142
184.3444 168.7258 2 12.17478
187.7408 164.859 2 12.20813
188.8807 160.1229 2 12.24149
193.5264 155.6344 2 12.27484
196.8619 155.4494 2 12.3082
197.7287 152.2538 2 12.34156
201.6801 150.0469 2 12.37491
206.9997 146.3938 2 12.40827
211.9706 141.3762 2 12.44162
214.0406 138.5922 2 12.47498
218.2493 139.8963 2 12.50833
221.0077 138.2045 2 12.54169
223.2923 134.5957 2 12.57504
224.2649 130.0675 2 12.6084
229.7783 128.2522 2 12.64176
235.0898 125.4411 2 12.67511
239.323 120.4962 2 12.70847
243.3631 120.3704 2 12.74182
246.4224 118.6421 2 12.77518
249.3812 115.7395 2 12.80853
252.8928 115.6006 2 12.84189
259.047 113.2147 2 12.87524
262.5071 109.8383 2 12.9086
267.1006 105.4872 2 12.94196
270.8206 101.6652 2 12.97531
275.637 100.5612 2 13.00867
279.6277 98.85537 2 13.04202
284.2255 97.47587 2 13.07538
290.0532 95.86268 2 13.10873
294.2493 94.67552 2 13.14209
297.8907 93.87244 2 13.17544
299.927 91.40145 2 13.2088
302.8727 87.75292 2 13.24216
306.0936 87.15043 2 13.27551
312.2514 85.16659 2 13.30887
316.4182 84.24406 2 13.34222
318.5167 81.25774 2 13.37558
324.0432 81.26391 2 13.40893
332.0845 79.77081 2 13.44229
336.2487 76.32616 2 13.47564
341.5142 71.49807 2 13.509
347.4522 70.06783 2 13.54236
350.7373 69.02775 2 13.57571
354.6983 69.5697 2 13.60907
360.1461 67.40349 2 13.64242
364.8632 62.82542 2 13.67578
368.0535 59.52713 2 13.70913
370.5293 60.02455 2 13.74249
373.5005 57.30364 2 13.77584
379.8103 54.2309 2 13.8092
383.613 52.0199 2 13.84256
388.2614 53.70064 2 13.87591
392.6068 52.70359 2 13.90927
395.3374 54.33878 2 13.94262
399.0506 54.08051 2 13.97598
406.3147 52.54312 2 14.00933
411.7107 54.54954 2 14.04269
415.7438 54.52393 2 14.07604
419.6561 52.54535 2 14.1094
424.3015 49.36525 2 14.14276
428.2992 45.98914 2 14.17611
433.1357 47.65124 2 14.20947
437.9041 48.37851 2 14.24282
441.7044 49.13965 2 14.27618
446.2747 49.48977 2 14.30953
450.1226 48.50373 2 14.34289
456.2704 48.52931 2 14.37624
464.3302 50.37861 2 14.4096
470.6579 49.61078 2 14.44296
473.4716 47.2942 2 14.47631
475.481 47.40894 2 14.50967
479.2153 46.08077 2 14.54302
483.3018 44.19556 2 14.57638
487.8672 46.59418 2 14.60973
490.517 46.80979 2 14.64309
495.5298 45.39303 2 14.67644
501.867 43.58959 2 14.7098
507.883 44.8987 2 14.74316
514.9372 45.95539 2 14.77651
519.9069 46.69563 2 14.80987
524.8204 48.29114 2 14.84322
530.1197 46.45573 2 14.87658
534.0731 43.74023 2 14.90993
538.7571 42.92719 2 14.94329
543.5488 44.94447 2 14.97664
547.0692 45.68292 2 15.01
550.2861 48.35633 2 15.04336
554.4548 49.12688 2 15.07671
560.331 49.48699 2 15.11007
565.106 53.81088 2 15.14342
570.7078 55.55936 2 15.17678
574.4367 54.26326 2 15.21013
578.7557 57.91728 2 15.24349
583.9006 57.54868 2 15.27684
589.0531 59.29451 2 15.3102
593.5734 62.55376 2 15.34356
598.5066 63.44575 2 15.37691
603.3432 65.3737 2 15.41027
608.4443 67.2139 2 15.44362
611.2251 68.87371 2 15.47698
614.28 69.73396 2 15.51033
618.7139 68.79491 2 15.54369
621.2775 70.68527 2 15.57704
624.2487 71.86429 2 15.6104
627.552 71.4586 2 15.64376
632.2369 70.52437 2 15.67711
637.939 69.03769 2 15.71047
644.9295 68.13285 2 15.74382
648.9847 68.60397 2 15.77718
650.6229 69.2499 2 15.81053
653.9858 68.15086 2 15.84389
658.2666 68.35602 2 15.87724
663.2533 69.80396 2 15.9106
668.6363 72.26908 2 15.94396
673.2104 73.18372 2 15.97731
677.8899 74.30099 2 16.01067
680.8307 77.41776 2 16.04402
684.504 79.10031 2 16.07738
688.8386 80.83077 2 16.11073
693.8174 82.3839 2 16.14409
698.9263 84.35027 2 16.17744
704.1959 87.13428 2 16.2108
709.2866 89.86422 2 16.24416
715.7686 92.53461 2 16.27751
719.9159 95.49659 2 16.31087
723.296 99.41707 2 16.34422
726.8938 100.8211 2 16.37758
729.137 103.6134 2 16.41093
732.4824 106.6302 2 16.44429
737.1999 108.7912 2 16.47764
741.869 111.0439 2 16.511
746.9333 113.7652 2 16.54436
752.4278 116.2757 2 16.57771
755.6894 119.5209 2 16.61107
758.1297 122.8163 2 16.64442
761.4203 124.7868 2 16.67778
765.0489 129.17 2 16.71113
769.7076 134.2944 2 16.74449
772.3486 137.1596 2 16.77784
774.5539 140.5807 2 16.8112
777.7165 143.6345 2 16.84456
782.7458 146.9895 2 16.87791
788.5778 150.2001 2 16.91127
795.341 153.9767 2 16.94462
795.971 159.3549 2 16.97798
798.1855 162.7788 2 17.01133
801.1626 167.284 2 17.04469
805.1689 173.6378 2 17.07804
810.4141 177.5542 2 17.1114
811.5442 180.2344 2 17.14476
812.2896 182.477 2 17.17811
815.9679 184.6755 2 17.21147
819.9361 188.7952 2 17.24482
824.5432 192.7423 2 17.27818
829.0515 196.0992 2 17.31153
834.8756 199.566 2 17.34489
838.7449 203.0972 2 17.37824
839.817 205.8406 2 17.4116
842.8333 209.1146 2 17.44496
846.4314 213.4364 2 17.47831
846.8681 216.3246 2 17.51167
847.5721 218.5924 2 17.54502
850.0862 220.5579 2 17.57838
851.3394 223.3141 2 17.61173
852.1891 227.9052 2 17.64509
854.5107 232.8787 2 17.67844
857.8543 237.7786 2 17.7118
861.8779 242.5907 2 17.74516
866.2673 248.0014 2 17.77851
871.4327 252.3953 2 17.81187
874.664 257.3019 2 17.84522
877.1211 262.9893 2 17.87858
880.9115 267.0471 2 17.91193
883.3511 272.5995 2 17.94529
885.3871 278.5698 2 17.97864
888.153 284.0355 2 18.012
890.8346 289.7382 2 18.04536
893.7169 295.7598 2 18.07871
896.9257 301.8526 2 18.11207
898.8944 307.9426 2 18.14542
899.5788 310.9197 2 18.17878
900.0858 314.6915 2 18.21213
902.1078 319.8637 2 18.24549
903.8093 326.0789 2 18.27884
906.7262 330.2454 2 18.3122
910.109 335.2317 2 18.34556
909.6334 339.6828 2 18.37891
910.5432 345.0465 2 18.41227
912.9799 350.0487 2 18.44562
916.0167 355.3887 2 18.47898
917.2537 359.7979 2 18.51233
914.5392 364.6352 2 18.54569
915.0277 369.8934 2 18.57904
916.4894 375.0711 2 18.6124
915.344 378.4141 2 18.64576
915.7906 383.2699 2 18.67911
917.1929 387.7704 2 18.71247
919.1225 393.6244 2 18.74582
921.4602 400.1687 2 18.77918
923.5947 407.0213 2 18.81253
926.4278 412.9226 2 18.84589
927.1639 418.0361 2 18.87924
927.2434 422.9436 2 18.9126
928.1289 428.2272 2 18.94596
929.5586 433.9316 2 18.97931
930.6474 438.6706 2 19.01267
927.4442 443.0868 2 19.04602
927.8352 447.8072 2 19.07938
928.147 453.4394 2 19.11273
929.5622 459.7945 2 19.14609
930.4871 466.71 2 19.17944
931.8503 474.0956 2 19.2128
933.4088 481.3016 2 19.24616
934.2415 487.9232 2 19.27951
933.793 490.8758 2 19.31287
932.8802 493.4088 2 19.34622
932.6765 496.4914 2 19.37958
930.2047 499.5733 2 19.41293
927.8825 505.0385 2 19.44629
926.9971 511.2294 2 19.47964
927.0073 517.4979 2 19.513
928.8002 523.7103 2 19.54636
927.5275 527.5219 2 19.57971
925.3721 531.7825 2 19.61307
926.1953 536.9337 2 19.64642
924.9943 542.0782 2 19.67978
925.0477 546.6007 2 19.71313
926.2038 551.5955 2 19.74649
925.5002 555.1536 2 19.77984
923.0902 561.2325 2 19.8132
921.9421 567.1398 2 19.84656
922.1725 573.3622 2 19.87991
921.6748 580.915 2 19.91327
918.2173 587.7022 2 19.94662
914.8904 595.1499 2 19.97998
914.761 600.0662 2 20.01333
912.0553 604.113 2 20.04669
910.8874 609.3838 2 20.08004
910.3307 615.2691 2 20.1134
907.7764 622.0465 2 20.14676
904.2881 627.3622 2 20.18011
903.0354 633.4109 2 20.21347
902.986 638.8985 2 20.24682
902.7253 645.162 2 20.28018
901.0321 650.456 2 20.31353
897.6223 654.4852 2 20.34689
892.103 657.2029 2 20.38024
888.115 661.8905 2 20.4136
886.3509 667.0691 2 20.44696
885.0923 672.6738 2 20.48031
883.1042 678.0393 2 20.51367
880.6065 684.948 2 20.54702
878.6933 692.505 2 20.58038
876.8707 699.2902 2 20.61373
870.0159 704.7545 2 20.64709
867.0685 709.4075 2 20.68044
862.0357 712.4633 2 20.7138
858.5445 717.2157 2 20.74716
856.6058 722.8856 2 20.78051
854.5586 729.5045 2 20.81387
852.3598 737.0778 2 20.84722
849.7683 744.3102 2 20.88058
846.923 749.7122 2 20.91393
844.0925 753.2322 2 20.94729
840.9739 758.0594 2 20.98064
837.6854 763.4553 2 21.014
834.5007 769.1586 2 21.04736
829.9518 771.7504 2 21.08071
824.7597 773.9766 2 21.11407
820.641 777.6432 2 21.14742
818.2415 782.5744 2 21.18078
815.9562 788.0832 2 21.21413
811.6657 793.4871 2 21.24749
804.9334 795.8231 2 21.28084
801.5212 799.4359 2 21.3142
795.7979 800.8764 2 21.34756
789.6053 801.5821 2 21.38091
787.6202 805.0808 2 21.41427
785.419 809.8805 2 21.44762
780.7654 813.5732 2 21.48098
773.3718 816.7807 2 21.51433
767.9455 820.9267 2 21.54769
764.1567 822.5162 2 21.58104
762.0213 826.7063 2 21.6144
758.5373 828.0283 2 21.64776
756.1602 828.8761 2 21.68111
753.8224 832.4083 2 21.71447
749.5506 836.9656 2 21.74782
742.8188 841.4435 2 21.78118
737.6781 844.0439 2 21.81453
732.2231 842.8853 2 21.84789
730.634 844.9634 2 21.88124
727.3797 848.0784 2 21.9146
722.1231 851.0577 2 21.94796
718.5482 855.4975 2 21.98131
714.8536 855.7667 2 22.01467
708.2465 855.6414 2 22.04802
704.7452 858.7188 2 22.08138
701.8969 863.8186 2 22.11473
699.3804 869.5143 2 22.14809
696.4704 872.0521 2 22.18144
693.121 874.3356 2 22.2148
687.6173 878.0427 2 22.24816
679.6642 881.9884 2 22.28151
672.8388 885.4235 2 22.31487
668.1743 884.9699 2 22.34822
665.466 887.0664 2 22.38158
660.209 890.1509 2 22.41493
663.0988 894.7416 2 22.44829
658.8729 898.7445 2 22.48164
654.2944 901.1445 2 22.515
650.3719 903.9342 2 22.54836
648.5891 904.3904 2 22.58171
645.7429 905.528 2 22.61507
641.4483 907.7022 2 22.64842
637.5528 909.8528 2 22.68178
633.4198 911.2894 2 22.71513
630.4898 911.7642 2 22.74849
626.2113 910.6028 2 22.78184
621.957 913.176 2 22.8152
617.0442 915.9706 2 22.84856
610.9603 914.6592 2 22.88191
604.9664 916.3652 2 22.91527
599.4089 919.3111 2 22.94862
594.0481 921.9265 2 22.98198
588.7956 924.7021 2 23.01533
583.8077 924.9121 2 23.04869
577.4702 925.7962 2 23.08204
571.0621 927.6573 2 23.1154
565.0809 930.6138 2 23.14876
558.6746 933.3871 2 23.18211
552.2501 931.8649 2 23.21547
547.0229 931.212 2 23.24882
541.4095 932.9451 2 23.28218
535.0117 934.8217 2 23.31553
528.4448 937.3348 2 23.34889
523.2543 936.1995 2 23.38224
517.7149 935.8957 2 23.4156
511.5731 937.6411 2 23.44896
505.4779 939.4034 2 23.48231
500.0541 939.1709 2 23.51567
495.9354 940.2308 2 23.54902
491.6586 939.1555 2 23.58238
485.9601 937.894 2 23.61573
479.676 938.5205 2 23.64909
472.9172 939.5706 2 23.68244
465.1085 940.3668 2 23.7158
458.9998 941.2378 2 23.74916
453.2942 941.0832 2 23.78251
448.8693 940.9939 2 23.81587
444.2591 938.1307 2 23.84922
439.195 936.2704 2 23.88258
433.9514 936.8151 2 23.91593
429.2421 936.9132 2 23.94929
424.3387 934.2651 2 23.98264
418.2695 932.5451 2 24.016
412.1165 933.096 2 24.04936
406.0083 933.8601 2 24.08271
401.5893 931.4976 2 24.11607
396.9295 931.8056 2 24.14942
391.8498 929.4495 2 24.18278
385.8867 928.7884 2 24.21613
381.6273 929.4202 2 24.24949
376.5447 926.0464 2 24.28284
371.5577 925.6266 2 24.3162
365.1509 926.4806 2 24.34956
360.7912 925.3411 2 24.38291
359.014 924.0053 2 24.41627
355.2963 922.6268 2 24.44962
352.4446 920.8815 2 24.48298
348.631 916.8137 2 24.51633
344.2467 915.9924 2 24.54969
339.2164 916.4828 2 24.58304
335.3336 914.2722 2 24.6164
330.7339 910.6038 2 24.64976
323.9484 907.4436 2 24.68311
318.0764 906.9863 2 24.71647
314.3322 903.4286 2 24.74982
309.3363 900.0021 2 24.78318
302.6491 898.1162 2 24.81653
295.7676 897.2494 2 24.84989
291.0942 894.8704 2 24.88324
286.5414 893.2817 2 24.9166
284.8788 891.5181 2 24.94996
282.0983 889.8369 2 24.98331
276.6027 889.3175 2 25.01667
271.2834 887.1455 2 25.05002
267.2005 886.5665 2 25.08338
264.9628 884.2125 2 25.11673
262.7579 883.84 2 25.15009
261.1027 882.1444 2 25.18344
256.6653 879.4102 2 25.2168
250.8022 877.2224 2 25.25016
246.612 874.2714 2 25.28351
242.6416 871.4261 2 25.31687
237.5771 869.8421 2 25.35022
232.1935 866.7945 2 25.38358
226.4744 863.8947 2 25.41693
221.0097 860.5998 2 25.45029
216.7528 857.8416 2 25.48364
217.875 856.7328 2 25.517
215.5944 854.628 2 25.55036
211.1158 851.1557 2 25.58371
206.9821 847.9442 2 25.61707
206.0913 846.4883 2 25.65042
205.4882 845.5312 2 25.68378
206.1625 844.987 2 25.71713
207.0775 844.521 2 25.75049
206.0001 843.329 2 25.78384
204.8029 843.328 2 25.8172
206.9322 843.7706 2 25.85056
206.4157 844.992 2 25.88391
206.7208 844.6654 2 25.91727
205.3523 843.2869 2 25.95062
206.3422 843.5251 2 25.98398
208.2358 841.8419 2 26.01733
208.8479 840.2992 2 26.05069
208.278 838.9078 2 26.08404
208.9594 840.043 2 26.1174
208.8185 839.2548 2 26.15076
207.7785 839.5997 2 26.18411
207.2633 844.9538 2 26.21747
207.2633 844.9538 2 26.25082
208.3913 847.3573 2 26.28418
212.1255 849.8617 2 26.31753
212.1255 849.8617 2 26.35089
211.1558 848.0369 2 26.38424
212.8732 843.6296 2 26.4176
212.8732 843.6296 2 26.45096
213.5106 841.4073 2 26.48431
216.8101 839.5996 2 26.51767
216.8101 839.5996 2 26.55102
218.0575 840.3268 2 26.58438
219.7318 843.748 2 26.61773
219.7318 843.748 2 26.65109
221.2372 848.281 2 26.68444
221.6705 852.3072 2 26.7178
221.6705 852.3072 2 26.75116
224.0749 851.2787 2 26.78451
225.0745 850.0249 2 26.81787
225.0745 850.0249 2 26.85122
227.716 848.2299 2 26.88458
230.3418 847.0196 2 26.91793
230.3418 847.0196 2 26.95129
230.0145 850.4463 2 26.98464
229.0758 850.7509 2 27.018
229.0758 850.7509 2 27.05136
233.3001 849.8177 2 27.08471
233.1062 848.786 2 27.11807
233.1062 848.786 2 27.15142
227.9289 845.4107 2 27.18478
226.785 843.6264 2 27.21813
226.2646 842.4154 2 27.25149
226.745 842.5635 2 27.28484
226.0249 843.172 2 27.3182
226.23 846.3528 2 27.35156
227.0357 846.4044 2 27.38491
226.3117 842.5216 2 27.41827
226.9555 842.3729 2 27.45162
225.8767 841.3043 2 27.48498
226.3596 843.685 2 27.51833
228.6212 845.5155 2 27.55169
228.3823 847.631 2 27.58504
229.0477 845.3686 2 27.6184
229.1004 844.4575 2 27.65176
227.4966 844.3223 2 27.68511
227.4965 844.673 2 27.71847
227.6751 844.3274 2 27.75182
225.5643 843.3896 2 27.78518
226.2524 844.0465 2 27.81853
225.5177 843.3925 2 27.85189
225.4258 843.5212 2 27.88524
226.8804 843.2288 2 27.9186
227.5856 843.3698 2 27.95196
229.9464 842.0687 2 27.98531
230.8806 842.3631 2 28.01867
229.1577 843.5534 2 28.05202
229.5788 845.1726 2 28.08538
229.9806 845.9565 2 28.11873
231.8514 847.6443 2 28.15209
234.0246 850.3876 2 28.18544
234.5713 849.8078 2 28.2188
232.0874 845.6388 2 28.25216
233.2091 843.3191 2 28.28551
234.9526 845.7919 2 28.31887
233.1895 844.9148 2 28.35222
230.9445 845.0915 2 28.38558
233.9732 846.2983 2 28.41893
236.2625 846.0654 2 28.45229
238.6644 848.1666 2 28.48564
241.0593 849.1365 2 28.519
243.0269 850.9025 2 28.55236
244.7648 853.2553 2 28.58571
244.5987 856.5965 2 28.61907
244.9565 857.946 2 28.65242
245.1967 856.9691 2 28.68578
245.6285 856.2698 2 28.71913
246.0785 856.1992 2 28.75249
245.8777 856.5866 2 28.78584
245.6473 857.5631 2 28.8192
245.6073 856.6326 2 28.85256
244.9373 857.4687 2 28.88591
245.2918 856.6692 2 28.91927
246.4203 853.5043 2 28.95262
244.8732 852.439 2 28.98598
246.861 853.4588 2 29.01933
248.9034 854.4615 2 29.05269
249.7352 855.5964 2 29.08604
250.5666 856.4133 2 29.1194
251.0463 855.8516 2 29.15276
250.8241 857.0863 2 29.18611
252.9389 858.75 2 29.21947
252.8331 860.0634 2 29.25282
257.7822 862.0702 2 29.28618
258.5617 862.951 2 29.31953
257.6285 861.3063 2 29.35289
255.2864 861.2762 2 29.38624
255.295 862.1276 2 29.4196
255.6582 864.6196 2 29.45296
254.4658 865.7918 2 29.48631
253.4364 866.5511 2 29.51967
253.4873 865.6581 2 29.55302
254.9034 866.6663 2 29.58638
256.1929 867.7905 2 29.61973
254.6515 863.8694 2 29.65309
255.5062 862.5139 2 29.68644
254.7866 861.5432 2 29.7198
255.9159 861.8071 2 29.75316
255.5736 863.0173 2 29.78651
256.5636 862.7507 2 29.81987
256.4587 861.9805 2 29.85322
258.4945 859.9101 2 29.88658
258.6601 859.9011 2 29.91993
256.5281 861.5001 2 29.95329
256.3371 862.3714 2 29.98664
256.1227 863.7535 2 30.02
257.5945 864.599 2 30.05336
257.8893 863.5343 2 30.08671
255.8155 861.773 2 30.12007
255.4896 861.5677 2 30.15342
255.8023 862.8246 2 30.18678
254.4247 861.5864 2 30.22013
253.818 862.1029 2 30.25349
256.2834 861.9774 2 30.28684
254.9991 859.7267 2 30.3202
253.9365 860.1916 2 30.35356
255.0376 861.2807 2 30.38691
253.1042 861.4498 2 30.42027
253.0786 861.263 2 30.45362
253.3402 861.6631 2 30.48698
252.4711 862.608 2 30.52033
252.2239 862.9829 2 30.55369
251.1341 862.551 2 30.58704
248.8828 861.6929 2 30.6204
249.4874 861.5208 2 30.65376
248.4649 860.342 2 30.68711
248.2884 859.116 2 30.72047
248.121 857.6376 2 30.75382
248.1824 858.1446 2 30.78718
248.1928 857.7434 2 30.82053
248.7231 855.6717 2 30.85389
244.1163 851.966 2 30.88724
244.6 850.8458 2 30.9206
244.6162 852.2393 2 30.95396
244.5125 852.8841 2 30.98731
244.8992 853.5126 2 31.02067
245.8992 853.0364 2 31.05402
246.325 854.6439 2 31.08738
248.6229 854.7343 2 31.12073
249.5993 856.7568 2 31.15409
250.4447 857.4861 2 31.18744
253.363 858.6027 2 31.2208
254.8649 855.7644 2 31.25416
253.7314 856.1853 2 31.28751
251.0954 856.9703 2 31.32087
252.1277 857.7143 2 31.35422
252.5159 860.0973 2 31.38758
253.4293 863.3946 2 31.42093
252.6912 862.9269 2 31.45429
251.4329 860.2356 2 31.48764
253.719 859.793 2 31.521
256.2106 860.4148 2 31.55436
255.168 860.0816 2 31.58771
253.9614 860.489 2 31.62107
254.464 859.1978 2 31.65442
254.3644 860.3709 2 31.68778
255.218 858.8811 2 31.72113
256.9244 859.3218 2 31.75449
256.4018 859.7905 2 31.78784
256.5675 861.3934 2 31.8212
257.8674 860.7358 2 31.85456
257.8613 859.4478 2 31.88791
259.3158 860.7334 2 31.92127
260.4755 863.1441 2 31.95462
264.5079 865.5711 2 31.98798
263.8428 866.2239 2 32.02133
263.9323 865.0792 2 32.05469
263.5888 865.2169 2 32.08804
263.6602 866.105 2 32.1214
266.5035 868.1415 2 32.15476
267.1489 870.3278 2 32.18811
267.4464 870.6692 2 32.22147
268.3903 871.3571 2 32.25482
266.8347 870.7556 2 32.28818
266.0348 870.9158 2 32.32153
266.8795 871.1011 2 32.35489
266.5828 870.9966 2 32.38824
264.0791 868.4921 2 32.4216
264.0825 867.8778 2 32.45496
264.006 866.4648 2 32.48831
262.5305 865.1923 2 32.52167
262.4408 863.7325 2 32.55502
261.4156 864.2575 2 32.58838
260.1401 865.2906 2 32.62173
260.3808 866.3311 2 32.65509
257.5838 863.8866 2 32.68844
256.0454 861.4985 2 32.7218
257.9573 862.5111 2 32.75516
259.4251 863.8628 2 32.78851
257.4017 866.0834 2 32.82187
255.308 865.1299 2 32.85522
255.6254 862.4131 2 32.88858
256.7922 861.4844 2 32.92193
255.2995 859.7786 2 32.95529
254.229 859.9167 2 32.98864
255.9506 862.7129 2 33.022
254.9477 863.5943 2 33.05536
255.215 864.4487 2 33.08871
257.5979 864.7888 2 33.12207
256.9934 862.8642 2 33.15542
256.3201 862.2751 2 33.18878
258.3253 861.0841 2 33.22213
258.0862 861.6279 2 33.25549
257.5961 861.0168 2 33.28884
257.5854 861.307 2 33.3222
257.6312 862.327 2 33.35556
257.1886 863.3354 2 33.38891
256.6035 865.3828 2 33.42227
257.4905 865.8002 2 33.45562
256.8306 865.3988 2 33.48898
258.1512 866.9565 2 33.52233
261.2789 869.5977 2 33.55569
262.0615 868.6339 2 33.58904
260.9064 867.5563 2 33.6224
260.1501 868.7744 2 33.65576
260.2765 868.8038 2 33.68911
261.8649 868.1899 2 33.72247
260.6203 867.0651 2 33.75582
259.9759 867.6989 2 33.78918
259.7742 869.2069 2 33.82253
259.2924 868.526 2 33.85589
260.3253 865.6674 2 33.88924
261.383 863.8404 2 33.9226
261.4841 862.6089 2 33.95596
260.0136 862.8231 2 33.98931
259.0733 863.4951 2 34.02267
260.534 864.3245 2 34.05602
261.4595 865.203 2 34.08938
260.5037 865.111 2 34.12273
259.9933 864.6394 2 34.15609
258.8104 863.327 2 34.18944
259.2391 862.2051 2 34.2228
258.2524 863.168 2 34.25616
256.6114 863.0474 2 34.28951
255.9583 862.3145 2 34.32287
256.2375 861.0537 2 34.35622
256.8508 859.9045 2 34.38958
255.0761 859.8325 2 34.42293
254.0992 858.9686 2 34.45629
253.6909 856.6421 2 34.48964
252.2705 854.8978 2 34.523
253.072 856.6557 2 34.55636
252.7868 857.2456 2 34.58971
254.7278 858.2627 2 34.62307
253.5984 858.5719 2 34.65642
254.583 858.7598 2 34.68978
253.503 858.3635 2 34.72313
253.9316 858.9504 2 34.75649
254.584 859.8959 2 34.78984
257.4376 860.7785 2 34.8232
256.3704 858.9154 2 34.85656
257.2014 860.0552 2 34.88991
256.881 861.2434 2 34.92327
257.8812 860.1415 2 34.95662
256.4973 859.666 2 34.98998
256.0674 859.5344 2 35.02333
255.2706 859.6451 2 35.05669
255.7104 859.981 2 35.09004
257.4845 860.1958 2 35.1234
257.7735 860.5179 2 35.15676
258.6422 861.1012 2 35.19011
259.0531 861.5915 2 35.22347
261.0085 862.5181 2 35.25682
259.3084 861.8695 2 35.29018
258.7636 862.123 2 35.32353
258.5687 861.9115 2 35.35689
258.5136 862.2819 2 35.39024
257.5426 862.2763 2 35.4236
259.6306 861.6201 2 35.45696
258.182 863.6657 2 35.49031
257.8234 862.6268 2 35.52367
257.8959 861.8336 2 35.55702
258.9492 861.8171 2 35.59038
259.7856 861.6836 2 35.62373
258.9683 860.3671 2 35.65709
258.411 861.871 2 35.69044
258.8177 861.4252 2 35.7238
260.3231 861.7866 2 35.75716
261.5995 861.932 2 35.79051
261.9754 861.5206 2 35.82387
260.5238 862.3479 2 35.85722
261.9303 862.8275 2 35.89058
263.0936 864.0893 2 35.92393
264.4441 863.5232 2 35.95729
264.9715 863.6022 2 35.99064
266.6499 865.8108 2 36.024
267.5426 865.5802 2 36.05736
268.0053 867.2978 2 36.09071
268.3744 867.1687 2 36.12407
269.6583 866.7421 2 36.15742
269.1611 866.3662 2 36.19078
269.4169 866.6976 2 36.22413
269.0508 866.6531 2 36.25749
269.6249 866.9495 2 36.29084
272.5551 867.9047 2 36.3242
270.6496 867.7447 2 36.35756
270.3452 867.628 2 36.39091
270.028 867.5216 2 36.42427
269.3699 866.1521 2 36.45762
268.284 865.5259 2 36.49098
267.1939 865.6216 2 36.52433
265.7204 865.5531 2 36.55769
266.0123 865.1359 2 36.59104
265.4939 864.4351 2 36.6244
266.466 864.2984 2 36.65776
265.6768 865.8339 2 36.69111
266.338 864.5936 2 36.72447
265.0614 862.6706 2 36.75782
266.5051 863.427 2 36.79118
267.4437 864.8623 2 36.82453
267.5204 867.1404 2 36.85789
267.6375 866.6509 2 36.89124
267.4298 868.0627 2 36.9246
266.5387 867.9227 2 36.95796
268.6024 867.1794 2 36.99131
269.4214 867.5163 2 37.02467
268.8285 866.8972 2 37.05802
267.6925 865.8802 2 37.09138
268.4628 866.8232 2 37.12473
268.4498 866.3053 2 37.15809
268.7989 866.4491 2 37.19144
269.5173 867.1039 2 37.2248
270.4204 868.9791 2 37.25816
270.3148 867.9126 2 37.29151
269.9885 866.2265 2 37.32487
269.548 866.9609 2 37.35822
269.5754 867.2025 2 37.39158
271.2904 867.927 2 37.42493
271.8542 868.4656 2 37.45829
270.4089 868.27 2 37.49164
270.1093 868.4974 2 37.525
270.1888 867.2572 2 37.55836
269.98 867.029 2 37.59171
268.8127 867.4657 2 37.62507
269.1368 867.493 2 37.65842
269.9033 868.717 2 37.69178
268.6905 868.2997 2 37.72513
271.5334 868.3324 2 37.75849
271.567 868.3392 2 37.79184
269.3518 868.4026 2 37.8252
269.6441 867.9835 2 37.85856
269.1425 867.2171 2 37.89191
269.5207 867.0162 2 37.92527
268.5536 867.6332 2 37.95862
268.7239 867.2119 2 37.99198
268.861 867.0031 2 38.02533
269.5962 867.122 2 38.05869
270.1547 866.5326 2 38.09204
270.3887 867.435 2 38.1254
270.4837 867.5 2 38.15876
269.7614 867.6012 2 38.19211
271.6242 867.498 2 38.22547
271.435 867.7927 2 38.25882
271.6199 867.781 2 38.29218
273.0177 868.5206 2 38.32553
272.6453 869.6613 2 38.35889
272.1008 869.3255 2 38.39224
272.5369 868.7213 2 38.4256
274.3776 869.7121 2 38.45896
275.7316 869.9145 2 38.49231
276.3445 871.493 2 38.52567
276.668 870.831 2 38.55902
277.3157 872.1416 2 38.59238
278.0191 871.9128 2 38.62573
278.587 872.6163 2 38.65909
279.4213 873.439 2 38.69244
279.6496 871.3543 2 38.7258
279.0985 872.2007 2 38.75916
278.8949 872.1282 2 38.79251
278.073 871.3687 2 38.82587
279.6739 872.5977 2 38.85922
279.2742 873.1477 2 38.89258
278.9193 872.9247 2 38.92593
279.2561 873.222 2 38.95929
279.4363 871.785 2 38.99264
277.1292 870.3921 2 39.026
276.7625 871.1591 2 39.05936
277.6591 871.615 2 39.09271
276.3254 872.2826 2 39.12607
275.3494 870.6321 2 39.15942
276.6297 871.069 2 39.19278
276.5978 872.1948 2 39.22613
276.7225 872.515 2 39.25949
278.2422 872.1401 2 39.29284
275.8771 871.886 2 39.3262
278.2776 871.9602 2 39.35956
278.8192 871.9199 2 39.39291
277.0338 873.2011 2 39.42627
276.6659 873.465 2 39.45962
276.5342 872.8966 2 39.49298
276.945 871.3568 2 39.52633
277.4111 871.4402 2 39.55969
277.0895 872.58 2 39.59304
278.5858 873.995 2 39.6264
279.7386 872.3668 2 39.65976
279.1828 872.0958 2 39.69311
279.933 872.8243 2 39.72647
279.4675 872.0771 2 39.75982
280.0843 872.1405 2 39.79318
280.7549 873.3417 2 39.82653
281.9738 873.4209 2 39.85989
281.8597 873.7082 2 39.89324
280.9049 873.8337 2 39.9266
281.0636 874.3789 2 39.95996
281.3783 873.906 2 39.99331
282.7997 874.1154 2 40.02667
282.864 874.2584 2 40.06002
282.5742 875.3139 2 40.09338
282.9816 875.1771 2 40.12673
283.5068 875.0771 2 40.16009
283.4429 874.5017 2 40.19344
281.8 874.1517 2 40.2268
282.4281 874.3293 2 40.26016
282.5408 874.1195 2 40.29351
281.3335 873.6174 2 40.32687
281.672 874.2427 2 40.36022
280.7173 873.4643 2 40.39358
279.4463 872.5201 2 40.42693
280.952 872.9136 2 40.46029
279.5599 872.1115 2 40.49364
279.9379 872.0583 2 40.527
278.0284 872.772 2 40.56036
278.2573 873.1293 2 40.59371
279.7863 873.3882 2 40.62707
279.2617 874.616 2 40.66042
279.6275 873.5931 2 40.69378
278.7412 873.2977 2 40.72713
279.3779 872.8811 2 40.76049
279.5187 873.502 2 40.79384
279.3173 872.9743 2 40.8272
279.1868 873.5259 2 40.86056
280.5224 874.3082 2 40.89391
280.5403 873.5527 2 40.92727
280.6697 873.7695 2 40.96062
281.1719 873.9572 2 40.99398
281.4569 874.2247 2 41.02733
283.0394 874.5636 2 41.06069
282.2809 875.0468 2 41.09404
282.6122 874.2204 2 41.1274
282.6883 875.2488 2 41.16076
282.8832 873.486 2 41.19411
280.4079 873.1361 2 41.22747
278.9918 873.3031 2 41.26082
279.4853 873.7954 2 41.29418
279.1417 873.7437 2 41.32753
280.569 872.6907 2 41.36089
280.1942 872.2762 2 41.39424
278.7783 872.9249 2 41.4276
280.3212 872.702 2 41.46096
280.1291 873.1695 2 41.49431
281.2739 873.5616 2 41.52767
280.2411 872.9431 2 41.56102
280.9937 873.2576 2 41.59438
280.412 873.1649 2 41.62773
278.6691 872.6229 2 41.66109
278.3133 873.1621 2 41.69444
278.445 873.0298 2 41.7278
275.9674 872.4609 2 41.76116
278.4741 872.1512 2 41.79451
278.9578 872.2593 2 41.82787
278.1731 871.6282 2 41.86122
276.5307 871.8209 2 41.89458
278.5055 872.2019 2 41.92793
277.8031 870.875 2 41.96129
278.4816 871.9857 2 41.99464
277.5732 871.7802 2 42.028
277.5814 871.6209 2 42.06136
277.2925 871.3152 2 42.09471
276.0851 871.0627 2 42.12807
276.1946 870.7202 2 42.16142
275.706 869.6433 2 42.19478
277.1804 872.2766 2 42.22813
277.6149 870.5835 2 42.26149
276.4269 870.9885 2 42.29484
276.3909 870.7321 2 42.3282
276.9453 870.2221 2 42.36156
277.3099 871.3999 2 42.39491
276.2055 872.359 2 42.42827
275.8268 871.51 2 42.46162
276.6538 871.2913 2 42.49498
276.7747 871.5757 2 42.52833
276.9723 871.7169 2 42.56169
277.106 871.3008 2 42.59504
275.4737 871.1089 2 42.6284
275.8957 871.3571 2 42.66176
277.4259 871.292 2 42.69511
276.1964 871.3359 2 42.72847
275.3565 871.4365 2 42.76182
273.8926 870.1503 2 42.79518
272.7113 869.8283 2 42.82853
274.034 868.9198 2 42.86189
273.8868 870.4648 2 42.89524
273.9536 870.5047 2 42.9286
273.2679 869.7817 2 42.96196
271.8969 869.0273 2 42.99531
271.5556 867.9513 2 43.02867
271.1187 867.7866 2 43.06202
269.958 869.1096 2 43.09538
270.3677 870.1192 2 43.12873
272.4452 869.3624 2 43.16209
271.6181 869.013 2 43.19544
270.2366 868.4405 2 43.2288
270.6704 868.8455 2 43.26216
271.1164 869.4237 2 43.29551
269.6369 868.4039 2 43.32887
270.2871 867.7165 2 43.36222
269.9428 867.8223 2 43.39558
269.6996 867.4917 2 43.42893
271.1093 867.5495 2 43.46229
271.2465 868.0902 2 43.49564
272.1596 867.0592 2 43.529
271.4483 866.5022 2 43.56236
271.09 867.9458 2 43.59571
269.9518 868.1012 2 43.62907
270.8504 867.453 2 43.66242
268.3908 867.6601 2 43.69578
268.6173 868.7477 2 43.72913
270.702 868.9718 2 43.76249
270.0381 867.6262 2 43.79584
269.6562 867.7753 2 43.8292
269.5067 866.8346 2 43.86256
271.1233 867.5925 2 43.89591
271.468 867.6199 2 43.92927
270.7656 867.9295 2 43.96262
271.2654 867.8319 2 43.99598
272.1301 867.1745 2 44.02933
271.6351 867.3498 2 44.06269
271.6065 869.1334 2 44.09604
272.5132 869.1235 2 44.1294
271.6719 870.0787 2 44.16276
273.0025 870.1734 2 44.19611
274.5582 869.7539 2 44.22947
274.3329 869.7686 2 44.26282
276.3976 869.6793 2 44.29618
277.0485 870.8162 2 44.32953
277.8126 871.8272 2 44.36289
277.5305 872.1792 2 44.39624
278.4004 872.1165 2 44.4296
278.2671 873.04 2 44.46296
278.6577 872.9598 2 44.49631
279.2355 873.0191 2 44.52967
280.5126 873.4532 2 44.56302
280.6282 873.4644 2 44.59638
281.0694 873.7426 2 44.62973
280.133 873.1413 2 44.66309
279.1229 874.1287 2 44.69644
279.7968 873.0853 2 44.7298
280.3654 873.0147 2 44.76316
279.2732 872.8778 2 44.79651
280.1333 872.3895 2 44.82987
280.6383 873.7303 2 44.86322
280.2244 874.406 2 44.89658
280.677 873.4983 2 44.92993
280.0728 872.5215 2 44.96329
280.1342 872.9911 2 44.99664
279.5283 873.2432 2 45.03
279.6717 873.3164 2 45.06336
279.5552 873.9434 2 45.09671
279.7778 873.3063 2 45.13007
279.762 873.4999 2 45.16342
279.7391 872.4516 2 45.19678
278.9495 872.1002 2 45.23013
278.4341 871.967 2 45.26349
278.9781 871.904 2 45.29684
280.8059 871.9019 2 45.3302
279.6382 873.187 2 45.36356
280.1629 872.8941 2 45.39691
280.3746 873.5284 2 45.43027
280.1643 873.4354 2 45.46362
279.8822 874.0992 2 45.49698
281.1023 873.53 2 45.53033
281.0667 874.1632 2 45.56369
283.2551 874.469 2 45.59704
282.6655 874.7368 2 45.6304
282.777 874.6431 2 45.66376
283.3635 875.492 2 45.69711
285.2086 874.6937 2 45.73047
285.6273 875.7742 2 45.76382
285.0225 876.0371 2 45.79718
284.8904 876.2517 2 45.83053
286.1215 876.1003 2 45.86389
285.6816 876.1018 2 45.89724
285.1107 875.4035 2 45.9306
285.7109 875.6145 2 45.96396
286.224 875.4417 2 45.99731
286.7854 877.1784 2 46.03067
288.2184 876.947 2 46.06402
288.7601 878.2441 2 46.09738
291.3243 878.342 2 46.13073
293.8592 879.4438 2 46.16409
295.0099 880.2231 2 46.19744
295.6933 879.6775 2 46.2308
295.1038 879.7307 2 46.26416
296.4524 880.7798 2 46.29751
297.184 881.5253 2 46.33087
298.371 881.582 2 46.36422
298.5969 882.482 2 46.39758
296.2108 882.498 2 46.43093
296.899 883.2178 2 46.46429
297.6189 882.0516 2 46.49764
297.4379 881.422 2 46.531
296.7405 882.3829 2 46.56436
295.3634 882.3255 2 46.59771
294.0323 880.5106 2 46.63107
293.4446 879.2701 2 46.66442
292.9502 880.2248 2 46.69778
291.5197 879.3449 2 46.73113
291.2543 878.6011 2 46.76449
291.769 879.7189 2 46.79784
291.1327 878.4794 2 46.8312
290.3542 877.5725 2 46.86456
291.6354 879.0906 2 46.89791
291.179 879.686 2 46.93127
291.4526 879.1477 2 46.96462
291.787 879.6911 2 46.99798
291.4881 880.1227 2 47.03133
291.7016 879.981 2 47.06469
292.739 879.9423 2 47.09804
291.5494 878.7631 2 47.1314
292.557 879.5558 2 47.16476
292.2529 879.0175 2 47.19811
291.6586 880.0258 2 47.23147
291.792 879.1927 2 47.26482
292.9555 879.9734 2 47.29818
292.6056 878.7312 2 47.33153
292.4784 878.9258 2 47.36489
292.9667 879.696 2 47.39824
293.9385 880.9735 2 47.4316
294.8489 881.7317 2 47.46496
295.7546 880.9113 2 47.49831
296.4346 881.5979 2 47.53167
298.4146 882.4864 2 47.56502
298.801 882.5955 2 47.59838
300.9798 883.0102 2 47.63173
302.6099 884.713 2 47.66509
302.6113 884.5209 2 47.69844
303.0517 883.4816 2 47.7318
303.9565 884.351 2 47.76516
304.247 885.5731 2 47.79851
303.3347 885.0013 2 47.83187
304.8407 885.5158 2 47.86522
302.895 884.8222 2 47.89858
301.8064 885.0777 2 47.93193
302.0423 884.6867 2 47.96529
301.0405 884.1788 2 47.99864
301.6416 884.1029 2 48.032
302.759 883.6795 2 48.06536
301.5971 884.2131 2 48.09871
302.8922 884.1054 2 48.13207
305.0278 884.2351 2 48.16542
306.4833 884.3475 2 48.19878
305.893 885.9621 2 48.23213
307.2666 887.6694 2 48.26549
307.7231 886.5587 2 48.29884
308.3116 887.7271 2 48.3322
308.6039 887.6995 2 48.36556
310.5925 889.361 2 48.39891
313.0251 888.4486 2 48.43227
312.8355 888.7782 2 48.46562
312.9525 888.9717 2 48.49898
313.2237 888.603 2 48.53233
312.6788 888.2938 2 48.56569
312.089 888.9088 2 48.59904
313.7073 887.0693 2 48.6324
311.8252 888.0342 2 48.66576
311.7011 888.1786 2 48.69911
311.9299 888.9736 2 48.73247
311.6834 888.5072 2 48.76582
312.0408 888.1279 2 48.79918
311.2366 887.2372 2 48.83253
311.0501 886.3334 2 48.86589
311.2448 888.1699 2 48.89924
311.1845 888.8237 2 48.9326
310.3792 887.9013 2 48.96596
309.3293 886.8746 2 48.99931
309.2508 887.1702 2 49.03267
308.6319 886.5656 2 49.06602
307.7645 887.2067 2 49.09938
307.9388 885.9208 2 49.13273
309.3173 885.8628 2 49.16609
308.9027 885.2143 2 49.19944
309.1327 884.0855 2 49.2328
308.4626 884.7037 2 49.26616
309.7671 887.2977 2 49.29951
308.8222 886.2496 2 49.33287
310.2325 887.0862 2 49.36622
309.5147 886.6637 2 49.39958
307.2467 885.9805 2 49.43293
307.4423 886.2582 2 49.46629
308.7701 886.7922 2 49.49964
309.4026 887.5979 2 49.533
310.3525 887.3772 2 49.56636
307.8369 888.0091 2 49.59971
308.4832 887.8985 2 49.63307
308.9726 887.6883 2 49.66642
311.3937 887.4048 2 49.69978
312.0491 889.506 2 49.73313
312.8853 889.4325 2 49.76649
315.2114 889.5887 2 49.79984
318.2125 891.2836 2 49.8332
318.7377 891.5322 2 49.86656
319.3539 890.7226 2 49.89991
319.1088 890.6655 2 49.93327
322.19 891.4922 2 49.96662
322.7836 891.9579 2 49.99998
323.1038 891.8841 2 50.03333
323.5858 892.0918 2 50.06669
324.4693 892.1591 2 50.10004
325.2264 893.9292 2 50.1334
325.4486 893.6878 2 50.16676
326.7558 893.9431 2 50.20011
328.3933 894.238 2 50.23347
328.8915 894.3914 2 50.26682
329.9331 893.6221 2 50.30018
327.4324 893.163 2 50.33353
326.3271 892.936 2 50.36689
322.9774 891.765 2 50.40024
322.2579 891.1294 2 50.4336
322.4631 889.8059 2 50.46696
322.4581 890.3623 2 50.50031
323.7037 887.8633 2 50.53367
324.7903 885.7412 2 50.56702
327.2321 885.1969 2 50.60038
326.8976 883.5578 2 50.63373
328.882 882.7239 2 50.66709
330.0529 882.7552 2 50.70044
329.5412 882.5643 2 50.7338
328.8462 882.6375 2 50.76716
329.888 881.6025 2 50.80051
331.0427 882.0056 2 50.83387
331.3132 883.4825 2 50.86722
331.0106 883.873 2 50.90058
330.7832 882.9448 2 50.93393
330.5894 880.9347 2 50.96729
332.7495 880.3213 2 51.00064
333.3909 879.4058 2 51.034
335.9769 876.9415 2 51.06736
336.878 875.5365 2 51.10071
337.8318 874.4709 2 51.13407
338.7146 872.8377 2 51.16742
339.0664 871.5763 2 51.20078
339.9142 868.6668 2 51.23413
340.6361 866.8069 2 51.26749
341.6838 869.847 2 51.30084
342.8902 868.9542 2 51.3342
344.7411 867.0826 2 51.36756
342.1623 868.0149 2 51.40091
341.2469 868.3888 2 51.43427
341.8808 867.4648 2 51.46762
342.1107 867.3365 2 51.50098
342.4651 867.4378 2 51.53433
341.3568 867.0778 2 51.56769
340.7287 867.8201 2 51.60104
339.5064 864.8354 2 51.6344
337.6307 862.5975 2 51.66776
335.3892 861.3465 2 51.70111
335.5016 861.0541 2 51.73447
334.2973 860.084 2 51.76782
334.4175 860.1809 2 51.80118
332.8783 857.2586 2 51.83453
331.993 856.8381 2 51.86789
331.5875 856.6009 2 51.90124
333.6869 860.7278 2 51.9346
335.2868 859.4812 2 51.96796
335.1386 861.4194 2 52.00131
334.1942 862.4043 2 52.03467
334.1625 862.9722 2 52.06802
335.0343 862.8199 2 52.10138
334.6039 864.0432 2 52.13473
334.2381 863.314 2 52.16809
333.6048 864.2768 2 52.20144
333.0097 864.8355 2 52.2348
332.8683 865.1868 2 52.26816
333.397 865.2574 2 52.30151
334.2642 865.9091 2 52.33487
334.0525 865.5186 2 52.36822
335.3043 867.5534 2 52.40158
335.7832 868.8968 2 52.43493
336.5231 868.2616 2 52.46829
336.8878 868.9938 2 52.50164
336.6768 868.4174 2 52.535
337.0058 870.1115 2 52.56836
335.8322 869.7305 2 52.60171
334.1276 868.124 2 52.63507
334.3574 865.5321 2 52.66842
334.8949 867.128 2 52.70178
334.0864 867.3891 2 52.73513
332.9481 868.7105 2 52.76849
333.8018 868.1148 2 52.80184
333.02 866.0992 2 52.8352
334.0571 864.6733 2 52.86856
333.1899 864.3722 2 52.90191
333.3844 864.0255 2 52.93527
333.7905 863.5343 2 52.96862
333.2909 864.1584 2 53.00198
333.9332 865.4735 2 53.03533
334.205 866.3393 2 53.06869
335.6587 866.8985 2 53.10204
337.2343 866.5997 2 53.1354
337.3071 865.676 2 53.16876
336.4998 863.4491 2 53.20211
336.826 863.3018 2 53.23547
338.5137 865.4562 2 53.26882
337.1581 866.7867 2 53.30218
335.558 867.2281 2 53.33553
336.32 866.6452 2 53.36889
337.7115 867.4411 2 53.40224
337.5778 866.8055 2 53.4356
339.0689 865.8762 2 53.46896
339.261 865.5264 2 53.50231
339.0016 866.6227 2 53.53567
338.4729 866.9997 2 53.56902
338.7087 866.4499 2 53.60238
337.3168 866.9806 2 53.63573
337.1717 865.7271 2 53.66909
337.2972 865.4655 2 53.70244
337.7357 865.9963 2 53.7358
337.9632 868.4842 2 53.76916
339.3953 868.2305 2 53.80251
338.6142 867.8077 2 53.83587
337.563 868.2965 2 53.86922
339.4023 869.11 2 53.90258
339.5843 868.4817 2 53.93593
339.6046 869.6916 2 53.96929
339.6385 870.2175 2 54.00264
340.4964 871.6103 2 54.036
341.5625 871.8024 2 54.06936
342.9569 870.3734 2 54.10271
344.279 869.4682 2 54.13607
344.4354 869.0743 2 54.16942
345.457 870.0577 2 54.20278
347.4407 870.7195 2 54.23613
347.5467 871.3257 2 54.26949
348.837 872.9938 2 54.30284
349.3123 874.1305 2 54.3362
350.4849 872.5875 2 54.36956
351.7662 872.9458 2 54.40291
352.2198 871.572 2 54.43627
351.5962 871.7724 2 54.46962
351.8663 871.9784 2 54.50298
352.9557 872.3318 2 54.53633
353.1859 872.034 2 54.56969
352.9433 872.5857 2 54.60304
354.1325 872.3783 2 54.6364
353.1525 872.618 2 54.66976
353.3571 872.3953 2 54.70311
352.6307 871.8676 2 54.73647
354.3096 870.8431 2 54.76982
356.3038 870.9273 2 54.80318
356.3362 871.5176 2 54.83653
355.9702 872.296 2 54.86989
355.8882 873.549 2 54.90324
357.0702 874.4737 2 54.9366
358.3661 874.3568 2 54.96996
358.5753 871.9335 2 55.00331
358.4391 871.3729 2 55.03667
357.9627 870.4441 2 55.07002
356.8347 870.2268 2 55.10338
357.8844 870.912 2 55.13673
357.5949 872.6468 2 55.17009
357.119 871.8599 2 55.20344
356.8288 871.903 2 55.2368
356.4663 872.6779 2 55.27016
357.1628 872.8738 2 55.30351
357.522 872.6707 2 55.33687
357.9441 872.0134 2 55.37022
357.5643 872.4976 2 55.40358
356.7718 873.3831 2 55.43693
355.226 873.7651 2 55.47029
355.4011 873.8071 2 55.50364
355.2884 874.3373 2 55.537
353.8637 869.4298 2 55.57036
350.1547 868.4445 2 55.60371
349.5016 867.4017 2 55.63707
350.764 867.9216 2 55.67042
352.4823 869.4195 2 55.70378
351.2857 869.6116 2 55.73713
350.9815 869.9178 2 55.77049
350.5971 869.7614 2 55.80384
351.3739 869.9416 2 55.8372
353.2537 870.4748 2 55.87056
353.9419 871.1366 2 55.90391
353.6116 871.7504 2 55.93727
354.2802 872.4591 2 55.97062
355.4112 873.1533 2 56.00398
355.6879 870.4063 2 56.03733
357.5717 868.5857 2 56.07069
357.8951 869.1274 2 56.10404
357.524 869.0565 2 56.1374
357.6694 868.8022 2 56.17076
357.6323 866.6096 2 56.20411
358.101 865.9616 2 56.23747
357.5044 864.7955 2 56.27082
358.6001 864.0045 2 56.30418
358.2948 863.8685 2 56.33753
358.8987 862.5454 2 56.37089
357.8807 861.8868 2 56.40424
358.1605 861.4641 2 56.4376
357.9298 861.5439 2 56.47096
359.9715 862.4644 2 56.50431
359.5805 860.3505 2 56.53767
357.9871 860.5363 2 56.57102
357.23 861.1405 2 56.60438
358.9698 864.0291 2 56.63773
360.9618 866.3097 2 56.67109
362.5428 866.3575 2 56.70444
362.2357 866.4651 2 56.7378
361.2916 866.3524 2 56.77116
361.1713 865.9889 2 56.80451
360.9397 868.1941 2 56.83787
362.521 867.8794 2 56.87122
365.2178 870.8688 2 56.90458
365.2878 870.2679 2 56.93793
364.2556 870.4702 2 56.97129
364.1666 872.7351 2 57.00464
366.275 874.1744 2 57.038
366.3344 873.0649 2 57.07136
365.0542 873.2105 2 57.10471
364.5083 873.397 2 57.13807
365.2403 876.0276 2 57.17142
365.7092 876.0568 2 57.20478
363.4619 874.7745 2 57.23813
362.7266 874.6924 2 57.27149
362.9053 874.6094 2 57.30484
359.5369 872.4421 2 57.3382
361.2304 872.9561 2 57.37156
362.8704 873.161 2 57.40491
363.953 872.6443 2 57.43827
365.7846 872.8977 2 57.47162
366.2298 874.6634 2 57.50498
365.1991 874.1718 2 57.53833
364.1425 871.7242 2 57.57169
364.7779 872.7714 2 57.60504
364.2322 874.4743 2 57.6384
364.2608 875.7849 2 57.67176
364.7817 874.7288 2 57.70511
365.7908 874.7746 2 57.73847
364.9646 873.7226 2 57.77182
362.1803 874.2305 2 57.80518
361.5047 874.3348 2 57.83853
361.521 873.5052 2 57.87189
361.2689 874.7489 2 57.90524
361.1199 873.8547 2 57.9386
361.202 872.4751 2 57.97196
359.0013 871.8156 2 58.00531
357.5561 871.1218 2 58.03867
358.0378 871.3866 2 58.07202
356.5772 870.6208 2 58.10538
357.4893 870.0755 2 58.13873
356.3972 870.8562 2 58.17209
355.814 871.2188 2 58.20544
355.0004 871.4728 2 58.2388
352.9834 869.3198 2 58.27216
351.9719 870.1794 2 58.30551
352.2956 869.1408 2 58.33887
352.5187 867.7096 2 58.37222
349.9632 868.9604 2 58.40558
349.5729 869.1634 2 58.43893
349.8339 867.3645 2 58.47229
347.6454 866.4884 2 58.50564
346.652 867.45 2 58.539
344.9912 865.4786 2 58.57236
344.5173 864.2654 2 58.60571
344.9422 865.2557 2 58.63907
342.8963 864.9559 2 58.67242
342.2128 863.8488 2 58.70578
341.2546 861.8986 2 58.73913
339.8551 862.3959 2 58.77249
338.42 862.5889 2 58.80584
338.6394 863.1849 2 58.8392
336.1265 861.5468 2 58.87256
333.0206 860.7174 2 58.90591
334.5703 861.6239 2 58.93927
334.0972 862.8281 2 58.97262
335.4356 863.9414 2 59.00598
334.7389 861.0175 2 59.03933
336.777 862.4588 2 59.07269
335.385 860.5962 2 59.10604
336.2168 861.3787 2 59.1394
336.3064 858.8818 2 59.17276
336.5687 858.1545 2 59.20611
336.4132 859.8221 2 59.23947
334.9311 861.7015 2 59.27282
336.0664 859.9094 2 59.30618
335.556 860.0844 2 59.33953
331.6019 858.6317 2 59.37289
329.0937 858.2858 2 59.40624
328.895 859.1944 2 59.4396
329.7307 859.6284 2 59.47296
328.765 858.0505 2 59.50631
327.7631 858.2567 2 59.53967
327.1215 859.7442 2 59.57302
325.9096 858.3015 2 59.60638
326.2637 855.7187 2 59.63973
324.812 855.407 2 59.67309
323.3428 853.6368 2 59.70644
321.952 852.3283 2 59.7398
319.3351 850.86 2 59.77316
318.4996 849.7398 2 59.80651
317.0271 847.4945 2 59.83987
317.9111 848.4038 2 59.87322
316.6327 847.198 2 59.90658
313.5596 845.5946 2 59.93993
312.5143 844.9197 2 59.97329
315.8213 845.1005 2 60.00664
314.5449 845.1673 2 60.04
312.1423 844.0788 2 60.07336
311.6377 843.9989 2 60.10671
311.4061 843.0437 2 60.14007
311.0897 842.7597 2 60.17342
312.3919 842.7794 2 60.20678
312.9004 842.7889 2 60.24013
312.9465 842.5406 2 60.27349
311.5733 843.1086 2 60.30684
310.2008 843.3473 2 60.3402
308.4725 842.6362 2 60.37356
311.2629 843.9834 2 60.40691
313.7901 846.3889 2 60.44027
315.1349 845.9147 2 60.47362
316.1631 846.1182 2 60.50698
317.6473 844.6664 2 60.54033
319.5871 844.7441 2 60.57369
321.0758 844.2949 2 60.60704
324.0193 844.3597 2 60.6404
328.0557 846.4837 2 60.67376
331.155 846.3947 2 60.70711
332.5322 845.1096 2 60.74047
334.1834 845.8949 2 60.77382
336.0993 848.1337 2 60.80718
338.462 846.8896 2 60.84053
340.6878 846.2832 2 60.87389
344.0738 846.0723 2 60.90724
346.4839 845.7115 2 60.9406
348.9035 846.7075 2 60.97396
350.1009 848.8973 2 61.00731
351.9095 849.6738 2 61.04067
353.5008 850.5623 2 61.07402
353.4661 852.0529 2 61.10738
354.2445 852.8122 2 61.14073
354.9778 853.5988 2 61.17409
355.3889 854.1274 2 61.20744
355.942 853.9784 2 61.2408
355.9563 854.542 2 61.27416
355.5385 854.5252 2 61.30751
354.6598 854.2295 2 61.34087
353.8926 854.4187 2 61.37422
353.3746 853.3985 2 61.40758
353.5496 852.9667 2 61.44093
355.0872 852.9266 2 61.47429
357.1462 852.3271 2 61.50764
357.4459 852.0527 2 61.541
358.5945 851.4503 2 61.57436
359.5999 851.9965 2 61.60771
359.6024 852.2246 2 61.64107
359.8542 853.5687 2 61.67442
358.9959 854.1662 2 61.70778
358.3532 854.9624 2 61.74113
358.3562 855.3121 2 61.77449
359.1628 855.8296 2 61.80784
359.9289 856.1059 2 61.8412
361.1493 854.9273 2 61.87456
362.258 855.1672 2 61.90791
363.6218 855.1277 2 61.94127
365.2593 854.427 2 61.97462
367.9396 854.3138 2 62.00798
368.5412 854.1943 2 62.04133
369.7745 854.0888 2 62.07469
372.2718 854.3585 2 62.10804
372.8853 854.0512 2 62.1414
373.8076 854.9617 2 62.17476
374.1436 855.8176 2 62.20811
373.9366 856.4974 2 62.24147
372.3287 857.6418 2 62.27482
370.2698 857.0491 2 62.30818
369.0729 856.6921 2 62.34153
368.3608 856.7313 2 62.37489
368.4728 856.6211 2 62.40824
369.1484 857.8455 2 62.4416
368.7764 858.2597 2 62.47496
369.194 857.9457 2 62.50831
370.7844 857.1183 2 62.54167
371.1553 857.4565 2 62.57502
373.389 857.5968 2 62.60838
375.3748 857.0761 2 62.64173
375.4365 856.3615 2 62.67509
374.9862 856.3952 2 62.70844
373.1373 857.1781 2 62.7418
373.9578 857.5096 2 62.77516
374.1942 855.7942 2 62.80851
373.4094 857.6283 2 62.84187
372.7747 857.2494 2 62.87522
373.5314 856.9387 2 62.90858
373.4721 856.9992 2 62.94193
373.3951 858.6628 2 62.97529
373.836 859.0235 2 63.00864
373.8065 860.6172 2 63.042
374.6271 860.6588 2 63.07536
374.733 860.6913 2 63.10871
374.612 861.0563 2 63.14207
374.4696 860.8784 2 63.17542
375.7474 862.1491 2 63.20878
376.9286 862.2552 2 63.24213
377.0302 861.8217 2 63.27549
377.0897 862.3251 2 63.30884
376.7793 861.4602 2 63.3422
376.1984 861.8428 2 63.37556
377.4256 861.1335 2 63.40891
379.3676 861.3967 2 63.44227
380.6899 862.2981 2 63.47562
381.903 862.6458 2 63.50898
383.7275 862.3922 2 63.54233
384.081 861.795 2 63.57569
385.0301 862.4021 2 63.60904
386.1359 861.7661 2 63.6424
387.0875 862.2358 2 63.67576
386.4999 862.4485 2 63.70911
386.5205 863.1894 2 63.74247
386.0346 863.9962 2 63.77582
386.7817 862.6494 2 63.80918
386.4795 863.0753 2 63.84253
386.3328 862.7917 2 63.87589
387.604 863.5138 2 63.90924
387.7833 864.3453 2 63.9426
388.8555 864.6847 2 63.97596
388.161 865.885 2 64.00931
388.7415 867.8169 2 64.04267
389.3527 868.8307 2 64.07602
390.3512 868.4664 2 64.10938
390.4131 869.6086 2 64.14273
392.7423 868.2891 2 64.17609
393.4234 867.0343 2 64.20944
393.4139 866.9164 2 64.2428
394.2062 867.0697 2 64.27616
394.8836 867.6994 2 64.30951
397.1005 868.215 2 64.34287
398.9337 866.5816 2 64.37622
397.4946 866.3454 2 64.40958
396.2755 864.9105 2 64.44293
395.2734 862.5652 2 64.47629
393.2785 862.4465 2 64.50964
394.078 860.6678 2 64.543
395.9323 859.2767 2 64.57636
397.5735 859.992 2 64.60971
399.1491 860.6495 2 64.64307
400.441 861.2741 2 64.67642
401.7896 862.9147 2 64.70978
402.8894 864.4767 2 64.74313
403.7179 863.8115 2 64.77649
403.8317 864.2042 2 64.80984
404.5193 865.0501 2 64.8432
403.5698 866.3239 2 64.87656
404.2045 867.7042 2 64.90991
403.6695 870.0139 2 64.94327
403.2239 870.3455 2 64.97662
403.87 869.5474 2 65.00998
403.9881 868.3846 2 65.04333
403.9999 867.0313 2 65.07669
403.9501 866.2052 2 65.11004
403.8908 865.0251 2 65.1434
403.664 866.1303 2 65.17676
403.7538 865.1374 2 65.21011
403.8052 866.5684 2 65.24347
404.0186 867.2912 2 65.27682
404.3148 866.7489 2 65.31018
404.0499 865.903 2 65.34353
403.8019 865.1827 2 65.37689
403.5706 865.0214 2 65.41024
403.8211 865.642 2 65.4436
402.986 865.3484 2 65.47696
401.3837 866.0616 2 65.51031
401.2529 866.7638 2 65.54367
400.5147 866.3587 2 65.57702
400.9401 864.9867 2 65.61038
400.3447 864.9595 2 65.64373
399.5128 865.0136 2 65.67709
399.3512 866.945 2 65.71044
400.2732 866.5874 2 65.7438
401.8221 867.1782 2 65.77716
402.6261 868.5152 2 65.81051
402.1739 868.5771 2 65.84387
402.7812 869.1093 2 65.87722
403.423 869.4877 2 65.91058
405.0707 869.4446 2 65.94393
405.0938 868.6599 2 65.97729
404.0702 869.7856 2 66.01064
404.1547 870.5913 2 66.044
404.7342 870.6887 2 66.07736
404.7008 870.7642 2 66.11071
405.2971 869.6619 2 66.14407
406.4394 869.4483 2 66.17742
406.0798 868.6024 2 66.21078
407.6993 868.4789 2 66.24413
408.6817 868.8763 2 66.27749
409.9111 868.6772 2 66.31084
409.6508 868.076 2 66.3442
408.6231 867.7078 2 66.37756
408.1012 868.1325 2 66.41091
407.047 868.4507 2 66.44427
406.9846 869.1843 2 66.47762
407.3814 870.3356 2 66.51098
408.6636 868.7721 2 66.54433
409.3375 867.3406 2 66.57769
408.8264 867.7232 2 66.61104
408.7661 867.91 2 66.6444
408.1218 868.3429 2 66.67776
408.6652 867.094 2 66.71111
409.7423 867.0029 2 66.74447
408.4392 866.7601 2 66.77782
408.9836 866.9128 2 66.81118
409.7394 866.8003 2 66.84453
410.4863 865.6795 2 66.87789
411.7866 866.7465 2 66.91124
412.0908 868.0055 2 66.9446
412.837 868.6412 2 66.97796
412.9506 868.5617 2 67.01131
413.2189 868.8629 2 67.04467
412.9631 869.6375 2 67.07802
412.984 868.7246 2 67.11138
412.4413 867.375 2 67.14473
412.5268 866.4516 2 67.17809
411.8226 863.3471 2 67.21144
411.3962 862.758 2 67.2448
409.1829 864.247 2 67.27816
408.5525 865.7471 2 67.31151
409.3148 865.9136 2 67.34487
410.1731 866.1145 2 67.37822
411.2868 865.8045 2 67.41158
411.8671 865.1796 2 67.44493
412.6796 866.0825 2 67.47829
413.2928 866.3393 2 67.51164
414.9725 866.1882 2 67.545
416.6466 866.3034 2 67.57836
417.6278 865.8843 2 67.61171
417.3512 867.8549 2 67.64507
417.4324 868.5331 2 67.67842
418.603 868.921 2 67.71178
418.2602 869.8116 2 67.74513
420.509 871.441 2 67.77849
420.4829 872.5712 2 67.81184
421.6846 873.3856 2 67.8452
424.2207 870.4151 2 67.87856
424.6208 868.0973 2 67.91191
425.1019 867.8678 2 67.94527
425.6163 867.997 2 67.97862
425.4458 866.4351 2 68.01198
425.4608 867.337 2 68.04533
423.22 867.9844 2 68.07869
422.654 867.8492 2 68.11204
421.679 868.8282 2 68.1454
420.3262 868.9135 2 68.17876
419.8601 868.24 2 68.21211
420.6001 867.1795 2 68.24547
421.0034 866.349 2 68.27882
421.1867 866.5553 2 68.31218
420.5876 868.0971 2 68.34553
420.1136 868.0362 2 68.37889
420.2219 867.7059 2 68.41224
421.1397 866.7101 2 68.4456
421.1512 866.6706 2 68.47896
421.0675 868.8003 2 68.51231
421.6598 868.918 2 68.54567
421.5243 867.145 2 68.57902
422.7034 866.5469 2 68.61238
421.7858 868.4494 2 68.64573
422.0179 869.3624 2 68.67909
422.9004 868.1581 2 68.71244
423.7212 869.4302 2 68.7458
423.6965 870.285 2 68.77916
422.8174 872.3603 2 68.81251
420.8624 873.8903 2 68.84587
419.4069 875.5423 2 68.87922
419.1502 876.9882 2 68.91258
419.1187 875.3363 2 68.94593
419.0187 874.8904 2 68.97929
417.1015 874.2231 2 69.01264
415.8922 872.6769 2 69.046
414.9697 873.4585 2 69.07936
413.5918 872.9939 2 69.11271
412.5655 873.7074 2 69.14607
411.1926 874.0207 2 69.17942
409.7199 873.4735 2 69.21278
408.4941 873.9441 2 69.24613
407.0835 871.9876 2 69.27949
406.2682 870.2202 2 69.31284
405.4031 869.2843 2 69.3462
404.83 868.3805 2 69.37956
403.1484 866.9257 2 69.41291
403.0401 867.0827 2 69.44627
403.9806 867.0802 2 69.47962
404.8806 867.2404 2 69.51298
405.3865 868.1765 2 69.54633
403.873 868.3203 2 69.57969
403.661 868.6688 2 69.61304
401.918 868.7268 2 69.6464
400.993 868.624 2 69.67976
399.1046 869.9455 2 69.71311
399.1999 869.6271 2 69.74647
397.2356 869.3051 2 69.77982
397.3404 869.2281 2 69.81318
397.9984 870.5772 2 69.84653
396.3153 870.4303 2 69.87989
397.0979 868.3041 2 69.91324
396.6093 866.2576 2 69.9466
396.2223 865.6121 2 69.97996
395.4221 865.7487 2 70.01331
395.1977 866.1615 2 70.04667
394.9806 866.3894 2 70.08002
395.1762 866.1322 2 70.11338
395.3496 864.6628 2 70.14673
395.3468 863.7635 2 70.18009
394.7923 863.8004 2 70.21344
394.2804 863.5976 2 70.2468
393.0421 864.1557 2 70.28016
392.7417 865.2816 2 70.31351
391.7017 865.1504 2 70.34687
391.5619 865.0405 2 70.38022
391.9746 866.0514 2 70.41358
391.4229 866.633 2 70.44693
390.5694 867.4065 2 70.48029
390.9778 868.5028 2 70.51364
391.3265 868.6386 2 70.547
392.1398 868.659 2 70.58036
393.4915 868.7224 2 70.61371
393.7452 868.2794 2 70.64707
393.6492 867.5301 2 70.68042
392.8858 866.4589 2 70.71378
393.3023 866.5473 2 70.74713
394.1966 866.1478 2 70.78049
392.9378 866.3617 2 70.81384
391.6733 867.0233 2 70.8472
391.3771 867.1127 2 70.88056
391.2249 866.4469 2 70.91391
390.3749 867.4109 2 70.94727
390.4496 868.823 2 70.98062
388.0659 868.9346 2 71.01398
388.7424 869.1729 2 71.04733
386.4742 869.4334 2 71.08069
386.5969 868.3544 2 71.11404
384.2242 867.8893 2 71.1474
382.5072 867.6424 2 71.18076
381.6511 864.7516 2 71.21411
380.2351 862.8978 2 71.24747
378.2998 861.9248 2 71.28082
377.6119 860.2898 2 71.31418
376.3865 858.2304 2 71.34753
375.3474 857.7364 2 71.38089
375.9717 855.5759 2 71.41424
375.7575 855.3445 2 71.4476
375.8722 855.2404 2 71.48096
375.3389 855.6045 2 71.51431
376.3582 857.3023 2 71.54767
376.5782 858.3577 2 71.58102
378.3367 859.8178 2 71.61438
378.431 861.7638 2 71.64773
378.2237 861.7591 2 71.68109
377.5764 861.3502 2 71.71444
377.6734 862.5599 2 71.7478
377.3414 862.5491 2 71.78116
377.4448 861.3747 2 71.81451
376.9936 861.4103 2 71.84787
375.1495 861.8163 2 71.88122
374.7251 861.3185 2 71.91458
374.9588 861.1211 2 71.94793
374.8252 860.6704 2 71.98129
375.1515 860.9353 2 72.01464
373.8944 862.3369 2 72.048
372.7636 862.5528 2 72.08136
372.5545 861.0485 2 72.11471
372.3125 860.7611 2 72.14807
372.0663 860.3763 2 72.18142
372.4034 859.0152 2 72.21478
372.2687 859.267 2 72.24813
371.0553 859.627 2 72.28149
370.1223 860.2527 2 72.31484
369.6775 861.1237 2 72.3482
368.8724 862.3488 2 72.38156
369.0655 863.4556 2 72.41491
368.7214 863.4983 2 72.44827
368.7396 863.0989 2 72.48162
368.8653 862.211 2 72.51498
368.9027 861.742 2 72.54833
369.3734 861.4673 2 72.58169
369.8955 860.5651 2 72.61504
368.9545 860.1674 2 72.6484
367.2035 861.4925 2 72.68176
366.1983 861.7668 2 72.71511
364.9816 861.7268 2 72.74847
365.0024 861.726 2 72.78182
365.4064 861.0872 2 72.81518
365.7444 860.9792 2 72.84853
364.3638 861.933 2 72.88189
363.8812 862.236 2 72.91524
363.6828 861.7081 2 72.9486
363.2366 861.5655 2 72.98196
363.4299 860.8562 2 73.01531
362.9508 859.3149 2 73.04867
363.3445 859.2032 2 73.08202
362.6042 859.7097 2 73.11538
361.6832 860.6647 2 73.14873
361.6111 860.0048 2 73.18209
360.435 860.5565 2 73.21544
359.329 861.0423 2 73.2488
358.1737 859.9411 2 73.28216
355.9687 859.5307 2 73.31551
353.9536 858.8964 2 73.34887
351.1965 859.3561 2 73.38222
349.9788 858.2151 2 73.41558
348.2517 856.3468 2 73.44893
347.1686 854.0239 2 73.48229
345.6347 853.3357 2 73.51564
345.7334 852.2454 2 73.549
345.5737 850.8912 2 73.58236
344.0199 850.9813 2 73.61571
343.1966 851.6879 2 73.64907
342.5433 852.7526 2 73.68242
342.2475 853.6851 2 73.71578
341.01 854.7648 2 73.74913
340.5214 855.6607 2 73.78249
339.7725 854.6415 2 73.81584
340.3995 853.9834 2 73.8492
339.3355 854.0879 2 73.88256
338.8049 853.1714 2 73.91591
337.7345 851.2386 2 73.94927
335.6848 850.8861 2 73.98262
334.3141 849.867 2 74.01598
333.2936 848.9507 2 74.04933
331.4658 848.803 2 74.08269
331.2299 849.0085 2 74.11604
330.6235 849.7544 2 74.1494
330.363 850.2222 2 74.18276
331.1212 849.0213 2 74.21611
330.872 847.8436 2 74.24947
329.812 847.3265 2 74.28282
329.7038 847.2391 2 74.31618
329.9559 845.2499 2 74.34953
329.5171 844.1129 2 74.38289
329.5613 845.7765 2 74.41624
330.5433 845.5777 2 74.4496
333.1586 844.4113 2 74.48296
333.692 844.7371 2 74.51631
334.0742 845.2513 2 74.54967
333.7039 845.7272 2 74.58302
334.3559 845.9811 2 74.61638
334.3406 844.9983 2 74.64973
332.4324 845.4439 2 74.68309
331.4594 845.7763 2 74.71644
331.3185 845.9881 2 74.7498
331.226 845.514 2 74.78316
331.4741 845.9559 2 74.81651
330.4054 846.5378 2 74.84987
329.2867 846.7694 2 74.88322
328.6147 847.6212 2 74.91658
329.0129 846.7725 2 74.94993
329.0626 846.7965 2 74.98329
327.5287 847.429 2 75.01664
326.1415 847.3138 2 75.05
325.7114 847.3529 2 75.08336
326.4764 846.0974 2 75.11671
325.8608 843.9788 2 75.15007
325.9014 842.8159 2 75.18342
327.5015 840.9443 2 75.21678
326.3197 841.1664 2 75.25013
324.7904 842.1697 2 75.28349
325.0006 843.7705 2 75.31684
325.0082 843.8563 2 75.3502
324.1216 843.8688 2 75.38356
324.0457 844.533 2 75.41691
324.3255 844.6773 2 75.45027
325.5969 844.0541 2 75.48362
325.2548 843.9181 2 75.51698
325.0736 843.4921 2 75.55033
324.5282 843.1265 2 75.58369
323.7325 843.8538 2 75.61704
323.5022 844.6705 2 75.6504
324.0686 844.0577 2 75.68376
325.2891 844.4169 2 75.71711
323.7151 844.2208 2 75.75047
321.0728 844.5683 2 75.78382
320.6176 844.7761 2 75.81718
320.4069 844.5106 2 75.85053
319.0814 843.989 2 75.88389
318.9544 842.4399 2 75.91724
317.2073 842.1741 2 75.9506
315.8023 841.9485 2 75.98396
314.7309 841.4813 2 76.01731
314.7926 841.1892 2 76.05067
314.1761 841.07 2 76.08402
315.0662 840.2314 2 76.11738
315.2686 839.941 2 76.15073
315.2351 840.5896 2 76.18409
313.0659 843.3263 2 76.21744
313.0659 843.3263 2 76.2508
314.0937 842.4453 2 76.28416
317.1303 840.2825 2 76.31751
317.1303 840.2825 2 76.35087
316.6456 839.3499 2 76.38422
316.2183 837.9947 2 76.41758
316.2183 837.9947 2 76.45093
314.2856 836.8095 2 76.48429
313.5212 837.9012 2 76.51764
313.5212 837.9012 2 76.551
312.9426 838.517 2 76.58436
311.8174 837.7696 2 76.61771
311.8174 837.7696 2 76.65107
311.9396 836.6928 2 76.68442
312.5147 834.7405 2 76.71778
312.5147 834.7405 2 76.75113
313.3986 835.695 2 76.78449
311.6324 836.0266 2 76.81784
311.6324 836.0266 2 76.8512
310.8243 836.6308 2 76.88456
311.8803 835.2889 2 76.91791
311.8803 835.2889 2 76.95127
311.8303 835.3246 2 76.98462
311.2569 835.6131 2 77.01798
311.2569 835.6131 2 77.05133
310.2618 835.4493 2 77.08469
310.1041 835.4811 2 77.11804
310.1041 835.4811 2 77.1514
308.7989 836.916 2 77.18476
308.1603 836.5853 2 77.21811
308.5116 836.9104 2 77.25147
308.5916 836.812 2 77.28482
308.9329 837.0802 2 77.31818
308.6021 837.2376 2 77.35153
308.267 837.9218 2 77.38489
308.8559 836.6798 2 77.41824
308.9914 835.6725 2 77.4516
308.772 835.4763 2 77.48496
307.4321 835.9825 2 77.51831
304.8617 834.0127 2 77.55167
302.3283 831.9108 2 77.58502
299.4242 829.2231 2 77.61838
299.0494 828.0709 2 77.65173
298.7706 827.4802 2 77.68509
298.8618 825.7816 2 77.71844
298.0632 823.7731 2 77.7518
297.9298 824.8352 2 77.78516
298.9576 825.9482 2 77.81851
300.7057 828.0561 2 77.85187
300.3641 827.525 2 77.88522
299.2014 827.9193 2 77.91858
299.5292 828.6616 2 77.95193
300.8267 827.8939 2 77.98529
301.5944 827.6286 2 78.01864
303.2729 828.4767 2 78.052
303.2712 831.2779 2 78.08536
304.5821 831.413 2 78.11871
306.0854 833.136 2 78.15207
305.7358 834.341 2 78.18542
305.3565 834.0015 2 78.21878
304.5736 833.5321 2 78.25213
302.9525 834.9736 2 78.28549
302.4966 836.3024 2 78.31884
301.9746 836.5519 2 78.3522
302.2731 834.9262 2 78.38556
302.0584 834.6644 2 78.41891
301.7317 834.6312 2 78.45227
301.9701 833.7783 2 78.48562
301.3018 832.6759 2 78.51898
300.4381 832.4811 2 78.55233
299.1318 831.4741 2 78.58569
298.6597 830.4137 2 78.61904
299.0366 829.1712 2 78.6524
300.2825 828.3834 2 78.68576
299.3238 829.7695 2 78.71911
300.1621 829.0923 2 78.75247
298.6951 829.796 2 78.78582
297.4139 829.1814 2 78.81918
295.1093 827.7996 2 78.85253
295.2261 826.4225 2 78.88589
294.8341 824.6481 2 78.91924
295.524 824.4747 2 78.9526
295.1057 824.2989 2 78.98596
295.6639 824.2479 2 79.01931
296.3851 824.8452 2 79.05267
296.6324 825.8735 2 79.08602
296.9834 827.5454 2 79.11938
296.8801 828.0158 2 79.15273
296.9195 826.835 2 79.18609
294.4628 826.6539 2 79.21944
291.8147 827.3213 2 79.2528
292.373 826.4616 2 79.28616
291.6818 826.8556 2 79.31951
291.6911 826.6396 2 79.35287
292.5144 828.6604 2 79.38622
291.7903 828.9452 2 79.41958
290.6503 829.6992 2 79.45293
290.736 829.8576 2 79.48629
290.5846 829.6942 2 79.51964
290.2828 828.9437 2 79.553
290.5525 828.3717 2 79.58636
290.9049 827.708 2 79.61971
290.3718 827.163 2 79.65307
289.6365 825.6965 2 79.68642
289.6057 824.7385 2 79.71978
289.4545 823.7159 2 79.75313
289.0522 823.6863 2 79.78649
287.0817 824.0646 2 79.81984
287.0204 823.9783 2 79.8532
286.7342 824.1756 2 79.88656
286.5473 823.5301 2 79.91991
285.9552 823.8591 2 79.95327
286.8173 823.3451 2 79.98662
286.2823 823.6138 2 80.01998
286.5497 824.3338 2 80.05333
286.1613 824.5141 2 80.08669
284.7422 824.4752 2 80.12004
284.8268 823.3236 2 80.1534
283.3162 823.0394 2 80.18676
281.2926 823.0356 2 80.22011
281.2902 821.4603 2 80.25347
281.7091 820.6035 2 80.28682
282.2223 820.8602 2 80.32018
281.6198 821.6621 2 80.35353
279.9723 822.0377 2 80.38689
279.4255 821.5756 2 80.42024
281.6083 821.692 2 80.4536
283.5243 822.6922 2 80.48696
283.6109 823.608 2 80.52031
283.5436 824.0363 2 80.55367
282.403 824.3772 2 80.58702
282.6 824.0359 2 80.62038
282.7265 822.9496 2 80.65373
283.2359 820.4779 2 80.68709
282.8653 818.4533 2 80.72044
282.4592 819.3794 2 80.7538
281.3788 819.061 2 80.78716
278.3677 817.8189 2 80.82051
278.1916 819.3111 2 80.85387
276.1701 820.2666 2 80.88722
276.0837 820.7008 2 80.92058
276.2484 820.9014 2 80.95393
276.4407 819.9957 2 80.98729
275.7446 819.0168 2 81.02064
275.7445 818.538 2 81.054
275.5744 818.759 2 81.08736
275.0021 817.345 2 81.12071
273.0381 818.2667 2 81.15407
273.1276 818.521 2 81.18742
273.0888 816.859 2 81.22078
272.7691 816.351 2 81.25413
271.7817 815.2956 2 81.28749
268.7585 815.486 2 81.32084
268.0975 815.4222 2 81.3542
267.8755 814.3785 2 81.38756
268.4308 813.796 2 81.42091
268.3608 812.9598 2 81.45427
267.9241 813.5746 2 81.48762
266.8153 814.8212 2 81.52098
267.05 814.8219 2 81.55433
267.579 815.2366 2 81.58769
268.1584 815.0974 2 81.62104
268.3232 814.06 2 81.6544
267.2389 813.1617 2 81.68776
265.1607 812.5985 2 81.72111
264.261 813.4927 2 81.75447
263.251 815.2499 2 81.78782
263.6227 815.7457 2 81.82118
263.1327 815.8397 2 81.85453
262.4648 815.8321 2 81.88789
262.3699 815.2586 2 81.92124
261.3453 813.5542 2 81.9546
260.8821 812.423 2 81.98796
261.1394 811.1052 2 82.02131
259.9759 809.8629 2 82.05467
261.8993 808.1429 2 82.08802
262.9758 806.4784 2 82.12138
262.1236 805.6213 2 82.15473
262.0376 804.7974 2 82.18809
262.5815 803.8175 2 82.22144
262.9418 803.7752 2 82.2548
261.509 804.5784 2 82.28816
261.6501 807.6332 2 82.32151
262.5079 808.2397 2 82.35487
262.9414 809.6459 2 82.38822
263.5006 809.2534 2 82.42158
263.3937 809.7966 2 82.45493
263.7308 810.1424 2 82.48829
265.5722 809.9426 2 82.52164
266.7471 809.3116 2 82.555
267.4858 808.1415 2 82.58836
266.1759 807.2156 2 82.62171
265.5837 806.5702 2 82.65507
267.5087 807.0991 2 82.68842
267.0657 806.022 2 82.72178
266.3848 806.3034 2 82.75513
265.6564 807.2043 2 82.78849
264.6663 806.6985 2 82.82184
265.2685 806.7062 2 82.8552
264.9141 806.3622 2 82.88856
264.8588 806.7309 2 82.92191
264.3207 806.8594 2 82.95527
263.0016 806.0306 2 82.98862
262.9359 806.7696 2 83.02198
262.8952 807.4046 2 83.05533
263.4136 807.4707 2 83.08869
262.8498 808.0643 2 83.12204
261.9619 810.019 2 83.1554
261.8514 809.4938 2 83.18876
261.7066 809.9977 2 83.22211
262.0063 809.7374 2 83.25547
261.749 809.2656 2 83.28882
261.7057 808.9073 2 83.32218
262.2793 808.8921 2 83.35553
262.0053 808.1128 2 83.38889
260.8959 807.8519 2 83.42224
261.68 806.5388 2 83.4556
261.4339 806.1107 2 83.48896
261.2564 806.1249 2 83.52231
260.7481 806.6054 2 83.55567
261.4591 806.5916 2 83.58902
262.5824 806.0191 2 83.62238
262.3156 806.4973 2 83.65573
261.9452 806.6297 2 83.68909
261.9274 805.7873 2 83.72244
261.8022 805.9425 2 83.7558
260.88 805.7158 2 83.78916
259.5578 806.1028 2 83.82251
258.6767 806.303 2 83.85587
257.8508 806.4499 2 83.88922
257.5363 805.3858 2 83.92258
256.8605 804.1386 2 83.95593
256.4174 803.3706 2 83.98929
255.6889 803.898 2 84.02264
255.485 803.7826 2 84.056
255.2922 804.1555 2 84.08936
253.8309 804.8003 2 84.12271
252.8301 804.7145 2 84.15607
252.0452 805.5481 2 84.18942
251.3794 806.7176 2 84.22278
252.1432 808.2048 2 84.25613
251.9627 809.4228 2 84.28949
251.2593 809.7356 2 84.32284
251.0045 809.8003 2 84.3562
251.0635 809.9277 2 84.38956
250.6171 809.5798 2 84.42291
250.5007 808.9532 2 84.45627
250.7667 808.7763 2 84.48962
250.7923 807.8194 2 84.52298
252.1798 805.6811 2 84.55633
250.9355 802.8734 2 84.58969
250.2901 803.0319 2 84.62304
250.5561 802.9262 2 84.6564
251.5834 802.4631 2 84.68976
250.7637 802.53 2 84.72311
251.7744 802.0682 2 84.75647
252.7825 801.0119 2 84.78982
251.7621 800.0955 2 84.82318
251.6329 800.9729 2 84.85653
251.1781 801.7903 2 84.88989
250.665 802.1349 2 84.92324
249.0624 802.1628 2 84.9566
247.9179 801.9291 2 84.98996
246.8695 801.5039 2 85.02331
245.1373 801.236 2 85.05667
244.9934 801.1881 2 85.09002
246.6767 800.7722 2 85.12338
246.4862 801.0448 2 85.15673
247.0024 802.5409 2 85.19009
246.9547 802.6853 2 85.22344
246.8335 803.6453 2 85.2568
244.6964 805.7455 2 85.29016
245.2221 805.4614 2 85.32351
245.5036 803.5099 2 85.35687
245.4494 802.2495 2 85.39022
244.8483 801.784 2 85.42358
244.9899 802.0519 2 85.45693
245.2284 800.0849 2 85.49029
245.4171 800.0575 2 85.52364
246.5924 799.1162 2 85.557
247.6195 798.4327 2 85.59036
247.5545 796.0685 2 85.62371
247.1928 796.1987 2 85.65707
247.3208 796.05 2 85.69042
246.5272 794.1431 2 85.72378
246.0288 793.9538 2 85.75713
245.0916 792.943 2 85.79049
245.0691 792.1681 2 85.82384
244.9036 791.2445 2 85.8572
244.471 790.8195 2 85.89056
242.8643 789.9094 2 85.92391
243.2415 788.2426 2 85.95727
242.4268 787.3752 2 85.99062
243.0955 785.7388 2 86.02398
241.8736 785.3746 2 86.05733
241.6584 784.4876 2 86.09069
241.3431 783.7851 2 86.12404
240.138 781.7239 2 86.1574
239.4974 780.4758 2 86.19076
238.8564 779.3736 2 86.22411
238.5371 777.5599 2 86.25747
237.3803 775.9961 2 86.29082
236.4164 774.4606 2 86.32418
235.3821 773.6903 2 86.35753
233.5093 772.6437 2 86.39089
231.4534 771.7629 2 86.42424
230.4611 772.3457 2 86.4576
228.1965 773.4606 2 86.49096
227.8746 772.1734 2 86.52431
226.2328 771.9613 2 86.55767
224.9875 770.4844 2 86.59102
225.0225 769.3141 2 86.62438
225.7438 768.7816 2 86.65773
226.0173 767.9548 2 86.69109
226.9811 766.569 2 86.72444
227.2236 765.9972 2 86.7578
226.8406 765.4335 2 86.79116
226.3317 763.7723 2 86.82451
224.8811 762.8911 2 86.85787
224.0609 762.9081 2 86.89122
223.1683 761.6317 2 86.92458
222.7581 760.3981 2 86.95793
222.4904 758.9056 2 86.99129
221.4415 758.4422 2 87.02464
219.3277 757.5766 2 87.058
217.7944 757.4626 2 87.09136
218.4577 756.516 2 87.12471
220.7209 755.3231 2 87.15807
220.2125 755.6079 2 87.19142
218.6594 755.3035 2 87.22478
216.1015 756.6152 2 87.25813
215.6746 757.3032 2 87.29149
213.3932 756.5763 2 87.32484
213.1331 756.8567 2 87.3582
213.1619 754.8453 2 87.39156
213.1145 754.2392 2 87.42491
213.1962 751.4077 2 87.45827
212.4807 748.3958 2 87.49162
210.0276 746.6706 2 87.52498
210.7982 746.5968 2 87.55833
210.7777 745.3013 2 87.59169
210.5437 744.9202 2 87.62504
210.5552 745.7244 2 87.6584
210.1725 745.6543 2 87.69176
211.6906 744.157 2 87.72511
211.2978 744.3699 2 87.75847
210.3875 744.8281 2 87.79182
209.3307 745.4318 2 87.82518
208.4341 746.7268 2 87.85853
207.4634 747.0713 2 87.89189
207.8281 746.0218 2 87.92524
206.5853 745.9766 2 87.9586
205.6575 745.4474 2 87.99196
205.7143 744.3505 2 88.02531
206.3804 742.9669 2 88.05867
205.8651 742.2667 2 88.09202
205.7539 742.1516 2 88.12538
205.4074 742.248 2 88.15873
205.4684 742.1942 2 88.19209
204.9722 742.4039 2 88.22544
203.4697 741.5999 2 88.2588
203.1335 741.8955 2 88.29216
204.0896 741.8411 2 88.32551
204.8061 741.9706 2 88.35887
203.8294 740.7671 2 88.39222
203.611 740.4437 2 88.42558
202.1025 740.0722 2 88.45893
201.233 740.4097 2 88.49229
200.69 738.7971 2 88.52564
199.488 738.1731 2 88.559
199.6022 737.6233 2 88.59236
198.9933 737.2737 2 88.62571
197.8312 736.2346 2 88.65907
196.9246 735.3736 2 88.69242
195.8221 734.4666 2 88.72578
195.6872 733.1534 2 88.75913
196.1488 732.7956 2 88.79249
195.6785 731.8852 2 88.82584
194.6144 731.6963 2 88.8592
192.6206 731.8826 2 88.89256
191.6389 731.0477 2 88.92591
191.6327 731.7391 2 88.95927
191.2728 731.3936 2 88.99262
192.6906 731.9105 2 89.02598
191.3906 729.9692 2 89.05933
190.4439 728.0521 2 89.09269
188.9095 727.4834 2 89.12604
187.2342 727.4235 2 89.1594
187.3311 726.7107 2 89.19276
187.3955 726.0053 2 89.22611
187.9534 725.1499 2 89.25947
187.2621 724.6792 2 89.29282
187.4559 724.5489 2 89.32618
187.7459 724.6464 2 89.35953
188.5424 724.06 2 89.39289
188.89 723.339 2 89.42624
188.6738 723.1237 2 89.4596
189.5024 722.7784 2 89.49296
188.9656 722.2458 2 89.52631
188.0033 721.0808 2 89.55967
187.078 721.5365 2 89.59302
186.5401 721.3575 2 89.62638
185.2195 721.7438 2 89.65973
186.3853 722.132 2 89.69309
186.702 722.5449 2 89.72644
187.256 722.4843 2 89.7598
187.377 722.4176 2 89.79316
186.3604 722.0609 2 89.82651
185.3048 720.8586 2 89.85987
184.2812 720.3324 2 89.89322
184.1332 719.6122 2 89.92658
184.6494 718.8703 2 89.95993
183.815 717.8898 2 89.99329
184.4442 717.3018 2 90.02664
184.3206 716.4556 2 90.06
184.2145 715.8444 2 90.09336
182.8381 714.9433 2 90.12671
181.7369 714.945 2 90.16007
182.7979 714.7877 2 90.19342
184.0038 714.9123 2 90.22678
183.3813 715.7692 2 90.26013
181.6053 715.6243 2 90.29349
182.1441 714.9384 2 90.32684
181.3126 714.8435 2 90.3602
179.9792 714.3995 2 90.39356
180.2145 714.7611 2 90.42691
180.3427 713.9854 2 90.46027
180.1088 714.0068 2 90.49362
179.8076 713.6607 2 90.52698
180.0578 713.7832 2 90.56033
180.0948 713.2361 2 90.59369
178.6957 712.2848 2 90.62704
178.4847 711.1566 2 90.6604
178.2923 711.2641 2 90.69376
176.8359 712.6967 2 90.72711
177.3453 712.9787 2 90.76047
177.8871 713.5362 2 90.79382
178.3273 713.7055 2 90.82718
177.426 713.5215 2 90.86053
176.0979 713.102 2 90.89389
175.5866 713.336 2 90.92724
175.3895 712.7103 2 90.9606
176.2704 712.4284 2 90.99396
176.7837 711.4107 2 91.02731
175.7201 711.5846 2 91.06067
174.384 712.8584 2 91.09402
173.6516 713.1857 2 91.12738
174.4786 712.2821 2 91.16073
175.3501 711.4487 2 91.19409
174.777 711.1016 2 91.22744
174.9588 710.4777 2 91.2608
174.047 710.3694 2 91.29416
173.6532 710.8517 2 91.32751
172.8675 710.1006 2 91.36087
172.8945 709.9178 2 91.39422
172.8236 708.9212 2 91.42758
171.7059 707.3904 2 91.46093
171.0566 706.9311 2 91.49429
172.1634 706.1226 2 91.52764
172.0153 705.5277 2 91.561
172.2526 705.3099 2 91.59436
171.9532 704.4076 2 91.62771
171.7616 703.6878 2 91.66107
171.1465 703.4595 2 91.69442
171.8293 703.46 2 91.72778
171.9326 703.6482 2 91.76113
171.0783 703.2374 2 91.79449
169.2077 702.2827 2 91.82784
168.4355 701.9767 2 91.8612
167.3137 700.7092 2 91.89456
166.0136 699.2877 2 91.92791
164.3783 698.6593 2 91.96127
162.7421 697.775 2 91.99462
163.9961 697.1503 2 92.02798
163.9474 696.2737 2 92.06133
164.5387 695.1717 2 92.09469
165.1387 694.5346 2 92.12804
164.525 694.239 2 92.1614
163.9631 693.6058 2 92.19476
161.7841 692.8046 2 92.22811
161.775 691.7709 2 92.26147
162.2964 691.6572 2 92.29482
163.1012 690.698 2 92.32818
163.7945 689.9464 2 92.36153
163.8185 690.1173 2 92.39489
163.5234 689.8049 2 92.42824
163.9451 689.7645 2 92.4616
163.2996 689.3712 2 92.49496
161.5279 688.8283 2 92.52831
160.1116 687.5583 2 92.56167
159.2376 685.8609 2 92.59502
158.5358 685.0393 2 92.62838
158.5782 685.0925 2 92.66173
159.9863 684.4127 2 92.69509
162.5373 683.1681 2 92.72844
162.3968 682.6131 2 92.7618
161.8983 683.4268 2 92.79516
161.562 684.5114 2 92.82851
161.7325 685.3499 2 92.86187
162.643 685.1111 2 92.89522
163.1595 684.8784 2 92.92858
162.5723 684.8363 2 92.96193
163.2767 685.3982 2 92.99529
164.282 686.1441 2 93.02864
164.5601 686.5075 2 93.062
164.0366 686.7433 2 93.09536
163.6416 687.6416 2 93.12871
164.6251 688.102 2 93.16207
164.4908 689.1056 2 93.19542
164.49 689.6084 2 93.22878
165.5102 690.7363 2 93.26213
164.6902 691.8595 2 93.29549
164.4312 692.5805 2 93.32884
165.5096 691.2304 2 93.3622
165.5774 690.0653 2 93.39556
167.0782 689.8 2 93.42891
166.56 689.3186 2 93.46227
166.0134 688.8343 2 93.49562
165.7281 689.3819 2 93.52898
166.4865 689.0847 2 93.56233
167.512 689.9977 2 93.59569
167.0042 690.6073 2 93.62904
165.8188 692.2261 2 93.6624
165.7587 693.9526 2 93.69576
166.1478 694.548 2 93.72911
167.4528 695.0022 2 93.76247
168.0119 694.7431 2 93.79582
167.9295 695.042 2 93.82918
168.9179 695.1316 2 93.86253
169.5333 696.1176 2 93.89589
170.5287 697.0135 2 93.92924
171.0258 698.8852 2 93.9626
173.049 701.1645 2 93.99596
173.6807 702.462 2 94.02931
175.1926 702.9159 2 94.06267
176.3422 703.2234 2 94.09602
176.4844 703.2227 2 94.12938
176.1421 703.289 2 94.16273
175.8623 702.6895 2 94.19609
175.1668 701.7513 2 94.22944
174.9305 701.569 2 94.2628
173.7124 702.9799 2 94.29616
173.8988 703.4047 2 94.32951
173.4317 703.7271 2 94.36287
173.0099 703.1128 2 94.39622
174.0391 704.3671 2 94.42958
175.1578 705.9122 2 94.46293
176.5623 706.6828 2 94.49629
177.2761 707.0071 2 94.52964
176.5558 706.4388 2 94.563
176.1888 706.413 2 94.59636
175.753 707.693 2 94.62971
174.8492 708.2517 2 94.66307
174.2647 708.8545 2 94.69642
172.6258 709.6802 2 94.72978
173.1864 710.3794 2 94.76313
174.1116 709.9117 2 94.79649
174.3245 709.4978 2 94.82984
175.202 709.0844 2 94.8632
176.2941 708.1512 2 94.89656
176.124 707.7016 2 94.92991
176.7632 707.3472 2 94.96327
176.4607 707.7048 2 94.99662
176.7985 709.4231 2 95.02998
177.3299 710.44 2 95.06333
177.9616 712.1722 2 95.09669
178.5193 712.9911 2 95.13004
179.4732 713.5487 2 95.1634
179.6673 714.9701 2 95.19676
180.9568 716.1058 2 95.23011
181.712 716.8195 2 95.26347
182.3052 717.8065 2 95.29682
181.642 719.2987 2 95.33018
181.1217 720.6415 2 95.36353
180.9185 720.7168 2 95.39689
180.7101 720.6873 2 95.43024
180.2742 721.0194 2 95.4636
180.4136 721.391 2 95.49696
181.1682 721.5153 2 95.53031
181.3226 721.5326 2 95.56367
181.5284 720.1434 2 95.59702
180.641 719.9539 2 95.63038
179.3097 718.8445 2 95.66373
182.2537 719.6965 2 95.69709
183.6585 721.4054 2 95.73044
185.2971 721.7813 2 95.7638
185.8855 722.7182 2 95.79716
185.3053 723.438 2 95.83051
184.8637 723.3618 2 95.86387
185.0541 723.0513 2 95.89722
184.1853 722.7963 2 95.93058
184.5991 721.6138 2 95.96393
183.9322 719.9178 2 95.99729
184.4368 718.0077 2 96.03064
184.6284 717.8925 2 96.064
184.7947 718.1032 2 96.09736
184.2198 718.9607 2 96.13071
184.7998 719.2764 2 96.16407
184.5023 719.9782 2 96.19742
185.7267 720.8433 2 96.23078
186.107 721.0285 2 96.26413
188.2137 721.2422 2 96.29749
188.8791 720.7506 2 96.33084
189.2633 721.5241 2 96.3642
190.4139 721.6328 2 96.39756
190.2008 722.2552 2 96.43091
190.0336 723.1683 2 96.46427
190.0694 724.9737 2 96.49762
189.6201 726.0938 2 96.53098
190.1846 727.6117 2 96.56433
189.3467 729.3339 2 96.59769
190.5633 730.0973 2 96.63104
191.5507 729.959 2 96.6644
191.7753 730.3069 2 96.69776
191.78 730.5614 2 96.73111
191.0273 731.5765 2 96.76447
192.2203 730.8777 2 96.79782
192.4317 728.8603 2 96.83118
192.0746 728.3898 2 96.86453
192.8319 727.1246 2 96.89789
192.6759 726.296 2 96.93124
193.1276 725.4974 2 96.9646
193.3016 724.3084 2 96.99796
193.9122 724.5144 2 97.03131
193.4536 724.1966 2 97.06467
193.6646 725.169 2 97.09802
193.7988 726.7103 2 97.13138
192.6349 727.7325 2 97.16473
192.9596 729.3328 2 97.19809
193.6954 730.8126 2 97.23144
194.1608 732.2629 2 97.2648
194.1531 733.6241 2 97.29816
195.8339 734.3623 2 97.33151
195.3084 734.6114 2 97.36487
194.9 735.3843 2 97.39822
195.6234 735.1445 2 97.43158
196.5455 734.9327 2 97.46493
195.7482 734.9287 2 97.49829
194.2937 734.5135 2 97.53164
196.3616 734.3462 2 97.565
195.3307 733.0524 2 97.59836
194.1719 732.5052 2 97.63171
193.4322 731.0732 2 97.66507
193.4523 730.9499 2 97.69842
193.4193 730.8223 2 97.73178
193.6642 729.857 2 97.76513
194.2799 728.938 2 97.79849
193.2366 729.2499 2 97.83184
192.7872 729.4957 2 97.8652
192.0084 729.1912 2 97.89856
191.6131 730.0454 2 97.93191
192.3576 730.8861 2 97.96527
192.8951 731.7698 2 97.99862
193.323 732.3372 2 98.03198
194.3349 732.3278 2 98.06533
194.1637 732.6365 2 98.09869
195.4389 731.8878 2 98.13204
195.7417 731.3991 2 98.1654
195.2232 731.0388 2 98.19876
194.7512 730.6527 2 98.23211
195.2354 730.871 2 98.26547
195.2189 730.2987 2 98.29882
195.3725 730.283 2 98.33218
195.5615 731.1172 2 98.36553
196.1635 731.1463 2 98.39889
197.6539 731.4864 2 98.43224
199.0182 735.2312 2 98.4656
200.2076 738.0315 2 98.49896
200.8804 738.7923 2 98.53231
201.1428 740.274 2 98.56567
202.3486 742.0371 2 98.59902
204.4736 743.0954 2 98.63238
205.3812 744.3413 2 98.66573
206.9128 745.6106 2 98.69909
207.2386 747.0744 2 98.73244
207.0645 748.3444 2 98.7658
206.6135 749.7168 2 98.79916
205.7361 750.5564 2 98.83251
204.9562 751.795 2 98.86587
204.66 752.545 2 98.89922
206.5934 752.7402 2 98.93258
207.2396 753.5898 2 98.96593
207.1061 753.417 2 98.99929
206.9691 752.9181 2 99.03264
208.1913 753.2831 2 99.066
208.7925 752.9358 2 99.09936
207.4503 754.1582 2 99.13271
207.7117 753.5776 2 99.16607
207.2479 752.0569 2 99.19942
206.2954 749.6609 2 99.23278
205.7124 747.4232 2 99.26613
