567.8562 433.8408 4 0
601.172 479.9114 4 0.03335556
595.3716 484.0201 4 0.06671111
588.4505 488.0895 4 0.1000667
585.1065 490.214 4 0.1334222
583.8237 491.4901 4 0.1667778
583.5646 493.3425 4 0.2001333
583.8078 494.8768 4 0.2334889
583.7453 496.1312 4 0.2668444
583.7696 498.1856 4 0.3002
582.4095 498.5793 4 0.3335556
583.0169 498.9791 4 0.3669111
581.5874 499.3904 4 0.4002667
580.3726 500.9689 4 0.4336222
579.7671 502.2085 4 0.4669778
579.5309 503.2109 4 0.5003333
579.2654 504.1775 4 0.5336889
577.3751 505.1135 4 0.5670444
575.6859 505.4468 4 0.6004
574.921 506.8073 4 0.6337556
573.7755 507.1267 4 0.6671111
572.6292 507.3612 4 0.7004667
571.982 507.6071 4 0.7338222
571.736 507.9986 4 0.7671778
570.9641 507.9146 4 0.8005333
568.6426 509.2479 4 0.8338889
565.9718 509.9646 4 0.8672444
565.0295 511.2108 4 0.9006
562.8549 512.0478 4 0.9339556
560.0276 514.1761 4 0.9673111
557.0303 514.6273 4 1.000667
554.9844 514.8453 4 1.034022
551.3206 515.0941 4 1.067378
549.6562 515.1411 4 1.100733
548.3548 515.576 4 1.134089
547.0206 514.2866 4 1.167444
546.364 514.7385 4 1.2008
543.2599 513.6062 4 1.234156
541.4429 515.8013 4 1.267511
537.4774 516.7936 4 1.300867
533.8874 519.7944 4 1.334222
531.4509 521.4222 4 1.367578
527.7418 522.9638 4 1.400933
527.7814 526.1138 4 1.434289
527.2224 528.6296 4 1.467644
526.0751 529.0443 4 1.501
525.4015 528.7462 4 1.534356
525.7654 531.277 4 1.567711
523.7545 532.7612 4 1.601067
520.8958 534.8226 4 1.634422
519.0017 537.7445 4 1.667778
516.8705 538.1904 4 1.701133
515.4831 539.3088 4 1.734489
513.4991 541.4058 4 1.767844
510.7942 541.9348 4 1.8012
507.1184 543.132 4 1.834556
505.4309 544.1602 4 1.867911
503.5883 544.4405 4 1.901267
500.8268 546.4939 4 1.934622
497.7853 547.5126 4 1.967978
496.0486 547.9312 4 2.001333
494.6456 547.2846 4 2.034689
492.1945 546.6225 4 2.068044
489.5644 546.9347 4 2.1014
488.7805 547.8365 4 2.134756
486.4063 548.3994 4 2.168111
484.3363 548.3458 4 2.201467
482.6977 549.2431 4 2.234822
480.5833 550.1256 4 2.268178
478.1669 551.6406 4 2.301533
476.0148 553.3319 4 2.334889
473.0098 556.4703 4 2.368244
468.1849 557.7549 4 2.4016
463.5318 561.1419 4 2.434956
458.8745 564.0692 4 2.468311
454.3386 565.825 4 2.501667
450.0591 568.6784 4 2.535022
445.2704 572.3131 4 2.568378
440.003 575.9953 4 2.601733
434.2581 580.278 4 2.635089
428.36 584.9733 4 2.668444
422.7301 589.43 4 2.7018
417.273 595.0719 4 2.735156
412.2829 600.0129 4 2.768511
406.6779 606.0398 4 2.801867
400.9971 612.4556 4 2.835222
395.4632 618.6306 4 2.868578
390.0939 624.3517 4 2.901933
384.9843 630.4002 4 2.935289
379.4424 636.8108 4 2.968644
374.0526 643.6811 4 3.002
368.1492 650.5926 4 3.035356
361.9014 656.823 4 3.068711
356.5253 662.359 4 3.102067
350.7423 668.1896 4 3.135422
344.4907 673.315 4 3.168778
338.392 678.7994 4 3.202133
332.3468 683.6886 4 3.235489
326.4613 688.6027 4 3.268844
320.4221 694.0179 4 3.3022
314.4608 698.5282 4 3.335556
307.8569 703.7114 4 3.368911
301.8804 708.4081 4 3.402267
295.8125 712.7245 4 3.435622
290.0099 717.348 4 3.468978
283.8998 721.7101 4 3.502333
277.6086 726.3772 4 3.535689
271.53 731.2222 4 3.569044
265.3017 736.0453 4 3.6024
259.0229 740.7305 4 3.635756
252.5358 745.7177 4 3.669111
246.8801 750.4264 4 3.702467
240.1245 755.8386 4 3.735822
234.5305 760.6596 4 3.769178
228.6424 765.8957 4 3.802533
222.2195 771.4495 4 3.835889
216.5595 776.9209 4 3.869244
210.9954 782.4292 4 3.9026
205.8536 788.0737 4 3.935956
200.5382 793.9083 4 3.969311
195.379 800.3121 4 4.002667
190.6957 806.5673 4 4.036022
190.9717 806.7189 4 4.069378
193.9969 806.9351 4 4.102733
194.1525 809.3412 4 4.136089
194.4075 814.7218 4 4.169444
194.7672 821.2751 4 4.2028
195.0107 828.2097 4 4.236156
196.188 834.7969 4 4.269511
198.4756 840.6928 4 4.302867
201.4805 843.8881 4 4.336222
206.5432 847.878 4 4.369578
212.3641 851.7436 4 4.402933
218.9126 854.397 4 4.436289
225.5941 856.4795 4 4.469644
231.815 858.3583 4 4.503
238.822 860.2254 4 4.536356
246.1153 861.1537 4 4.569711
252.9603 863.2619 4 4.603067
259.2917 865.4528 4 4.636422
266.0515 867.2826 4 4.669778
272.8747 869.1865 4 4.703133
280.5509 871.1263 4 4.736489
287.8575 872.8718 4 4.769844
294.5201 872.304 4 4.8032
301.6297 868.5167 4 4.836556
308.7391 864.8717 4 4.869911
315.7846 862.3587 4 4.903267
322.9169 860.4014 4 4.936622
330.2297 858.1288 4 4.969978
337.3708 855.3812 4 5.003333
344.4609 852.8772 4 5.036689
351.4217 850.3889 4 5.070044
357.1681 846.6757 4 5.1034
364.335 842.5978 4 5.136756
370.56 839.2942 4 5.170111
376.118 837.4712 4 5.203467
383.1727 835.3862 4 5.236822
390.7986 833.3413 4 5.270178
399.3511 831.6247 4 5.303533
407.8466 829.5058 4 5.336889
415.8114 828.1 4 5.370244
422.9809 827.2244 4 5.4036
430.3377 826.3653 4 5.436956
437.7645 826.034 4 5.470311
444.9657 825.2647 4 5.503667
452.0314 824.4716 4 5.537022
459.0307 823.8875 4 5.570378
466.056 822.9484 4 5.603733
472.3648 822.183 4 5.637089
479.7256 820.7123 4 5.670444
487.4588 818.7899 4 5.7038
494.7301 816.4498 4 5.737156
502.0908 814.5922 4 5.770511
508.9021 812.4577 4 5.803867
515.9207 810.7367 4 5.837222
522.7835 808.45 4 5.870578
529.5846 806.4826 4 5.903933
537.2647 804.0925 4 5.937289
544.634 801.3242 4 5.970644
551.6456 799.0694 4 6.004
557.8694 797.0448 4 6.037356
564.7136 794.8676 4 6.070711
570.7058 792.6555 4 6.104067
576.58 789.8813 4 6.137422
582.1171 787.272 4 6.170778
588.1273 783.8446 4 6.204133
594.1109 779.9109 4 6.237489
599.9856 776.0115 4 6.270844
605.1485 771.9794 4 6.3042
610.0762 767.5627 4 6.337556
615.0576 762.4203 4 6.370911
620.6387 757.4634 4 6.404267
626.5494 751.7331 4 6.437622
631.9557 747.0645 4 6.470978
637.5784 741.7042 4 6.504333
642.9993 736.545 4 6.537689
648.1235 731.769 4 6.571044
653.1981 727.0387 4 6.6044
657.5609 722.6197 4 6.637756
661.6059 717.6454 4 6.671111
665.6943 713.3011 4 6.704467
670.0209 707.9881 4 6.737822
674.9723 701.83 4 6.771178
680.7734 695.8137 4 6.804533
686.2002 689.2699 4 6.837889
691.1915 683.9161 4 6.871244
696.2 678.2812 4 6.9046
700.702 672.7077 4 6.937956
705.3098 667.3578 4 6.971311
709.9128 662.1877 4 7.004667
714.4431 656.8457 4 7.038022
718.6519 652.0242 4 7.071378
723.6253 646.978 4 7.104733
728.5973 641.7771 4 7.138089
734.6448 636.472 4 7.171444
739.339 630.8944 4 7.2048
743.8495 626.0818 4 7.238156
748.7947 620.8334 4 7.271511
753.7953 615.5299 4 7.304867
759.4338 610.3861 4 7.338222
765.3652 605.2058 4 7.371578
770.695 600.1157 4 7.404933
777.0135 595.2265 4 7.438289
783.192 591.1343 4 7.471644
789.3085 587.4412 4 7.505
796.0041 583.4215 4 7.538356
802.7179 580.2887 4 7.571711
809.3415 576.9441 4 7.605067
816.7456 574.5396 4 7.638422
824.0549 571.5343 4 7.671778
831.0225 568.8167 4 7.705133
837.5269 566.1928 4 7.738489
844.4971 563.0043 4 7.771844
851.8446 559.8092 4 7.8052
859.5578 556.5191 4 7.838556
866.7426 554.3261 4 7.871911
874.1245 552.2992 4 7.905267
881.2995 550.5353 4 7.938622
888.7041 549.0838 4 7.971978
895.2655 547.2439 4 8.005333
902.1797 545.199 4 8.038689
908.3905 543.5981 4 8.072044
912.1242 542.1321 4 8.1054
911.2716 540.4172 4 8.138756
912.4128 537.3539 4 8.172111
914.7482 533.1918 4 8.205467
916.847 527.6551 4 8.238822
918.9705 522.0454 4 8.272178
920.4449 515.4448 4 8.305533
921.5022 507.9063 4 8.338889
922.3171 499.7088 4 8.372244
922.5873 491.4673 4 8.4056
922.9761 484.14 4 8.438956
923.978 476.8033 4 8.472311
924.6372 469.6123 4 8.505667
925.5872 461.6721 4 8.539022
925.9619 454.9056 4 8.572378
925.6208 447.1263 4 8.605733
925.6386 440.4737 4 8.639089
925.4492 433.656 4 8.672444
924.487 427.4284 4 8.7058
923.1305 420.9203 4 8.739156
921.173 414.0786 4 8.772511
919.4377 407.7023 4 8.805867
917.6899 400.3024 4 8.839222
916.1988 393.2298 4 8.872578
915.0125 386.0551 4 8.905933
913.4181 378.798 4 8.939289
911.4001 371.4221 4 8.972644
908.8494 364.22 4 9.006
906.8669 357.6072 4 9.039356
904.8218 350.2072 4 9.072711
903.6444 342.7465 4 9.106067
902.0565 335.559 4 9.139422
900.8107 328.5741 4 9.172778
899.68 320.5657 4 9.206133
898.1643 312.5748 4 9.239489
895.8202 307.7333 4 9.272844
893.4511 301.6371 4 9.3062
890.2675 295.1902 4 9.339556
886.0871 287.8195 4 9.372911
882.8285 280.9988 4 9.406267
879.7536 274.5728 4 9.439622
876.3313 268.4323 4 9.472978
872.6751 262.2173 4 9.506333
869.1626 255.4328 4 9.539689
865.9507 248.5297 4 9.573044
862.7101 242.2081 4 9.6064
858.7128 235.75 4 9.639756
855.1092 229.8045 4 9.673111
850.6461 222.3852 4 9.706467
846.6724 215.9786 4 9.739822
842.365 209.8681 4 9.773178
838.5625 203.6263 4 9.806533
834.325 197.3702 4 9.839889
830.2336 191.0602 4 9.873244
825.6209 184.1344 4 9.9066
819.3999 179.2756 4 9.939956
813.3515 174.2671 4 9.973311
807.8922 169.559 4 10.00667
801.6151 164.6219 4 10.04002
796.4757 160.0961 4 10.07338
791.2119 155.2236 4 10.10673
785.9755 150.4917 4 10.14009
780.7635 146.3612 4 10.17344
775.2543 141.9646 4 10.2068
770.0163 137.8092 4 10.24016
764.3518 133.8902 4 10.27351
758.8635 129.6056 4 10.30687
753.9224 125.0595 4 10.34022
747.9678 121.2914 4 10.37358
742.0823 116.7095 4 10.40693
735.501 112.2474 4 10.44029
729.8493 107.8816 4 10.47364
724.4088 102.8351 4 10.507
719.635 98.42489 4 10.54036
713.6537 94.43806 4 10.57371
708.2248 90.62169 4 10.60707
703.3074 86.86561 4 10.64042
698.093 82.58622 4 10.67378
692.3554 79.02758 4 10.70713
686.8968 75.10742 4 10.74049
681.2292 71.16921 4 10.77384
674.354 68.43396 4 10.8072
667.3103 65.86789 4 10.84056
661.1173 62.93092 4 10.87391
654.5621 60.595 4 10.90727
648.5978 58.16836 4 10.94062
641.7257 55.83545 4 10.97398
634.9818 52.91781 4 11.00733
627.5524 49.63756 4 11.04069
619.1088 45.76091 4 11.07404
613.1994 42.67021 4 11.1074
606.0107 41.10683 4 11.14076
598.1046 41.21347 4 11.17411
589.5943 40.96967 4 11.20747
582.4136 40.31233 4 11.24082
575.9399 38.61598 4 11.27418
569.037 36.50225 4 11.30753
563.0302 37.59252 4 11.34089
556.2528 37.88082 4 11.37424
550.0015 38.33918 4 11.4076
546.0073 40.28511 4 11.44096
541.9578 43.55703 4 11.47431
536.1608 46.44149 4 11.50767
529.3133 50.16098 4 11.54102
523.588 54.49551 4 11.57438
519.8202 60.34118 4 11.60773
515.336 65.69395 4 11.64109
509.7236 71.02407 4 11.67444
503.845 75.77959 4 11.7078
498.3376 80.47538 4 11.74116
492.8308 84.80286 4 11.77451
487.0287 89.62101 4 11.80787
481.2303 94.70812 4 11.84122
475.9874 100.1129 4 11.87458
470.6837 105.032 4 11.90793
465.101 110.2399 4 11.94129
459.1671 115.5314 4 11.97464
453.8516 120.4582 4 12.008
448.4118 125.4314 4 12.04136
443.0565 130.3854 4 12.07471
437.294 135.3676 4 12.10807
431.266 140.4973 4 12.14142
425.1729 145.9567 4 12.17478
419.6988 150.847 4 12.20813
414.0277 155.1805 4 12.24149
407.8685 159.9297 4 12.27484
401.1914 164.7866 4 12.3082
394.2212 169.5855 4 12.34156
387.8254 172.6522 4 12.37491
380.8156 175.9651 4 12.40827
374.0359 179.111 4 12.44162
366.3319 181.4942 4 12.47498
359.3016 183.9287 4 12.50833
352.0213 185.8707 4 12.54169
344.7791 187.7237 4 12.57504
337.8078 189.505 4 12.6084
330.6389 190.8289 4 12.64176
323.2464 192.0659 4 12.67511
316.0464 193.0258 4 12.70847
309.2829 194.0334 4 12.74182
301.1308 195.0499 4 12.77518
293.1028 195.4943 4 12.80853
285.1973 196.1899 4 12.84189
277.5863 196.7312 4 12.87524
269.8266 197.2608 4 12.9086
262.9375 197.7319 4 12.94196
254.857 197.8638 4 12.97531
247.1682 197.7114 4 13.00867
239.4758 197.4406 4 13.04202
231.1928 196.6442 4 13.07538
224.1278 196.0202 4 13.10873
216.9145 194.3932 4 13.14209
212.719 194.2626 4 13.17544
208.5288 194.8237 4 13.2088
202.9758 194.884 4 13.24216
196.5654 194.8847 4 13.27551
189.0719 194.9519 4 13.30887
181.18 195.103 4 13.34222
172.6131 195.0934 4 13.37558
163.8406 194.9256 4 13.40893
158.0972 195.3784 4 13.44229
156.9801 197.0065 4 13.47564
153.7587 198.7364 4 13.509
148.8706 199.8259 4 13.54236
146.2585 202.3179 4 13.57571
145.399 205.2818 4 13.60907
142.1219 208.9331 4 13.64242
137.1856 212.9855 4 13.67578
132.5238 217.7623 4 13.70913
127.6408 223.1948 4 13.74249
123.1659 228.9296 4 13.77584
117.6645 235.173 4 13.8092
113.5382 240.938 4 13.84256
110.1219 246.8395 4 13.87591
106.3598 252.9102 4 13.90927
102.4664 259.0053 4 13.94262
98.68801 265.8293 4 13.97598
94.9133 272.4124 4 14.00933
91.10111 279.0195 4 14.04269
86.70297 286.1851 4 14.07604
82.35268 292.6079 4 14.1094
77.85159 298.4565 4 14.14276
73.12603 304.205 4 14.17611
70.1947 310.4055 4 14.20947
69.43438 315.3064 4 14.24282
67.48068 321.9388 4 14.27618
65.77798 328.9491 4 14.30953
64.3212 335.8582 4 14.34289
62.75268 342.6459 4 14.37624
60.89304 350.1589 4 14.4096
58.55589 357.6165 4 14.44296
56.5337 365.9091 4 14.47631
55.02906 372.9146 4 14.50967
53.47628 380.3248 4 14.54302
52.33126 388.4433 4 14.57638
50.77593 395.7809 4 14.60973
48.87676 403.0788 4 14.64309
47.06407 410.9423 4 14.67644
45.73493 418.5404 4 14.7098
44.02049 426.5263 4 14.74316
42.15696 434.3313 4 14.77651
40.72532 442.4776 4 14.80987
39.24343 450.4238 4 14.84322
37.70705 457.8626 4 14.87658
35.8705 465.2598 4 14.90993
34.47863 472.3331 4 14.94329
32.92885 479.1622 4 14.97664
31.44817 485.6174 4 15.01
32.26607 491.0003 4 15.04336
32.37602 497.2976 4 15.07671
33.56909 504.1998 4 15.11007
34.67512 510.9048 4 15.14342
36.2516 518.0558 4 15.17678
38.3644 525.2514 4 15.21013
39.76329 531.9298 4 15.24349
41.07337 539.2082 4 15.27684
43.07032 546.5674 4 15.3102
44.48276 554.0325 4 15.34356
46.31685 560.4547 4 15.37691
48.63481 566.8669 4 15.41027
50.89288 573.3492 4 15.44362
53.02761 580.0199 4 15.47698
55.68888 586.7866 4 15.51033
58.26277 594.6668 4 15.54369
60.96492 601.5751 4 15.57704
63.74907 608.3358 4 15.6104
66.49471 614.9022 4 15.64376
68.84657 621.7084 4 15.67711
70.76344 628.9327 4 15.71047
72.58672 636.2436 4 15.74382
74.52216 643.3248 4 15.77718
76.07574 650.4984 4 15.81053
77.1822 657.5693 4 15.84389
78.6356 665.2329 4 15.87724
80.50209 672.6806 4 15.9106
81.96566 679.7035 4 15.94396
83.22291 686.8266 4 15.97731
84.55813 694.4464 4 16.01067
86.41685 701.9847 4 16.04402
89.50907 704.5773 4 16.07738
93.00593 708.3004 4 16.11073
97.7914 712.6994 4 16.14409
102.6676 718.7224 4 16.17744
107.6188 724.0903 4 16.2108
111.8429 729.692 4 16.24416
116.5097 734.992 4 16.27751
121.6419 741.01 4 16.31087
126.1482 747.1168 4 16.34422
130.253 753.0316 4 16.37758
134.2637 759.4139 4 16.41093
138.2107 765.7264 4 16.44429
139.7719 769.2462 4 16.47764
139.8591 769.5703 4 16.511
140.2624 771.6494 4 16.54436
140.2993 772.8368 4 16.57771
139.9083 773.8669 4 16.61107
139.2221 776.8956 4 16.64442
139.5332 777.4648 4 16.67778
139.7467 775.6597 4 16.71113
143.476 775.293 4 16.74449
148.889 777.5098 4 16.77784
154.0381 777.8348 4 16.8112
162.0783 777.6012 4 16.84456
169.2845 777.6962 4 16.87791
176.0739 776.5241 4 16.91127
183.0523 774.0355 4 16.94462
190.0172 772.394 4 16.97798
197.982 771.2331 4 17.01133
206.729 770.431 4 17.04469
214.767 770.0881 4 17.07804
222.8814 770.0435 4 17.1114
230.8471 769.8824 4 17.14476
237.8236 770.349 4 17.17811
245.0714 770.6119 4 17.21147
252.5175 770.8672 4 17.24482
259.6452 770.8139 4 17.27818
266.9517 770.9339 4 17.31153
273.7274 770.5808 4 17.34489
280.7602 769.8744 4 17.37824
287.7582 769.102 4 17.4116
294.5821 767.9325 4 17.44496
302.2294 765.7979 4 17.47831
309.2064 763.8832 4 17.51167
316.8964 761.9131 4 17.54502
324.8824 759.4728 4 17.57838
332.1029 756.895 4 17.61173
339.2081 754.4623 4 17.64509
346.4562 751.7231 4 17.67844
353.404 749.1772 4 17.7118
360.2156 746.6836 4 17.74516
367.3984 743.9293 4 17.77851
375.4109 740.0639 4 17.81187
382.3588 736.6436 4 17.84522
389.1532 733.4692 4 17.87858
395.8387 730.8905 4 17.91193
401.5564 728.3509 4 17.94529
402.7732 726.803 4 17.97864
403.1063 725.1918 4 18.012
405.9621 721.1045 4 18.04536
407.4494 715.9821 4 18.07871
410.0492 710.3418 4 18.11207
411.4236 703.201 4 18.14542
411.0827 695.3314 4 18.17878
410.5539 686.6429 4 18.21213
409.2705 679.5075 4 18.24549
407.0428 672.8362 4 18.27884
401.4795 666.3517 4 18.3122
395.1733 661.2486 4 18.34556
389.4913 655.5289 4 18.37891
384.8644 649.7475 4 18.41227
380.5714 644.2934 4 18.44562
376.1823 638.8582 4 18.47898
371.4841 633.4686 4 18.51233
366.2355 627.4757 4 18.54569
361.262 621.742 4 18.57904
356.1752 615.5888 4 18.6124
351.3143 609.4581 4 18.64576
346.9265 603.5645 4 18.67911
342.3113 597.1599 4 18.71247
337.9846 590.3459 4 18.74582
333.9241 583.8594 4 18.77918
329.1409 577.9602 4 18.81253
323.4507 572.3424 4 18.84589
319.1868 565.597 4 18.87924
315.1589 558.5411 4 18.9126
311.8415 551.2885 4 18.94596
308.455 544.5635 4 18.97931
305.2545 539.3149 4 19.01267
301.9762 533.8813 4 19.04602
293.9499 529.7521 4 19.07938
286.6251 523.9084 4 19.11273
280.6401 517.2722 4 19.14609
275.8411 510.3883 4 19.17944
272.0695 503.5238 4 19.2128
268.5978 496.6962 4 19.24616
265.0825 489.3783 4 19.27951
262.7897 482.8394 4 19.31287
261.3044 477.5174 4 19.34622
259.9219 472.0012 4 19.37958
260.2013 466.0487 4 19.41293
260.1755 459.1198 4 19.44629
261.8437 451.1251 4 19.47964
263.2188 444.2626 4 19.513
265.1401 437.4971 4 19.54636
266.6673 431.2493 4 19.57971
268.4499 424.5827 4 19.61307
270.6544 418.0871 4 19.64642
274.3733 411.9064 4 19.67978
278.3387 404.9157 4 19.71313
283.2671 398.1924 4 19.74649
288.9042 391.874 4 19.77984
294.4339 385.6825 4 19.8132
300.5483 380.27 4 19.84656
306.629 375.3702 4 19.87991
312.845 370.9365 4 19.91327
319.7965 366.3106 4 19.94662
325.5231 360.9606 4 19.97998
330.3208 356.4865 4 20.01333
336.0944 351.4821 4 20.04669
342.5278 346.5738 4 20.08004
348.8213 341.626 4 20.1134
354.8483 337.4652 4 20.14676
360.1849 333.3794 4 20.18011
365.769 328.946 4 20.21347
371.6994 324.1164 4 20.24682
377.4522 318.522 4 20.28018
382.3889 313.5748 4 20.31353
387.1827 308.4571 4 20.34689
392.0682 302.8222 4 20.38024
397.4194 296.6656 4 20.4136
401.6443 290.8893 4 20.44696
406.1719 285.714 4 20.48031
410.9436 280.5177 4 20.51367
415.9582 275.3181 4 20.54702
420.0514 269.9803 4 20.58038
424.4166 264.8963 4 20.61373
429.2535 258.7036 4 20.64709
434.5102 252.7004 4 20.68044
439.8057 246.5793 4 20.7138
445.3328 240.6888 4 20.74716
450.8652 234.8686 4 20.78051
456.5183 230.261 4 20.81387
462.3806 225.8181 4 20.84722
469.3873 221.3671 4 20.88058
476.9658 217.5784 4 20.91393
484.1391 215.0028 4 20.94729
491.623 212.4141 4 20.98064
498.7988 211.0674 4 21.014
506.2493 209.4227 4 21.04736
513.4186 208.2292 4 21.08071
520.4499 207.385 4 21.11407
527.943 206.6035 4 21.14742
535.3756 206.8762 4 21.18078
542.4558 208.2241 4 21.21413
549.5605 209.5006 4 21.24749
556.8628 211.0288 4 21.28084
563.8877 212.596 4 21.3142
571.2463 214.4611 4 21.34756
578.6536 216.8789 4 21.38091
585.8709 219.3256 4 21.41427
593.9559 222.3566 4 21.44762
602.0975 225.1125 4 21.48098
609.633 227.831 4 21.51433
616.5799 230.3147 4 21.54769
623.2845 232.8159 4 21.58104
629.6826 235.2493 4 21.6144
635.9852 237.9353 4 21.64776
642.8643 240.9447 4 21.68111
649.0334 243.5759 4 21.71447
654.5845 246.3323 4 21.74782
660.9823 249.1228 4 21.78118
668.2782 251.7375 4 21.81453
675.4188 254.0951 4 21.84789
682.4432 256.313 4 21.88124
688.7642 259.0608 4 21.9146
695.4926 261.2917 4 21.94796
702.166 264.107 4 21.98131
709.1206 267.0255 4 22.01467
716.1658 271.0737 4 22.04802
722.9687 275.5242 4 22.08138
729.8836 280.343 4 22.11473
736.2855 284.9972 4 22.14809
742.1978 289.1777 4 22.18144
747.9423 293.2712 4 22.2148
754.2289 297.4274 4 22.24816
760.1053 301.8604 4 22.28151
765.9167 306.4458 4 22.31487
771.4307 311.2641 4 22.34822
777.0391 315.7145 4 22.38158
782.8432 321.0098 4 22.41493
788.1385 325.9558 4 22.44829
792.9752 330.4421 4 22.48164
798.0143 334.5764 4 22.515
803.1325 338.962 4 22.54836
808.806 342.2126 4 22.58171
814.3443 345.5489 4 22.61507
820.1441 348.5638 4 22.64842
825.8945 351.1856 4 22.68178
832.1945 353.854 4 22.71513
838.7265 357.5141 4 22.74849
845.1841 361.3094 4 22.78184
851.6252 364.7498 4 22.8152
858.1925 367.8836 4 22.84856
864.6488 371.3592 4 22.88191
871.3235 374.7849 4 22.91527
878.2373 378.8695 4 22.94862
885.1055 383.2031 4 22.98198
891.7292 387.2092 4 23.01533
897.9968 390.716 4 23.04869
904.2277 394.3722 4 23.08204
909.7978 397.0181 4 23.1154
913.4439 399.7712 4 23.14876
913.3908 401.5412 4 23.18211
915.192 405.2238 4 23.21547
918.369 409.7917 4 23.24882
922.4355 415.1009 4 23.28218
926.7333 420.8466 4 23.31553
928.2351 426.7469 4 23.34889
929.4723 433.2269 4 23.38224
930.2827 440.1126 4 23.4156
931.0407 447.3803 4 23.44896
931.158 453.9206 4 23.48231
931.6478 460.8044 4 23.51567
931.9057 468.0189 4 23.54902
931.6659 475.6505 4 23.58238
931.1884 484.1964 4 23.61573
930.4558 492.5837 4 23.64909
929.2669 500.4935 4 23.68244
927.793 507.8109 4 23.7158
925.9454 514.8667 4 23.74916
923.5361 521.9612 4 23.78251
920.4834 529.1867 4 23.81587
916.7807 535.9395 4 23.84922
912.4409 543.2166 4 23.88258
908.495 550.905 4 23.91593
904.9742 558.0277 4 23.94929
901.2006 564.668 4 23.98264
897.7795 570.8782 4 24.016
894.0217 577.2726 4 24.04936
889.7964 584.1586 4 24.08271
885.5503 590.3852 4 24.11607
881.1353 596.911 4 24.14942
877.1694 603.1784 4 24.18278
872.9196 609.0427 4 24.21613
868.1014 614.8754 4 24.24949
863.0532 620.9283 4 24.28284
857.8311 626.5444 4 24.3162
852.4161 632.0908 4 24.34956
846.4315 637.3797 4 24.38291
840.7437 641.9669 4 24.41627
835.2379 646.9286 4 24.44962
829.5819 652.1462 4 24.48298
823.5647 657.4129 4 24.51633
818.2635 663.0019 4 24.54969
812.9667 668.1303 4 24.58304
807.5003 673.2232 4 24.6164
801.6591 678.9561 4 24.64976
795.6587 684.2678 4 24.68311
789.4306 688.6823 4 24.71647
782.7931 692.6729 4 24.74982
776.4546 696.0376 4 24.78318
770.5608 699.474 4 24.81653
764.3768 703.0323 4 24.84989
758.0139 706.7206 4 24.88324
751.6555 709.8407 4 24.9166
744.9336 713.2253 4 24.94996
738.3289 715.9034 4 24.98331
732.0126 719.1637 4 25.01667
726.0211 722.4332 4 25.05002
720.8237 726.3097 4 25.08338
715.6396 730.9125 4 25.11673
710.2281 735.7056 4 25.15009
704.2166 740.8694 4 25.18344
698.3841 745.7169 4 25.2168
692.1393 751.2137 4 25.25016
685.862 756.4651 4 25.28351
678.9723 761.7558 4 25.31687
672.652 766.4504 4 25.35022
666.558 771.5873 4 25.38358
660.6907 776.107 4 25.41693
653.8282 780.3403 4 25.45029
646.7093 784.2727 4 25.48364
639.0994 788.1382 4 25.517
631.7939 791.8686 4 25.55036
624.9069 795.6375 4 25.58371
618.4679 799.1855 4 25.61707
611.5621 802.7813 4 25.65042
604.7243 805.6212 4 25.68378
596.6474 808.3739 4 25.71713
588.1984 810.6673 4 25.75049
580.7401 813.0749 4 25.78384
573.936 814.8135 4 25.8172
566.8421 816.4595 4 25.85056
559.2455 818.2912 4 25.88391
552.0417 820.214 4 25.91727
545.2975 822.2964 4 25.95062
538.5581 824.8034 4 25.98398
531.7273 827.3084 4 26.01733
524.4276 829.8389 4 26.05069
517.0284 832.9155 4 26.08404
510.0345 834.9418 4 26.1174
502.7373 837.2748 4 26.15076
494.8328 839.4899 4 26.18411
487.8636 841.4346 4 26.21747
480.5637 844.0328 4 26.25082
473.3754 846.5413 4 26.28418
466.6722 848.6616 4 26.31753
459.9428 851.0365 4 26.35089
452.1993 853.8566 4 26.38424
443.7858 856.1108 4 26.4176
435.8624 858.4869 4 26.45096
419.8485 863.2616 4 26.48431
419.8485 863.2616 4 26.51767
412.501 865.7665 4 26.55102
397.8214 870.8242 4 26.58438
397.8214 870.8242 4 26.61773
389.8656 873.2761 4 26.65109
374.7023 875.8654 4 26.68444
374.7023 875.8654 4 26.7178
367.1556 876.5255 4 26.75116
351.5936 877.6573 4 26.78451
351.5936 877.6573 4 26.81787
344.6519 877.759 4 26.85122
329.8396 876.6407 4 26.88458
329.8396 876.6407 4 26.91793
314.7784 874.0944 4 26.95129
306.8655 873.1719 4 26.98464
306.8655 873.1719 4 27.018
299.5564 872.873 4 27.05136
297.5644 872.5275 4 27.08471
297.5644 872.5275 4 27.11807
291.2982 873.6426 4 27.15142
285.8287 874.7198 4 27.18478
285.8287 874.7198 4 27.21813
273.2394 877.6945 4 27.25149
269.1908 877.5284 4 27.28484
269.1908 877.5284 4 27.3182
264.4779 878.7987 4 27.35156
261.2105 880.427 4 27.38491
261.2105 880.427 4 27.41827
259.9316 885.2063 4 27.45162
259.433 886.8388 4 27.48498
259.8675 887.8394 4 27.51833
260.2309 889.7286 4 27.55169
259.7208 889.5748 4 27.58504
257.6834 887.8624 4 27.6184
258.2589 886.7984 4 27.65176
259.4091 886.728 4 27.68511
259.0907 884.0017 4 27.71847
259.407 884.0838 4 27.75182
257.7222 885.1174 4 27.78518
257.2298 883.8925 4 27.81853
257.0535 885.1866 4 27.85189
256.1431 884.8619 4 27.88524
256.0033 883.5706 4 27.9186
255.7213 881.7655 4 27.95196
255.8811 881.959 4 27.98531
256.2263 882.7676 4 28.01867
256.6249 883.4289 4 28.05202
257.0749 884.3276 4 28.08538
256.9909 885.3269 4 28.11873
256.3662 886.0149 4 28.15209
256.1973 884.3822 4 28.18544
257.0097 884.5191 4 28.2188
258.1165 880.998 4 28.25216
257.7129 880.3488 4 28.28551
257.1752 878.4849 4 28.31887
260.3229 879.7266 4 28.35222
263.6897 882.8036 4 28.38558
264.5837 882.4095 4 28.41893
263.4131 883.2431 4 28.45229
263.501 883.3795 4 28.48564
266.7351 889.4524 4 28.519
271.041 892.6042 4 28.55236
272.5339 895.991 4 28.58571
274.5878 899.6913 4 28.61907
273.8743 900.5154 4 28.65242
271.7936 898.5941 4 28.68578
271.7187 896.4961 4 28.71913
272.007 893.7996 4 28.75249
272.9361 891.715 4 28.78584
274.5923 888.6737 4 28.8192
275.6997 885.5039 4 28.85256
275.1636 884.8253 4 28.88591
275.7993 884.9845 4 28.91927
276.2573 885.9957 4 28.95262
277.2913 888.5765 4 28.98598
276.8346 891.1934 4 29.01933
274.0896 891.4498 4 29.05269
274.1172 891.3713 4 29.08604
274.9101 892.9721 4 29.1194
273.7944 892.3452 4 29.15276
273.1192 892.076 4 29.18611
274.9585 894.2684 4 29.21947
277.3634 895.1355 4 29.25282
278.6589 896.9195 4 29.28618
278.9047 896.9362 4 29.31953
278.5245 897.1278 4 29.35289
279.0462 896.2773 4 29.38624
282.8683 896.2313 4 29.4196
285.7752 896.2673 4 29.45296
286.8387 893.7507 4 29.48631
288.0547 894.0376 4 29.51967
288.5642 893.1641 4 29.55302
289.7339 893.4113 4 29.58638
289.1128 893.3151 4 29.61973
289.4625 894.0993 4 29.65309
290.2474 893.8931 4 29.68644
289.5326 894.1635 4 29.7198
289.1982 893.1734 4 29.75316
288.0822 894.7771 4 29.78651
288.2656 899.5151 4 29.81987
287.2202 901.0352 4 29.85322
286.8944 901.7821 4 29.88658
288.1926 903.9294 4 29.91993
286.5871 903.4454 4 29.95329
287.2467 903.3309 4 29.98664
288.9266 897.3727 4 30.02
288.8244 895.9354 4 30.05336
287.1302 898.0496 4 30.08671
286.4181 896.033 4 30.12007
285.5824 894.5047 4 30.15342
286.3722 893.2555 4 30.18678
286.8192 893.2272 4 30.22013
287.0299 893.5158 4 30.25349
288.0629 895.4688 4 30.28684
287.1944 897.8295 4 30.3202
288.3438 898.7514 4 30.35356
288.3703 900.4733 4 30.38691
286.1072 901.2967 4 30.42027
283.4946 901.5724 4 30.45362
283.862 899.6402 4 30.48698
282.5443 899.5377 4 30.52033
281.97 898.9284 4 30.55369
282.1414 899.5697 4 30.58704
281.631 899.5787 4 30.6204
282.0369 899.371 4 30.65376
284.0439 899.5055 4 30.68711
284.2816 898.8947 4 30.72047
284.0365 898.8619 4 30.75382
286.3752 897.8661 4 30.78718
285.6478 898.4122 4 30.82053
283.6135 899.4277 4 30.85389
282.8283 896.7029 4 30.88724
280.79 894.6851 4 30.9206
280.2427 893.9521 4 30.95396
281.0714 894.702 4 30.98731
280.1297 894.2699 4 31.02067
278.3342 894.3958 4 31.05402
277.2085 893.2047 4 31.08738
276.4694 891.321 4 31.12073
275.9429 890.4976 4 31.15409
277.1301 888.6396 4 31.18744
277.8718 888.2053 4 31.2208
276.1723 888.9733 4 31.25416
277.1389 888.2765 4 31.28751
277.8033 889.3177 4 31.32087
276.6546 887.8876 4 31.35422
278.4442 887.5831 4 31.38758
279.4009 888.825 4 31.42093
280.8721 889.7967 4 31.45429
281.4103 889.6211 4 31.48764
286.3294 891.6694 4 31.521
288.4167 891.2708 4 31.55436
288.3214 893.4131 4 31.58771
286.3929 894.8647 4 31.62107
283.6833 895.0159 4 31.65442
283.3904 895.3102 4 31.68778
282.2581 898.5748 4 31.72113
285.1385 898.7847 4 31.75449
285.4116 899.7338 4 31.78784
286.4486 897.8534 4 31.8212
285.5474 893.747 4 31.85456
285.0266 892.3947 4 31.88791
285.149 894.8725 4 31.92127
283.934 895.4245 4 31.95462
286.9525 895.9303 4 31.98798
288.8681 896.9321 4 32.02133
288.862 896.1598 4 32.05469
287.9678 895.0284 4 32.08804
287.8787 895.4213 4 32.1214
289.4864 897.6927 4 32.15476
291.6445 899.112 4 32.18811
294.1324 899.4483 4 32.22147
294.7336 898.5981 4 32.25482
296.0286 898.0474 4 32.28818
299.0545 897.7202 4 32.32153
300.2488 895.3709 4 32.35489
300.2722 895.363 4 32.38824
298.771 895.8411 4 32.4216
298.9304 895.8763 4 32.45496
300.6441 897.6851 4 32.48831
302.6668 900.1701 4 32.52167
304.0061 900.1726 4 32.55502
304.368 900.5107 4 32.58838
302.7076 901.4232 4 32.62173
302.2879 900.5192 4 32.65509
301.6696 900.2774 4 32.68844
300.7009 899.754 4 32.7218
299.1118 899.9798 4 32.75516
295.5693 897.813 4 32.78851
293.6966 896.4856 4 32.82187
292.1795 895.281 4 32.85522
292.6283 894.6556 4 32.88858
290.3867 894.5883 4 32.92193
291.3067 896.6127 4 32.95529
291.3531 899.0285 4 32.98864
290.4476 899.5358 4 33.022
290.4773 900.3995 4 33.05536
288.3972 900.9853 4 33.08871
288.0692 900.6951 4 33.12207
290.2087 899.0153 4 33.15542
290.8063 897.8616 4 33.18878
288.6026 895.3313 4 33.22213
284.931 893.6622 4 33.25549
285.1781 893.4696 4 33.28884
286.4737 893.9378 4 33.3222
286.4414 894.1239 4 33.35556
287.7403 895.5559 4 33.38891
288.36 895.375 4 33.42227
287.7358 896.5772 4 33.45562
286.1029 897.2493 4 33.48898
285.7347 898.3978 4 33.52233
286.2192 898.738 4 33.55569
288.803 899.7611 4 33.58904
290.3872 898.9492 4 33.6224
290.6039 899.2327 4 33.65576
288.6743 897.5743 4 33.68911
289.4902 898.0655 4 33.72247
293.5082 898.2062 4 33.75582
294.9492 897.8353 4 33.78918
294.0775 898.3115 4 33.82253
293.3771 899.0109 4 33.85589
294.6225 899.6111 4 33.88924
293.9619 899.9447 4 33.9226
293.235 899.9533 4 33.95596
294.8521 899.6647 4 33.98931
294.1558 899.514 4 34.02267
292.5773 897.2911 4 34.05602
291.8818 897.035 4 34.08938
290.5986 896.5225 4 34.12273
291.6211 896.0352 4 34.15609
290.75 892.9318 4 34.18944
291.8401 889.8715 4 34.2228
295.2355 887.9888 4 34.25616
296.9481 883.5291 4 34.28951
296.9575 882.8305 4 34.32287
295.4962 881.2263 4 34.35622
293.5272 882.8284 4 34.38958
290.661 885.2967 4 34.42293
289.0245 886.4338 4 34.45629
289.4925 885.9941 4 34.48964
289.7027 884.5173 4 34.523
289.1839 881.0258 4 34.55636
288.6386 879.3439 4 34.58971
288.1747 880.4465 4 34.62307
287.1366 881.5852 4 34.65642
285.4243 882.8548 4 34.68978
283.6742 881.0478 4 34.72313
282.7728 880.5922 4 34.75649
283.4152 880.7863 4 34.78984
282.8593 880.2727 4 34.8232
282.7722 879.2248 4 34.85656
284.509 880.2562 4 34.88991
285.6161 880.6314 4 34.92327
284.0149 880.5215 4 34.95662
284.3174 880.901 4 34.98998
286.3644 881.8378 4 35.02333
285.6799 882.1137 4 35.05669
285.5067 883.4453 4 35.09004
286.958 883.5025 4 35.1234
287.3244 884.2793 4 35.15676
287.0853 882.6292 4 35.19011
287.0685 882.7801 4 35.22347
286.8009 882.2112 4 35.25682
286.0086 881.8659 4 35.29018
288.2968 880.4258 4 35.32353
288.9608 879.7625 4 35.35689
287.8163 880.0841 4 35.39024
289.0166 881.5899 4 35.4236
290.0153 883.4547 4 35.45696
292.1182 882.2344 4 35.49031
292.0822 882.0781 4 35.52367
291.6858 881.4469 4 35.55702
292.7082 882.4973 4 35.59038
291.8033 882.8567 4 35.62373
290.9383 884.1471 4 35.65709
288.4114 886.0313 4 35.69044
287.8733 887.3554 4 35.7238
288.4004 886.2362 4 35.75716
289.2806 887.1529 4 35.79051
288.9978 885.6151 4 35.82387
289.4279 881.7336 4 35.85722
290.8206 881.1698 4 35.89058
290.6448 882.3525 4 35.92393
289.1906 883.4442 4 35.95729
290.1046 883.0463 4 35.99064
291.6859 882.5257 4 36.024
292.8825 882.1765 4 36.05736
292.1812 881.9105 4 36.09071
292.0207 882.6914 4 36.12407
292.1717 883.4578 4 36.15742
294.4014 883.261 4 36.19078
297.7501 884.4456 4 36.22413
299.6759 885.0303 4 36.25749
299.1876 884.8057 4 36.29084
300.5104 884.6539 4 36.3242
301.07 883.4698 4 36.35756
303.5195 885.5451 4 36.39091
303.6814 885.6824 4 36.42427
301.9321 885.1196 4 36.45762
301.4002 884.2913 4 36.49098
301.0246 883.4808 4 36.52433
301.4043 884.4748 4 36.55769
301.9013 886.6376 4 36.59104
301.981 887.0958 4 36.6244
300.6913 885.51 4 36.65776
299.1027 885.8659 4 36.69111
299.7346 885.3832 4 36.72447
298.965 883.1791 4 36.75782
297.3313 882.6724 4 36.79118
296.5026 882.4649 4 36.82453
295.1658 884.8579 4 36.85789
296.7374 884.1002 4 36.89124
296.4091 881.9696 4 36.9246
296.3124 881.8679 4 36.95796
295.7546 882.6909 4 36.99131
295.8507 883.2976 4 37.02467
297.6601 883.2263 4 37.05802
297.5974 881.7658 4 37.09138
298.7627 882.0165 4 37.12473
301.3388 883.068 4 37.15809
299.7358 883.7972 4 37.19144
299.3885 883.6635 4 37.2248
300.1806 885.3577 4 37.25816
299.7357 885.1697 4 37.29151
299.9213 885.4584 4 37.32487
297.543 884.3578 4 37.35822
298.6865 884.1328 4 37.39158
298.9277 885.1903 4 37.42493
299.2696 884.5753 4 37.45829
301.3614 886.5158 4 37.49164
301.8906 886.1686 4 37.525
300.9518 885.017 4 37.55836
299.4578 885.8191 4 37.59171
300.7842 887.0208 4 37.62507
300.4214 884.073 4 37.65842
301.8612 884.4627 4 37.69178
301.8325 885.0667 4 37.72513
300.7924 884.7722 4 37.75849
300.51 885.6743 4 37.79184
300.0686 885.5055 4 37.8252
300.1112 885.1427 4 37.85856
301.1342 883.4336 4 37.89191
301.0317 882.0212 4 37.92527
301.3011 883.6455 4 37.95862
300.811 884.8746 4 37.99198
300.8115 886.4448 4 38.02533
300.9663 886.3864 4 38.05869
298.9242 887.2679 4 38.09204
299.4788 885.2929 4 38.1254
300.0063 885.199 4 38.15876
298.8488 885.2176 4 38.19211
299.6292 884.7351 4 38.22547
298.7845 884.0534 4 38.25882
299.1846 882.7674 4 38.29218
299.7461 883.3402 4 38.32553
299.4982 884.475 4 38.35889
300.5926 885.8709 4 38.39224
300.7269 885.2101 4 38.4256
299.3634 885.8089 4 38.45896
301.5893 885.6517 4 38.49231
301.2008 885.4636 4 38.52567
302.1122 885.3963 4 38.55902
303.6383 885.595 4 38.59238
303.0747 885.4409 4 38.62573
303.3345 886.1199 4 38.65909
303.974 886.1843 4 38.69244
304.6902 887.9041 4 38.7258
305.4883 887.4654 4 38.75916
307.6654 886.9041 4 38.79251
307.7552 885.1819 4 38.82587
308.8753 885.2364 4 38.85922
309.1142 885.9747 4 38.89258
309.7611 887.9607 4 38.92593
310.3134 889.0608 4 38.95929
310.6798 889.5442 4 38.99264
310.0713 889.5373 4 39.026
309.6339 889.8423 4 39.05936
309.8446 889.9691 4 39.09271
309.8293 890.0692 4 39.12607
310.5066 888.7026 4 39.15942
310.1325 889.6604 4 39.19278
309.9366 890.1252 4 39.22613
309.1014 890.2445 4 39.25949
308.2242 888.8354 4 39.29284
307.8128 887.4651 4 39.3262
308.7439 888.361 4 39.35956
308.2303 888.3014 4 39.39291
309.4701 886.9468 4 39.42627
308.981 885.1414 4 39.45962
308.9151 885.9358 4 39.49298
309.2816 886.9667 4 39.52633
309.5742 888.5305 4 39.55969
307.9316 888.3869 4 39.59304
309.6503 888.7433 4 39.6264
309.6033 888.5419 4 39.65976
309.1249 889.3138 4 39.69311
307.9705 889.6319 4 39.72647
308.5319 889.6574 4 39.75982
308.0115 890.0856 4 39.79318
309.6956 888.6915 4 39.82653
309.78 887.3518 4 39.85989
309.0933 888.1539 4 39.89324
309.2362 889.2339 4 39.9266
310.1447 889.4423 4 39.95996
311.1035 888.9156 4 39.99331
311.085 888.5664 4 40.02667
310.4067 888.3986 4 40.06002
312.5175 889.8193 4 40.09338
312.1856 890.3492 4 40.12673
312.7477 892.2227 4 40.16009
313.1628 890.3998 4 40.19344
314.9134 889.4144 4 40.2268
312.6384 887.9886 4 40.26016
313.3925 888.9253 4 40.29351
313.5386 889.3332 4 40.32687
314.1979 889.572 4 40.36022
314.4821 890.8315 4 40.39358
314.3284 890.3584 4 40.42693
313.7525 891.5277 4 40.46029
313.5101 892.3817 4 40.49364
313.8337 892.8983 4 40.527
312.9393 891.3923 4 40.56036
312.3212 890.2177 4 40.59371
310.8358 891.9104 4 40.62707
309.9909 893.0864 4 40.66042
311.6041 890.0483 4 40.69378
310.4531 889.9607 4 40.72713
312.668 890.938 4 40.76049
310.1013 890.3353 4 40.79384
310.6797 888.9895 4 40.8272
311.7126 886.9568 4 40.86056
311.4446 888.3776 4 40.89391
310.818 889.7576 4 40.92727
311.1693 891.2064 4 40.96062
310.0381 890.0734 4 40.99398
311.4604 889.1038 4 41.02733
310.2254 888.4529 4 41.06069
310.5042 889.1512 4 41.09404
310.9826 889.432 4 41.1274
311.7913 890.6727 4 41.16076
310.2254 891.8114 4 41.19411
310.5863 892.4088 4 41.22747
311.0534 891.7751 4 41.26082
313.3801 891.7007 4 41.29418
313.1851 891.4129 4 41.32753
314.4177 890.655 4 41.36089
314.0378 889.3179 4 41.39424
313.6066 890.2392 4 41.4276
313.4554 890.3801 4 41.46096
314.6953 891.4614 4 41.49431
312.1903 889.1159 4 41.52767
311.8025 890.1511 4 41.56102
310.4755 889.2066 4 41.59438
310.5971 889.2935 4 41.62773
310.2707 888.973 4 41.66109
311.0795 890.6148 4 41.69444
311.7183 891.195 4 41.7278
311.5665 891.4335 4 41.76116
311.9885 890.7093 4 41.79451
311.6476 890.5234 4 41.82787
311.967 890.0415 4 41.86122
310.3345 890.1608 4 41.89458
310.4806 889.8431 4 41.92793
310.5651 888.5346 4 41.96129
309.629 888.6222 4 41.99464
309.7487 888.7931 4 42.028
309.1979 888.7779 4 42.06136
308.6082 888.6007 4 42.09471
308.9426 890.0248 4 42.12807
308.154 889.3222 4 42.16142
307.779 890.4237 4 42.19478
307.4792 891.5634 4 42.22813
308.389 888.8928 4 42.26149
308.1833 888.6407 4 42.29484
308.7555 889.1622 4 42.3282
307.3523 887.5752 4 42.36156
306.0038 888.5112 4 42.39491
306.9472 887.9372 4 42.42827
307.9623 887.1998 4 42.46162
307.5637 888.0713 4 42.49498
308.1996 888.1902 4 42.52833
306.8586 887.5161 4 42.56169
307.6395 887.9409 4 42.59504
308.0325 887.0284 4 42.6284
307.7819 887.6875 4 42.66176
306.3128 888.1242 4 42.69511
307.546 887.8642 4 42.72847
307.0723 888.3994 4 42.76182
307.1038 888.999 4 42.79518
307.0471 888.2669 4 42.82853
306.2915 889.037 4 42.86189
307.4989 889.0108 4 42.89524
308.6523 889.0133 4 42.9286
309.0206 889.0723 4 42.96196
307.6575 888.546 4 42.99531
306.6432 888.2693 4 43.02867
305.125 887.96 4 43.06202
303.3932 888.3641 4 43.09538
303.7207 886.6917 4 43.12873
304.1855 887.8051 4 43.16209
305.6211 886.9077 4 43.19544
304.5915 886.6427 4 43.2288
303.1253 886.5373 4 43.26216
302.246 886.6455 4 43.29551
302.0648 887.8608 4 43.32887
301.0636 888.0589 4 43.36222
302.7463 888.3183 4 43.39558
302.5125 887.6832 4 43.42893
301.8989 886.8142 4 43.46229
302.8363 887.2851 4 43.49564
301.0437 886.5927 4 43.529
302.193 886.9335 4 43.56236
301.4935 885.5574 4 43.59571
299.8159 885.6552 4 43.62907
301.2959 884.4688 4 43.66242
299.779 884.0335 4 43.69578
301.8355 887.3164 4 43.72913
301.1296 887.1151 4 43.76249
301.0485 885.6132 4 43.79584
301.6249 885.7467 4 43.8292
302.6525 884.5165 4 43.86256
300.8018 884.7377 4 43.89591
302.9419 885.4381 4 43.92927
301.4393 881.8131 4 43.96262
302.8448 882.2914 4 43.99598
302.9343 882.8675 4 44.02933
302.6994 884.124 4 44.06269
300.0032 884.2132 4 44.09604
300.8493 884.8547 4 44.1294
301.4941 884.4459 4 44.16276
301.9521 884.6156 4 44.19611
301.9697 884.4839 4 44.22947
301.5009 884.3527 4 44.26282
302.2301 884.7111 4 44.29618
301.8717 884.4679 4 44.32953
301.642 884.5047 4 44.36289
302.7768 885.6681 4 44.39624
302.6131 884.9709 4 44.4296
304.1907 884.9027 4 44.46296
304.4002 886.7016 4 44.49631
304.7008 888.6816 4 44.52967
306.9042 888.1686 4 44.56302
307.9577 887.3051 4 44.59638
308.1112 887.4206 4 44.62973
308.6233 888.9902 4 44.66309
309.1023 888.9773 4 44.69644
310.0255 887.0968 4 44.7298
310.3958 887.0608 4 44.76316
313.0533 887.6557 4 44.79651
312.2952 886.4349 4 44.82987
311.9677 887.0434 4 44.86322
311.5993 888.6897 4 44.89658
310.2869 888.903 4 44.92993
309.8574 890.3539 4 44.96329
310.4464 890.2531 4 44.99664
310.3406 889.979 4 45.03
312.0685 891.4017 4 45.06336
310.3596 890.4752 4 45.09671
311.0345 889.959 4 45.13007
312.3986 889.9635 4 45.16342
312.5113 891.0995 4 45.19678
311.4843 890.1747 4 45.23013
312.6762 889.3264 4 45.26349
311.1861 888.376 4 45.29684
311.591 888.3068 4 45.3302
310.9426 889.1512 4 45.36356
312.3121 889.8871 4 45.39691
310.5114 888.2982 4 45.43027
309.1721 889.1238 4 45.46362
310.5861 890.3376 4 45.49698
310.2475 888.4145 4 45.53033
309.2586 888.9926 4 45.56369
312.6269 889.1754 4 45.59704
312.9039 887.4463 4 45.6304
310.9471 888.3789 4 45.66376
312.3876 889.853 4 45.69711
312.3499 890.2204 4 45.73047
312.2857 890.4485 4 45.76382
311.765 890.0461 4 45.79718
313.7862 890.5203 4 45.83053
313.662 890.9134 4 45.86389
314.9046 889.6838 4 45.89724
317.0122 890.7368 4 45.9306
316.1948 891.7757 4 45.96396
316.2497 890.0481 4 45.99731
316.5771 889.6434 4 46.03067
316.1837 890.8378 4 46.06402
316.297 891.4182 4 46.09738
316.7344 891.292 4 46.13073
316.3185 891.8161 4 46.16409
316.2128 891.5044 4 46.19744
316.4578 890.9846 4 46.2308
316.4896 891.0362 4 46.26416
317.6014 890.4351 4 46.29751
318.9728 890.8463 4 46.33087
320.2763 892.472 4 46.36422
324.2689 892.8482 4 46.39758
325.555 894.8476 4 46.43093
327.2613 896.185 4 46.46429
327.6697 897.0873 4 46.49764
327.8245 898.4212 4 46.531
329.1398 896.368 4 46.56436
331.8841 895.8565 4 46.59771
330.8665 896.3109 4 46.63107
330.818 897.9458 4 46.66442
331.6287 898.2162 4 46.69778
331.3603 898.4076 4 46.73113
330.0129 898.9357 4 46.76449
329.597 899.147 4 46.79784
328.9173 899.1987 4 46.8312
327.1232 899.1968 4 46.86456
326.2608 898.5819 4 46.89791
324.2821 897.0276 4 46.93127
323.789 895.891 4 46.96462
322.7758 893.8228 4 46.99798
322.484 892.3323 4 47.03133
323.0462 894.0211 4 47.06469
322.6924 892.6721 4 47.09804
325.8371 894.0227 4 47.1314
323.8221 893.0127 4 47.16476
323.4483 894.1367 4 47.19811
323.5168 894.5383 4 47.23147
322.291 895.7421 4 47.26482
322.0621 895.7634 4 47.29818
322.4021 895.079 4 47.33153
323.0853 896.0957 4 47.36489
323.3805 896.7672 4 47.39824
323.5924 898.0681 4 47.4316
325.2057 894.0134 4 47.46496
326.0311 892.5356 4 47.49831
325.7207 892.0019 4 47.53167
327.0163 890.7174 4 47.56502
328.298 889.4927 4 47.59838
327.9475 886.6329 4 47.63173
330.4479 885.864 4 47.66509
330.9941 885.0896 4 47.69844
331.1749 885.5283 4 47.7318
332.4721 887.4162 4 47.76516
335.9641 887.0818 4 47.79851
336.2913 884.3314 4 47.83187
336.6254 883.4567 4 47.86522
339.8174 884.773 4 47.89858
341.8224 886.5959 4 47.93193
343.7771 889.6407 4 47.96529
345.5252 890.1064 4 47.99864
347.0302 887.0983 4 48.032
346.3711 885.7808 4 48.06536
348.2475 886.2361 4 48.09871
349.9783 886.6966 4 48.13207
349.1331 883.9436 4 48.16542
349.5321 883.3648 4 48.19878
348.7955 885.2906 4 48.23213
347.5052 884.5358 4 48.26549
348.0724 882.8439 4 48.29884
350.6234 879.9388 4 48.3322
352.7953 875.0503 4 48.36556
351.2683 871.6632 4 48.39891
349.3854 869.4778 4 48.43227
347.6542 866.6916 4 48.46562
346.3818 863.2007 4 48.49898
345.8281 862.8798 4 48.53233
346.8494 864.2025 4 48.56569
349.8428 865.9304 4 48.59904
349.6452 867.6152 4 48.6324
351.9554 867.9834 4 48.66576
353.8647 867.6751 4 48.69911
353.816 869.417 4 48.73247
354.6888 872.4308 4 48.76582
357.2643 872.2268 4 48.79918
359.0539 872.0006 4 48.83253
357.5759 871.8904 4 48.86589
357.0593 870.425 4 48.89924
356.1339 869.944 4 48.9326
355.7329 871.3307 4 48.96596
356.6888 871.4043 4 48.99931
358.2149 870.97 4 49.03267
357.4661 872.7571 4 49.06602
357.131 874.3189 4 49.09938
358.831 870.5797 4 49.13273
359.3442 869.5998 4 49.16609
359.0505 870.9692 4 49.19944
357.8275 871.6318 4 49.2328
357.7784 871.4279 4 49.26616
356.5883 871.1618 4 49.29951
355.7423 869.899 4 49.33287
354.1322 870.6279 4 49.36622
354.2618 870.746 4 49.39958
355.0844 871.2961 4 49.43293
353.514 869.2348 4 49.46629
353.4921 869.6359 4 49.49964
355.6319 870.4049 4 49.533
357.6229 871.4548 4 49.56636
356.001 872.0903 4 49.59971
354.5503 873.1248 4 49.63307
353.4725 872.7378 4 49.66642
353.5109 872.2665 4 49.69978
352.6287 868.7539 4 49.73313
352.3879 868.6942 4 49.76649
351.1594 868.9889 4 49.79984
350.9256 870.4693 4 49.8332
352.0215 871.7333 4 49.86656
352.841 874.4855 4 49.89991
353.5879 873.2868 4 49.93327
354.2195 871.5997 4 49.96662
353.1111 872.0417 4 49.99998
355.3515 870.5113 4 50.03333
357.9465 868.8318 4 50.06669
359.7575 863.1615 4 50.10004
360.1082 861.2475 4 50.1334
360.7345 861.2449 4 50.16676
360.0206 859.642 4 50.20011
361.2901 859.1213 4 50.23347
361.2166 858.4746 4 50.26682
362.048 858.8239 4 50.30018
364.1771 860.148 4 50.33353
366.3743 862.1092 4 50.36689
368.2697 865.1931 4 50.40024
369.7301 869.2149 4 50.4336
371.4628 870.6493 4 50.46696
373.1963 869.7598 4 50.50031
374.1221 869.2129 4 50.53367
373.882 869.7554 4 50.56702
374.8842 872.482 4 50.60038
372.9083 875.8909 4 50.63373
369.8305 879.4637 4 50.66709
369.4095 881.0683 4 50.70044
369.4607 883.3171 4 50.7338
374.0207 880.7339 4 50.76716
378.8699 878.4433 4 50.80051
381.0931 875.0032 4 50.83387
380.8522 873.6162 4 50.86722
380.3856 869.1643 4 50.90058
378.3836 866.1706 4 50.93393
375.4752 866.5126 4 50.96729
374.1581 868.0151 4 51.00064
373.9024 870.515 4 51.034
375.2072 874.9533 4 51.06736
374.9809 878.7922 4 51.10071
375.0549 880.274 4 51.13407
374.9296 880.2712 4 51.16742
375.5065 878.5497 4 51.20078
377.6902 876.013 4 51.23413
377.1776 873.3227 4 51.26749
377.817 870.3661 4 51.30084
375.462 869.5543 4 51.3342
378.3121 870.3214 4 51.36756
383.0496 870.974 4 51.40091
384.4169 870.7146 4 51.43427
383.6096 871.408 4 51.46762
382.0494 871.6707 4 51.50098
381.491 872.4844 4 51.53433
381.4271 873.1606 4 51.56769
379.936 874.803 4 51.60104
378.0185 876.5439 4 51.6344
376.2155 879.0443 4 51.66776
376.4883 879.0369 4 51.70111
378.4346 878.0871 4 51.73447
378.7833 877.3905 4 51.76782
378.962 875.1068 4 51.80118
377.8974 873.6481 4 51.83453
376.9581 875.7812 4 51.86789
374.7739 878.3558 4 51.90124
374.2871 878.9458 4 51.9346
375.0201 879.6893 4 51.96796
374.4247 881.387 4 52.00131
372.0559 880.6753 4 52.03467
371.4379 880.8773 4 52.06802
371.6518 879.555 4 52.10138
371.1779 879.2359 4 52.13473
373.0734 879.6873 4 52.16809
373.6132 877.7357 4 52.20144
374.085 876.8202 4 52.2348
372.7432 874.2444 4 52.26816
372.1421 873.4132 4 52.30151
371.2008 873.4368 4 52.33487
370.2703 874.9776 4 52.36822
372.1093 875.292 4 52.40158
372.9724 874.6426 4 52.43493
373.0805 873.2192 4 52.46829
375.279 874.2312 4 52.50164
376.0444 874.0263 4 52.535
377.3363 875.5505 4 52.56836
378.3268 874.5519 4 52.60171
376.9052 875.3556 4 52.63507
375.1615 876.2725 4 52.66842
374.2834 876.7922 4 52.70178
375.7851 876.1417 4 52.73513
378.3916 872.8052 4 52.76849
378.5149 872.3569 4 52.80184
377.2191 874.0133 4 52.8352
376.4767 876.366 4 52.86856
376.5639 874.5917 4 52.90191
378.2796 875.2858 4 52.93527
376.3922 875.8554 4 52.96862
374.1157 875.6648 4 53.00198
376.9813 872.8763 4 53.03533
378.8035 871.5645 4 53.06869
378.2415 870.6662 4 53.10204
376.219 870.854 4 53.1354
375.2513 870.5754 4 53.16876
374.3349 870.339 4 53.20211
374.7487 872.0621 4 53.23547
373.3325 872.9931 4 53.26882
370.8435 872.8335 4 53.30218
371.7787 872.9002 4 53.33553
373.4233 872.6291 4 53.36889
376.7479 873.3873 4 53.40224
378.7973 874.5971 4 53.4356
379.5857 876.5154 4 53.46896
380.7796 875.9545 4 53.50231
378.4861 876.9328 4 53.53567
377.5077 877.8355 4 53.56902
378.3868 875.5761 4 53.60238
379.9243 874.7052 4 53.63573
378.7732 873.9239 4 53.66909
377.643 874.3086 4 53.70244
377.4967 874.4294 4 53.7358
377.221 875.1801 4 53.76916
377.346 877.2513 4 53.80251
378.3649 877.87 4 53.83587
381.7381 876.1559 4 53.86922
382.7945 875.6327 4 53.90258
383.6204 876.0828 4 53.93593
382.1579 875.9813 4 53.96929
379.2422 876.8585 4 54.00264
378.0687 878.6522 4 54.036
378.7925 879.2983 4 54.06936
380.852 877.5749 4 54.10271
380.6364 875.7092 4 54.13607
380.4242 875.2401 4 54.16942
380.992 873.1582 4 54.20278
380.0831 871.1428 4 54.23613
378.803 871.6787 4 54.26949
379.8089 873.3707 4 54.30284
381.1717 874.5391 4 54.3362
383.8101 876.8861 4 54.36956
385.06 878.9584 4 54.40291
387.0225 876.8676 4 54.43627
386.9533 876.5128 4 54.46962
385.29 878.1318 4 54.50298
386.5651 877.3418 4 54.53633
386.5015 878.0273 4 54.56969
387.6128 879.3979 4 54.60304
390.7018 879.6764 4 54.6364
392.6366 880.9052 4 54.66976
393.2405 882.5407 4 54.70311
393.1074 881.9031 4 54.73647
393.4159 881.527 4 54.76982
392.3778 880.9649 4 54.80318
392.5451 879.8528 4 54.83653
393.3604 881.1763 4 54.86989
394.2828 878.2783 4 54.90324
393.5 875.8061 4 54.9366
394.0709 876.326 4 54.96996
393.7241 877.5602 4 55.00331
394.1783 877.9337 4 55.03667
393.7226 877.5552 4 55.07002
393.7532 879.8048 4 55.10338
394.6732 880.6844 4 55.13673
395.396 882.3406 4 55.17009
397.5301 882.9807 4 55.20344
398.4507 883.4197 4 55.2368
398.2456 883.1573 4 55.27016
398.8065 881.9861 4 55.30351
397.5643 881.9128 4 55.33687
396.4088 881.2956 4 55.37022
396.8174 883.1221 4 55.40358
397.0837 883.5529 4 55.43693
397.5906 881.9207 4 55.47029
397.3886 881.5063 4 55.50364
396.1645 881.9843 4 55.537
396.0043 883.3061 4 55.57036
397.5498 881.0625 4 55.60371
398.5622 881.1876 4 55.63707
398.9293 881.374 4 55.67042
397.2443 882.5152 4 55.70378
395.7649 882.6018 4 55.73713
394.7037 883.943 4 55.77049
396.3922 883.9655 4 55.80384
399.8821 883.6055 4 55.8372
398.9202 882.6098 4 55.87056
395.7618 884.3227 4 55.90391
391.9937 882.264 4 55.93727
390.7305 880.9589 4 55.97062
389.8416 879.1006 4 56.00398
388.1673 878.6553 4 56.03733
387.8425 878.6587 4 56.07069
389.3613 878.4309 4 56.10404
388.8888 879.4175 4 56.1374
389.0284 880.2961 4 56.17076
390.1604 878.0915 4 56.20411
392.074 876.1027 4 56.23747
392.778 875.7042 4 56.27082
394.6584 877.2607 4 56.30418
394.5281 879.9766 4 56.33753
394.7936 881.8598 4 56.37089
395.1517 881.9613 4 56.40424
394.5095 882.7896 4 56.4376
395.4332 883.7381 4 56.47096
393.3949 883.8056 4 56.50431
394.6951 882.847 4 56.53767
393.0098 882.3102 4 56.57102
392.7406 884.2906 4 56.60438
391.9694 882.9542 4 56.63773
392.9032 882.2611 4 56.67109
393.7762 881.5112 4 56.70444
394.4986 878.4218 4 56.7378
396.1679 877.9667 4 56.77116
396.2175 877.7527 4 56.80451
399.5074 878.0377 4 56.83787
402.2679 878.6315 4 56.87122
404.0242 879.7568 4 56.90458
405.1296 879.8464 4 56.93793
403.1704 878.8851 4 56.97129
402.3621 879.2518 4 57.00464
403.1957 879.5496 4 57.038
404.7577 878.7418 4 57.07136
403.3607 878.1548 4 57.10471
402.6977 878.7503 4 57.13807
401.2533 879.9348 4 57.17142
400.9756 879.2651 4 57.20478
400.9287 880.1051 4 57.23813
401.0543 881.0985 4 57.27149
401.2641 882.1802 4 57.30484
401.0099 883.1122 4 57.3382
401.8638 882.7931 4 57.37156
401.6985 884.4267 4 57.40491
401.978 884.2283 4 57.43827
400.6297 884.3611 4 57.47162
399.5572 883.9123 4 57.50498
400.5093 885.0285 4 57.53833
400.8663 884.5994 4 57.57169
400.5847 885.0731 4 57.60504
400.3214 885.1181 4 57.6384
402.2349 884.2909 4 57.67176
403.8202 884.6161 4 57.70511
405.5595 884.5307 4 57.73847
407.0038 883.7761 4 57.77182
406.4293 884.1528 4 57.80518
406.3149 883.2678 4 57.83853
406.6224 883.8205 4 57.87189
404.6276 885.4826 4 57.90524
404.1622 885.1732 4 57.9386
404.324 884.8231 4 57.97196
405.0342 885.2548 4 58.00531
404.5533 886.3181 4 58.03867
403.3929 886.9679 4 58.07202
403.3342 886.3008 4 58.10538
402.8888 885.9273 4 58.13873
400.5073 886.5658 4 58.17209
397.7002 886.4515 4 58.20544
396.3446 884.4168 4 58.2388
394.537 883.3984 4 58.27216
394.9794 881.4138 4 58.30551
393.5873 879.4868 4 58.33887
393.8633 881.1657 4 58.37222
392.793 881.7914 4 58.40558
392.341 881.7817 4 58.43893
391.785 882.2154 4 58.47229
390.621 883.0788 4 58.50564
390.3968 881.6166 4 58.539
391.2959 879.1141 4 58.57236
389.6097 876.6929 4 58.60571
387.1989 876.6094 4 58.63907
384.5528 876.882 4 58.67242
385.3122 876.3191 4 58.70578
385.0019 874.3785 4 58.73913
384.2466 874.2126 4 58.77249
382.057 875.4845 4 58.80584
380.9344 874.539 4 58.8392
379.6737 874.0694 4 58.87256
380.3882 873.8219 4 58.90591
380.9321 874.7101 4 58.93927
378.6257 875.6554 4 58.97262
377.3154 875.206 4 59.00598
376.6923 872.6492 4 59.03933
375.4343 871.6654 4 59.07269
373.083 871.7772 4 59.10604
374.293 870.5318 4 59.1394
373.3333 871.5989 4 59.17276
371.1093 872.8806 4 59.20611
371.5382 872.1917 4 59.23947
371.3901 872.1513 4 59.27282
371.3658 873.0314 4 59.30618
371.3342 872.8984 4 59.33953
372.307 871.0129 4 59.37289
374.834 871.0583 4 59.40624
373.1982 871.7496 4 59.4396
372.0336 872.759 4 59.47296
372.8997 872.5679 4 59.50631
373.5032 874.2395 4 59.53967
372.7133 874.2263 4 59.57302
371.4788 874.6443 4 59.60638
371.472 874.2614 4 59.63973
371.4413 873.5133 4 59.67309
371.2951 873.0541 4 59.70644
370.2844 872.6131 4 59.7398
370.6251 871.4194 4 59.77316
370.3639 870.8169 4 59.80651
369.565 869.8413 4 59.83987
368.4684 869.0763 4 59.87322
364.5828 868.3269 4 59.90658
362.8127 867.5757 4 59.93993
360.2953 863.0129 4 59.97329
358.5605 860.4018 4 60.00664
357.2343 855.7524 4 60.04
355.9138 853.1903 4 60.07336
355.6558 851.2477 4 60.10671
354.8637 850.341 4 60.14007
354.7813 849.7818 4 60.17342
356.7814 850.2649 4 60.20678
356.8089 850.8644 4 60.24013
357.3489 852.303 4 60.27349
357.3829 853.0169 4 60.30684
358.5567 853.6126 4 60.3402
357.7329 852.2345 4 60.37356
353.4867 849.6352 4 60.40691
350.6884 845.0662 4 60.44027
349.107 842.1789 4 60.47362
350.086 840.8453 4 60.50698
347.935 839.9286 4 60.54033
347.5143 837.7711 4 60.57369
346.6496 837.3805 4 60.60704
346.6976 837.2622 4 60.6404
346.1925 836.656 4 60.67376
348.3291 837.0627 4 60.70711
350.1983 837.89 4 60.74047
352.2797 839.0089 4 60.77382
353.0944 840.5806 4 60.80718
355.2916 840.643 4 60.84053
358.744 841.0832 4 60.87389
363.6989 842.7595 4 60.90724
367.2626 844.8488 4 60.9406
371.1911 847.2513 4 60.97396
374.2338 850.0613 4 61.00731
376.0329 852.9942 4 61.04067
377.9771 856.8492 4 61.07402
379.4605 861.4436 4 61.10738
382.9596 865.5627 4 61.14073
386.1181 870.2287 4 61.17409
389.4717 875.8365 4 61.20744
393.6987 881.3143 4 61.2408
400.8458 885.2422 4 61.27416
407.1454 889.3985 4 61.30751
412.7884 894.1371 4 61.34087
419.0242 898.5813 4 61.37422
424.7888 903.2573 4 61.40758
430.3642 908.5045 4 61.44093
436.2044 914.3023 4 61.47429
441.7155 919.6314 4 61.50764
447.0857 925.6945 4 61.541
451.815 928.9404 4 61.57436
454.8123 929.683 4 61.60771
454.7829 932.0936 4 61.64107
455.9221 934.2432 4 61.67442
452.6081 935.087 4 61.70778
454.8466 935.1968 4 61.74113
458.1468 936.182 4 61.77449
459.8334 936.1461 4 61.80784
463.2336 935.431 4 61.8412
467.122 936.5181 4 61.87456
471.6862 937.497 4 61.90791
477.682 939.5684 4 61.94127
484.9792 941.8684 4 61.97462
492.4118 939.7753 4 62.00798
498.8748 938.4672 4 62.04133
504.9197 937.7376 4 62.07469
511.3397 937.295 4 62.10804
518.9397 936.305 4 62.1414
526.6888 934.8473 4 62.17476
533.814 933.7235 4 62.20811
541.4489 932.3126 4 62.24147
549.1736 931.4722 4 62.27482
557.1002 930.2543 4 62.30818
564.3214 928.7149 4 62.34153
571.7617 927.1373 4 62.37489
579.1468 925.9099 4 62.40824
586.5144 924.4328 4 62.4416
593.9298 923.2728 4 62.47496
601.3562 922.5933 4 62.50831
609.536 921.7642 4 62.54167
617.601 920.7998 4 62.57502
624.6365 919.573 4 62.60838
629.5889 917.9195 4 62.64173
633.2703 913.7823 4 62.67509
637.8954 909.6373 4 62.70844
642.3882 905.2646 4 62.7418
646.909 900.6728 4 62.77516
651.278 895.5972 4 62.80851
655.6935 889.4561 4 62.84187
660.1151 883.1995 4 62.87522
664.7187 877.6467 4 62.90858
669.295 872.2856 4 62.94193
674.2354 867.234 4 62.97529
679.7618 861.481 4 63.00864
685.7463 856.3228 4 63.042
691.8555 850.9165 4 63.07536
697.0644 845.9995 4 63.10871
702.1798 840.7451 4 63.14207
707.036 835.6866 4 63.17542
712.4896 830.023 4 63.20878
718.4546 823.6143 4 63.24213
723.9572 817.8023 4 63.27549
728.5979 812.4929 4 63.30884
733.6694 806.6586 4 63.3422
738.3961 800.9766 4 63.37556
742.8068 795.2076 4 63.40891
747.2208 789.6916 4 63.44227
751.2855 784.0652 4 63.47562
755.0684 777.3904 4 63.50898
758.473 771.047 4 63.54233
762.4479 764.6591 4 63.57569
766.0954 758.4849 4 63.60904
769.5161 752.593 4 63.6424
773.2956 746.8145 4 63.67576
777.5463 740.6837 4 63.70911
781.5852 734.5654 4 63.74247
785.3961 727.6229 4 63.77582
788.8035 720.5763 4 63.80918
792.5119 714.2362 4 63.84253
796.0135 707.7815 4 63.87589
799.6253 700.2289 4 63.90924
803.4779 693.8472 4 63.9426
807.2371 687.484 4 63.97596
811.0838 680.9151 4 64.00931
815.4133 675.2122 4 64.04267
820.3401 668.8999 4 64.07602
825.1174 662.7818 4 64.10938
830.4014 656.5603 4 64.14273
835.2036 649.8371 4 64.17609
840.2223 643.9659 4 64.20944
845.5931 638.69 4 64.2428
851.4074 633.8691 4 64.27616
857.3056 628.7505 4 64.30951
863.4263 623.3708 4 64.34287
869.0809 618.3032 4 64.37622
874.6764 613.441 4 64.40958
880.876 608.4726 4 64.44293
887.1987 603.5068 4 64.47629
893.6023 597.5262 4 64.50964
899.2774 592.8918 4 64.543
905.5298 588.3003 4 64.57636
909.6972 584.9745 4 64.60971
908.4409 581.9353 4 64.64307
908.1934 578.8673 4 64.67642
909.812 574.1333 4 64.70978
909.764 566.0216 4 64.74313
911.1456 556.9519 4 64.77649
911.597 549.6506 4 64.80984
911.7759 542.7304 4 64.8432
911.3895 534.9776 4 64.87656
910.305 527.2174 4 64.90991
909.221 519.7824 4 64.94327
908.2571 512.7296 4 64.97662
907.4702 505.2202 4 65.00998
906.3575 497.2064 4 65.04333
905.5251 489.3012 4 65.07669
905.4259 481.9558 4 65.11004
905.7808 474.6866 4 65.1434
905.6782 466.8096 4 65.17676
905.953 459.1926 4 65.21011
906.9339 451.3694 4 65.24347
906.8613 444.0196 4 65.27682
907.8115 435.8896 4 65.31018
908.5386 428.6482 4 65.34353
909.5612 421.8315 4 65.37689
911.0305 415.2007 4 65.41024
913.0308 408.668 4 65.4436
914.6201 402.4442 4 65.47696
915.9382 395.5058 4 65.51031
916.798 388.1244 4 65.54367
917.6074 381.2679 4 65.57702
918.2298 374.1824 4 65.61038
917.3498 368.7099 4 65.64373
915.182 363.5304 4 65.67709
913.0027 357.2409 4 65.71044
910.6184 351.143 4 65.7438
907.6799 345.1412 4 65.77716
904.4707 338.9064 4 65.81051
900.4979 331.8196 4 65.84387
896.1824 325.14 4 65.87722
892.9271 318.6905 4 65.91058
889.2942 311.9054 4 65.94393
886.1924 305.2949 4 65.97729
882.5963 298.2428 4 66.01064
879.619 291.7916 4 66.044
875.988 284.6394 4 66.07736
872.3092 278.1276 4 66.11071
868.6284 272.2318 4 66.14407
864.8299 266.2772 4 66.17742
860.788 260.2804 4 66.21078
856.81 254.5554 4 66.24413
852.302 248.3754 4 66.27749
846.9632 241.4954 4 66.31084
842.1621 235.0839 4 66.3442
837.6982 229.1565 4 66.37756
833.6721 223.0932 4 66.41091
829.724 217.2312 4 66.44427
825.7107 210.7317 4 66.47762
821.4662 204.2274 4 66.51098
817.9498 198.8889 4 66.54433
814.1081 192.6193 4 66.57769
810.525 186.7914 4 66.61104
806.7414 180.8664 4 66.6444
802.4395 175.2138 4 66.67776
797.9282 168.8881 4 66.71111
793.0844 162.5926 4 66.74447
788.8007 156.4692 4 66.77782
784.6383 151.2596 4 66.81118
780.9397 146.0673 4 66.84453
776.1255 140.68 4 66.87789
771.2955 134.4906 4 66.91124
766.1834 128.069 4 66.9446
760.8301 124.4026 4 66.97796
755.3554 121.9273 4 67.01131
750.0326 117.882 4 67.04467
743.7951 113.9581 4 67.07802
737.4861 110.2147 4 67.11138
731.41 107.3435 4 67.14473
725.3977 103.7939 4 67.17809
719.1851 100.3285 4 67.21144
712.8003 96.23239 4 67.2448
706.9516 92.61844 4 67.27816
701.8052 88.70317 4 67.31151
696.2856 85.10167 4 67.34487
690.555 81.57936 4 67.37822
685.0203 78.01359 4 67.41158
679.8675 74.71699 4 67.44493
673.8652 71.84237 4 67.47829
667.6702 69.09753 4 67.51164
660.9534 65.88532 4 67.545
654.8762 62.76475 4 67.57836
648.7313 59.31028 4 67.61171
642.296 56.12014 4 67.64507
636.0376 53.24207 4 67.67842
630.2679 51.0912 4 67.71178
624.3603 50.20982 4 67.74513
617.3392 48.5319 4 67.77849
610.5837 46.771 4 67.81184
604.0778 44.64987 4 67.8452
597.4914 41.55449 4 67.87856
591.1856 39.5472 4 67.91191
584.6313 40.17312 4 67.94527
578.6137 39.98635 4 67.97862
572.4926 39.66634 4 68.01198
566.0743 39.65532 4 68.04533
558.5789 39.46616 4 68.07869
550.7541 39.43711 4 68.11204
543.2343 39.47708 4 68.1454
536.0468 39.44341 4 68.17876
529.0729 39.07637 4 68.21211
521.9887 37.60916 4 68.24547
513.9928 36.82796 4 68.27882
505.5998 36.18092 4 68.31218
497.6244 35.84841 4 68.34553
490.773 34.09469 4 68.37889
483.2283 32.25706 4 68.41224
477.0513 31.29612 4 68.4456
471.6814 32.31102 4 68.47896
466.2134 32.26255 4 68.51231
462.3407 31.70704 4 68.54567
458.9157 31.35815 4 68.57902
454.6755 32.44491 4 68.61238
451.4451 30.88258 4 68.64573
447.4987 29.92292 4 68.67909
442.376 31.46913 4 68.71244
435.7045 32.78273 4 68.7458
428.9824 33.54019 4 68.77916
422.1198 34.58867 4 68.81251
415.0517 36.93421 4 68.84587
407.6678 39.08738 4 68.87922
400.8857 41.34789 4 68.91258
393.6962 43.10913 4 68.94593
386.338 44.67655 4 68.97929
378.9702 45.80779 4 69.01264
370.8436 46.85402 4 69.046
363.6174 47.96272 4 69.07936
357.3361 48.79344 4 69.11271
353.0699 52.79732 4 69.14607
347.8243 56.14902 4 69.17942
341.5103 60.34653 4 69.21278
334.9793 65.52644 4 69.24613
328.3482 70.29056 4 69.27949
322.9904 74.80922 4 69.31284
317.1696 79.60329 4 69.3462
311.6395 84.39005 4 69.37956
306.3892 89.19841 4 69.41291
301.511 93.71958 4 69.44627
296.0921 98.45334 4 69.47962
291.0263 102.8283 4 69.51298
285.6 107.4878 4 69.54633
279.9031 113.0929 4 69.57969
274.4946 118.1335 4 69.61304
269.0845 122.7309 4 69.6464
264.145 126.6175 4 69.67976
258.7028 131.2195 4 69.71311
253.1814 136.2642 4 69.74647
247.1921 141.7482 4 69.77982
241.5087 146.1959 4 69.81318
235.2374 150.3412 4 69.84653
228.7008 155.0304 4 69.87989
222.3246 159.4973 4 69.91324
215.681 163.3034 4 69.9466
209.1883 167.5009 4 69.97996
203.22 170.9218 4 70.01331
196.196 174.4149 4 70.04667
189.6112 177.8957 4 70.08002
182.0817 181.1652 4 70.11338
175.3832 183.7167 4 70.14673
168.0406 187.0457 4 70.18009
161.7811 189.2667 4 70.21344
155.1513 191.7054 4 70.2468
149.264 193.6908 4 70.28016
145.7649 196.2258 4 70.31351
144.3275 199.8509 4 70.34687
140.814 204.9512 4 70.38022
137.0604 210.5653 4 70.41358
133.1838 216.6892 4 70.44693
129.9325 223.2565 4 70.48029
126.7827 230.6959 4 70.51364
124.1059 237.1776 4 70.547
121.6771 243.9858 4 70.58036
118.9618 250.2324 4 70.61371
116.3897 257.0105 4 70.64707
113.3627 263.6189 4 70.68042
111.1504 269.8505 4 70.71378
108.8341 276.5895 4 70.74713
106.8533 284.0086 4 70.78049
104.7781 290.9782 4 70.81384
102.94 297.499 4 70.8472
101.1273 304.4072 4 70.88056
99.47147 311.7728 4 70.91391
97.95455 318.4814 4 70.94727
96.70687 325.8966 4 70.98062
96.17344 332.5592 4 71.01398
95.54708 339.2631 4 71.04733
94.95478 346.9656 4 71.08069
94.79088 353.6834 4 71.11404
95.35812 361.3965 4 71.1474
95.97275 369.0982 4 71.18076
96.24261 376.8215 4 71.21411
96.35236 384.1442 4 71.24747
96.10526 391.5805 4 71.28082
96.12155 398.7369 4 71.31418
96.41096 407.0444 4 71.34753
96.35135 414.0581 4 71.38089
96.37907 421.2995 4 71.41424
96.71272 428.003 4 71.4476
96.75235 434.7264 4 71.48096
97.03915 442.0331 4 71.51431
97.85225 448.7522 4 71.54767
98.4586 455.6366 4 71.58102
98.73409 463.1215 4 71.61438
99.184 471.0943 4 71.64773
99.68118 479.6919 4 71.68109
100.6841 487.3711 4 71.71444
101.4924 494.7544 4 71.7478
102.64 501.406 4 71.78116
104.5588 509.2283 4 71.81451
106.3782 517.2364 4 71.84787
108.2506 524.9076 4 71.88122
109.9094 531.8948 4 71.91458
111.6716 539.0612 4 71.94793
113.0865 545.5002 4 71.98129
114.725 552.1158 4 72.01464
116.9499 560.2225 4 72.048
119.2006 567.5535 4 72.08136
121.4228 574.7728 4 72.11471
123.9162 582.102 4 72.14807
126.1604 589.0856 4 72.18142
128.6302 595.8402 4 72.21478
131.6206 602.5819 4 72.24813
135.2696 609.6988 4 72.28149
139.4048 616.7221 4 72.31484
142.5892 623.92 4 72.3482
145.6757 631.4372 4 72.38156
148.6827 638.5358 4 72.41491
151.8699 644.6478 4 72.44827
154.9593 651.1607 4 72.48162
158.2408 657.7203 4 72.51498
160.7521 664.1013 4 72.54833
163.2585 670.6322 4 72.58169
165.764 677.0564 4 72.61504
168.7334 683.516 4 72.6484
172.5127 689.7905 4 72.68176
176.5955 696.1798 4 72.71511
180.0388 702.9889 4 72.74847
183.7447 708.8392 4 72.78182
187.5877 714.9205 4 72.81518
191.5006 721.08 4 72.84853
195.0911 727.1578 4 72.88189
198.7575 733.5191 4 72.91524
202.8739 740.2805 4 72.9486
206.8107 746.869 4 72.98196
211.0379 753.01 4 73.01531
215.7128 758.9903 4 73.04867
220.7145 764.7334 4 73.08202
221.8573 767.5208 4 73.11538
222.8381 769.6619 4 73.14873
224.502 769.7751 4 73.18209
222.9507 769.1133 4 73.21544
224.0773 768.2893 4 73.2488
225.4447 768.6886 4 73.28216
226.505 767.7314 4 73.31551
226.2207 766.9697 4 73.34887
226.99 765.9197 4 73.38222
227.0973 763.0694 4 73.41558
229.4984 761.1975 4 73.44893
235.1764 761.574 4 73.48229
243.0568 760.3525 4 73.51564
252.1043 759.9001 4 73.549
261.4769 758.5888 4 73.58236
270.521 755.5869 4 73.61571
278.5725 753.295 4 73.64907
285.8719 751.1664 4 73.68242
292.7619 749.3097 4 73.71578
300.1215 746.9447 4 73.74913
307.1216 744.4776 4 73.78249
313.622 741.7354 4 73.81584
320.3131 739.0315 4 73.8492
327.4094 735.6062 4 73.88256
334.5009 731.9516 4 73.91591
341.2618 729.2414 4 73.94927
348.3181 726.7163 4 73.98262
355.7884 722.9982 4 74.01598
362.5782 720.0801 4 74.04933
369.5625 717.285 4 74.08269
376.4033 714.4461 4 74.11604
383.8766 712.2161 4 74.1494
391.3528 709.4952 4 74.18276
398.3997 707.2107 4 74.21611
405.3533 704.9814 4 74.24947
411.6838 702.8859 4 74.28282
417.9566 700.5731 4 74.31618
424.8766 698.2548 4 74.34953
431.7638 695.093 4 74.38289
438.3764 691.8752 4 74.41624
444.8801 689.0615 4 74.4496
451.2391 686.3073 4 74.48296
458.268 683.2393 4 74.51631
465.6027 680.0609 4 74.54967
472.8116 677.2722 4 74.58302
479.0814 674.6176 4 74.61638
484.5487 673.4197 4 74.64973
490.5639 671.6544 4 74.68309
496.723 669.6097 4 74.71644
502.7374 667.6436 4 74.7498
509.2666 666.5825 4 74.78316
515.7979 666.0646 4 74.81651
522.8856 664.9549 4 74.84987
530.2885 664.2814 4 74.88322
537.1155 664.5599 4 74.91658
544.1675 664.7915 4 74.94993
551.1693 665.4859 4 74.98329
558.4046 665.8315 4 75.01664
565.504 666.5082 4 75.05
572.3608 666.9236 4 75.08336
579.0919 667.6391 4 75.11671
585.5878 668.755 4 75.15007
593.1252 669.8747 4 75.18342
600.9602 671.1311 4 75.21678
608.5022 672.6071 4 75.25013
615.6063 673.9066 4 75.28349
622.0931 675.4289 4 75.31684
628.7861 677.3137 4 75.3502
635.0181 679.1225 4 75.38356
642.4292 681.1289 4 75.41691
649.3216 683.6194 4 75.45027
655.8833 685.829 4 75.48362
662.4556 688.1576 4 75.51698
669.2836 690.1723 4 75.55033
676.0995 692.19 4 75.58369
683.5848 694.5075 4 75.61704
691.6963 696.8235 4 75.6504
698.9669 699.1575 4 75.68376
706.0871 701.6895 4 75.71711
712.8536 704.4123 4 75.75047
719.6424 708.2079 4 75.78382
725.7244 711.6787 4 75.81718
731.531 715.38 4 75.85053
737.4782 719.2839 4 75.88389
743.8563 723.5309 4 75.91724
749.6854 727.4836 4 75.9506
755.6915 731.456 4 75.98396
761.6202 735.6322 4 76.01731
767.4105 739.3022 4 76.05067
772.7651 743.2313 4 76.08402
778.0471 747.0673 4 76.11738
784.364 751.5556 4 76.15073
791.2584 755.6942 4 76.18409
797.5919 759.0436 4 76.21744
803.4899 762.0293 4 76.2508
809.2631 764.6703 4 76.28416
813.7427 766.4483 4 76.31751
814.2486 765.7056 4 76.35087
817.2615 767.7181 4 76.38422
821.9301 767.6013 4 76.41758
828.0861 766.2659 4 76.45093
840.4484 761.0242 4 76.48429
840.4484 761.0242 4 76.51764
846.315 757.3449 4 76.551
855.4896 748.8389 4 76.58436
855.4896 748.8389 4 76.61771
859.0353 744.1522 4 76.65107
865.9169 732.6101 4 76.68442
865.9169 732.6101 4 76.71778
868.6464 727.1498 4 76.75113
873.9602 714.855 4 76.78449
873.9602 714.855 4 76.81784
874.0512 706.9947 4 76.8512
876.4284 690.7674 4 76.88456
876.4284 690.7674 4 76.91791
878.9873 682.7559 4 76.95127
884.1989 669.6244 4 76.98462
884.1989 669.6244 4 77.01798
890.2158 656.2619 4 77.05133
892.8509 650.867 4 77.08469
892.8509 650.867 4 77.11804
898.8311 637.7895 4 77.1514
902.1684 631.1265 4 77.18476
902.1684 631.1265 4 77.21811
907.6781 619.9418 4 77.25147
910.9581 613.4712 4 77.28482
910.9581 613.4712 4 77.31818
916.442 600.7788 4 77.35153
919.6412 593.3184 4 77.38489
919.6412 593.3184 4 77.41824
921.8433 582.4579 4 77.4516
921.0615 577.9661 4 77.48496
919.9691 571.4057 4 77.51831
919.2009 564.7561 4 77.55167
918.0056 557.0476 4 77.58502
916.1718 549.5443 4 77.61838
914.4071 542.4809 4 77.65173
912.7052 535.7196 4 77.68509
910.638 528.1662 4 77.71844
908.3541 520.7117 4 77.7518
906.2247 513.4878 4 77.78516
904.0192 506.0086 4 77.81851
901.5808 499.3094 4 77.85187
899.6338 492.3228 4 77.88522
897.4655 485.7617 4 77.91858
895.6351 478.6033 4 77.95193
893.9979 471.3918 4 77.98529
892.7786 463.9969 4 78.01864
891.1748 456.8322 4 78.052
889.4699 449.8429 4 78.08536
887.6481 443.4276 4 78.11871
886.0018 437.3341 4 78.15207
884.3348 430.9607 4 78.18542
883.3275 424.9912 4 78.21878
881.9984 417.8915 4 78.25213
880.9323 411.1172 4 78.28549
880.495 404.2543 4 78.31884
880.7207 397.1512 4 78.3522
880.9764 389.4257 4 78.38556
880.9508 381.4788 4 78.41891
880.7512 374.2377 4 78.45227
880.7138 367.1804 4 78.48562
880.6187 360.0066 4 78.51898
881.1286 353.1976 4 78.55233
881.322 346.091 4 78.58569
881.5553 337.8042 4 78.61904
881.5789 330.5813 4 78.6524
882.6439 323.169 4 78.68576
884.2952 315.1534 4 78.71911
885.4539 307.8553 4 78.75247
886.1366 301.7859 4 78.78582
886.8731 295.308 4 78.81918
887.3318 288.8809 4 78.85253
886.8875 284.305 4 78.88589
885.2015 278.7376 4 78.91924
882.824 272.7142 4 78.9526
880.0754 266.5351 4 78.98596
876.3216 259.7128 4 79.01931
871.8786 252.3327 4 79.05267
867.3599 245.6527 4 79.08602
863.2759 239.8245 4 79.11938
859.0916 234.035 4 79.15273
854.4388 228.7202 4 79.18609
850.0267 223.7002 4 79.21944
845.4849 218.5903 4 79.2528
841.4662 213.1719 4 79.28616
837.14 208.2591 4 79.31951
832.709 203.1211 4 79.35287
827.5227 197.9954 4 79.38622
823.2657 192.7737 4 79.41958
818.9407 187.0417 4 79.45293
815.3541 181.3005 4 79.48629
811.2385 175.8233 4 79.51964
807.3569 169.4121 4 79.553
803.3465 163.1445 4 79.58636
799.3972 157.8859 4 79.61971
795.463 152.2867 4 79.65307
790.9812 147.6059 4 79.68642
785.9627 143.3672 4 79.71978
781.3432 139.377 4 79.75313
776.2553 135.3835 4 79.78649
770.4573 131.4061 4 79.81984
764.8719 127.485 4 79.8532
759.5331 123.4282 4 79.88656
754.7816 120.3555 4 79.91991
749.9344 116.9338 4 79.95327
745.1028 113.9738 4 79.98662
739.6571 110.3105 4 80.01998
733.6115 106.6726 4 80.05333
727.656 103.2682 4 80.08669
722.8383 100.1816 4 80.12004
717.9138 96.90771 4 80.1534
712.3714 94.1107 4 80.18676
707.0782 91.33356 4 80.22011
701.7956 88.87681 4 80.25347
696.1227 86.27313 4 80.28682
690.2662 84.19221 4 80.32018
684.7431 81.69322 4 80.35353
678.6018 79.31227 4 80.38689
672.3547 76.76884 4 80.42024
665.5801 74.8708 4 80.4536
659.558 73.19019 4 80.48696
653.2707 71.80607 4 80.52031
648.0872 70.32645 4 80.55367
642.3114 68.82908 4 80.58702
635.95 67.48494 4 80.62038
628.4844 65.79876 4 80.65373
622.0294 63.8929 4 80.68709
615.7438 62.33412 4 80.72044
609.9935 61.05245 4 80.7538
603.7812 60.15906 4 80.78716
597.3116 59.29268 4 80.82051
591.2436 57.98893 4 80.85387
585.4249 56.20559 4 80.88722
578.8748 55.01281 4 80.92058
572.2482 52.4394 4 80.95393
565.4048 50.72887 4 80.98729
558.966 49.21064 4 81.02064
553.1217 48.12861 4 81.054
547.6772 46.87521 4 81.08736
541.0973 46.0653 4 81.12071
534.3931 44.46462 4 81.15407
527.2 43.13412 4 81.18742
520.7466 41.50808 4 81.22078
514.9739 40.3045 4 81.25413
508.7024 39.0378 4 81.28749
502.5267 38.06771 4 81.32084
496.1867 36.45033 4 81.3542
489.6913 35.3571 4 81.38756
481.7978 34.42411 4 81.42091
475.3188 33.92178 4 81.45427
468.9331 33.43297 4 81.48762
462.4148 33.12407 4 81.52098
455.8366 33.17627 4 81.55433
449.3524 33.46326 4 81.58769
443.4531 33.00563 4 81.62104
436.8585 32.69516 4 81.6544
430.7199 32.62053 4 81.68776
424.3607 32.66648 4 81.72111
417.9459 33.7538 4 81.75447
410.6149 35.13814 4 81.78782
404.1154 35.95355 4 81.82118
397.7888 36.7241 4 81.85453
391.4541 37.61296 4 81.88789
385.2246 38.6536 4 81.92124
378.0854 39.85958 4 81.9546
372.0171 40.49273 4 81.98796
368.5293 44.55784 4 82.02131
363.5284 49.04619 4 82.05467
358.4151 53.80143 4 82.08802
353.5555 57.1083 4 82.12138
348.1733 59.96274 4 82.15473
342.9049 63.31552 4 82.18809
336.5201 67.24529 4 82.22144
330.3555 70.87703 4 82.2548
325.0655 74.92105 4 82.28816
320.1145 78.56909 4 82.32151
314.8 82.32304 4 82.35487
308.8477 86.24224 4 82.38822
303.2014 89.97977 4 82.42158
297.6969 93.585 4 82.45493
291.3395 96.74039 4 82.48829
284.6293 99.96203 4 82.52164
277.4509 103.2734 4 82.555
271.0495 105.3427 4 82.58836
264.8546 107.0136 4 82.62171
258.757 108.5367 4 82.65507
251.0484 110.6274 4 82.68842
243.9505 112.4044 4 82.72178
237.2846 113.6334 4 82.75513
230.3392 115.1277 4 82.78849
228.116 117.5308 4 82.82184
223.8102 120.677 4 82.8552
218.5795 124.3366 4 82.88856
213.3633 128.8081 4 82.92191
208.1727 133.2152 4 82.95527
202.5026 138.2396 4 82.98862
196.5955 144.2244 4 83.02198
190.7946 149.712 4 83.05533
184.9747 154.6433 4 83.08869
178.3316 158.9525 4 83.12204
172.7749 162.1942 4 83.1554
166.4521 165.1135 4 83.18876
166.3555 168.5251 4 83.22211
165.2457 173.1431 4 83.25547
163.5125 178.5538 4 83.28882
160.8633 184.8709 4 83.32218
158.2396 190.8804 4 83.35553
155.7288 196.9582 4 83.38889
153.1669 203.1631 4 83.42224
150.7684 209.0106 4 83.4556
148.5474 216.0493 4 83.48896
146.4157 222.6244 4 83.52231
144.2274 229.2353 4 83.55567
142.1282 236.9816 4 83.58902
139.6083 244.4508 4 83.62238
138.2308 251.3239 4 83.65573
137.2614 258.1558 4 83.68909
136.4875 265.2815 4 83.72244
136.2219 272.8689 4 83.7558
135.7707 280.7127 4 83.78916
135.3675 287.2338 4 83.82251
134.4185 294.3939 4 83.85587
134.017 302.4177 4 83.88922
132.8747 309.915 4 83.92258
131.9868 316.5626 4 83.95593
131.2494 323.1926 4 83.98929
129.8854 330.5612 4 84.02264
127.8252 337.9475 4 84.056
125.3674 345.1705 4 84.08936
122.545 352.0303 4 84.12271
120.2015 359.1206 4 84.15607
117.6222 365.1763 4 84.18942
114.719 371.3759 4 84.22278
112.0355 376.9425 4 84.25613
108.7162 383.2925 4 84.28949
104.9519 390.953 4 84.32284
101.8828 397.3858 4 84.3562
98.77047 404.1589 4 84.38956
95.43782 411.064 4 84.42291
92.41467 416.6225 4 84.45627
88.99904 422.7453 4 84.48962
85.46325 429.077 4 84.52298
81.26108 435.8024 4 84.55633
76.8745 441.7685 4 84.58969
72.06483 447.9429 4 84.62304
67.00774 454.9096 4 84.6564
62.88368 460.2794 4 84.68976
57.98979 465.1615 4 84.72311
52.44254 470.3804 4 84.75647
46.98256 475.0269 4 84.78982
44.82774 478.0367 4 84.82318
42.92512 480.3059 4 84.85653
41.32221 484.2605 4 84.88989
38.85351 490.1547 4 84.92324
35.53677 497.763 4 84.9566
32.18082 505.7557 4 84.98996
29.78978 513.681 4 85.02331
28.61614 519.2833 4 85.05667
30.17828 522.4013 4 85.09002
31.90714 528.8414 4 85.12338
33.78868 535.9762 4 85.15673
35.96582 543.1833 4 85.19009
38.19632 549.7885 4 85.22344
40.58085 553.7403 4 85.2568
41.84525 555.9174 4 85.29016
44.38673 558.9386 4 85.32351
46.67207 558.2149 4 85.35687
48.56711 560.6095 4 85.39022
51.95607 564.7474 4 85.42358
55.28607 569.1919 4 85.45693
59.57363 574.334 4 85.49029
64.05948 580.9582 4 85.52364
69.1504 588.3683 4 85.557
72.81257 591.911 4 85.59036
76.23071 593.5968 4 85.62371
81.6153 595.9334 4 85.65707
86.94169 599.205 4 85.69042
93.1713 602.261 4 85.72378
99.35493 604.6276 4 85.75713
105.3186 607.283 4 85.79049
111.7834 609.6209 4 85.82384
118.6589 612.131 4 85.8572
125.2129 613.5257 4 85.89056
131.8972 615.0326 4 85.92391
139.1225 616.4256 4 85.95727
147.1624 617.7028 4 85.99062
155.0242 618.9395 4 86.02398
161.8889 620.2867 4 86.05733
168.9403 621.9975 4 86.09069
175.6197 623.7462 4 86.12404
182.9521 625.5624 4 86.1574
190.2632 627.4256 4 86.19076
197.3838 629.456 4 86.22411
204.5962 631.287 4 86.25747
212.3678 633.422 4 86.29082
219.2494 635.6845 4 86.32418
226.0731 637.8339 4 86.35753
233.1985 639.9193 4 86.39089
240.1032 641.4972 4 86.42424
246.4815 643.8243 4 86.4576
252.7884 646.7352 4 86.49096
260.0315 650.218 4 86.52431
268.0328 654.2168 4 86.55767
276.5108 657.3581 4 86.59102
283.9531 660.7402 4 86.62438
290.6514 664.0714 4 86.65773
296.7552 667.7561 4 86.69109
303.3837 672.1016 4 86.72444
310.0694 676.7012 4 86.7578
315.7922 681.049 4 86.79116
321.2065 686.0202 4 86.82451
326.5355 690.9362 4 86.85787
330.9166 695.4646 4 86.89122
336.3389 700.2822 4 86.92458
341.1999 705.7555 4 86.95793
345.986 710.5401 4 86.99129
351.2863 715.112 4 87.02464
356.8416 720.2625 4 87.058
362.0321 725.9448 4 87.09136
366.5853 732.2734 4 87.12471
371.5663 738.2244 4 87.15807
376.4281 744.5622 4 87.19142
380.7445 750.6035 4 87.22478
385.0304 756.9137 4 87.25813
389.2727 762.7064 4 87.29149
393.344 768.9859 4 87.32484
396.4928 775.0753 4 87.3582
399.9069 781.9473 4 87.39156
403.5293 788.5378 4 87.42491
407.1872 795.8993 4 87.45827
410.4489 802.3145 4 87.49162
413.4082 808.5856 4 87.52498
416.4657 815.0253 4 87.55833
419.4355 821.1586 4 87.59169
422.0361 827.613 4 87.62504
425.0203 834.7574 4 87.6584
427.4422 841.4136 4 87.69176
429.7519 848.0535 4 87.72511
431.958 854.8579 4 87.75847
433.9099 860.9761 4 87.79182
436.0977 867.5966 4 87.82518
438.0537 874.171 4 87.85853
439.5483 880.8714 4 87.89189
442.058 887.3786 4 87.92524
444.5487 893.6741 4 87.9586
447.3282 899.8932 4 87.99196
450.1402 905.9833 4 88.02531
452.4617 912.5635 4 88.05867
454.3548 919.4471 4 88.09202
456.3836 923.9209 4 88.12538
457.8616 924.6396 4 88.15873
460.3067 927.4223 4 88.19209
465.0221 929.8315 4 88.22544
470.0689 934.0072 4 88.2588
475.702 937.6814 4 88.29216
480.6563 940.055 4 88.32551
486.5309 942.9953 4 88.35887
493.004 945.0279 4 88.39222
497.9054 941.9738 4 88.42558
502.9926 939.6559 4 88.45893
508.7431 936.6888 4 88.49229
515.5334 934.3151 4 88.52564
522.2896 932.0426 4 88.559
530.4935 929.2377 4 88.59236
538.0919 926.2424 4 88.62571
545.1888 923.33 4 88.65907
551.9439 920.1847 4 88.69242
558.1905 916.9354 4 88.72578
563.7624 913.5424 4 88.75913
569.6013 909.6983 4 88.79249
574.9208 905.9568 4 88.82584
580.5648 901.9241 4 88.8592
586.0346 897.6625 4 88.89256
591.908 893.049 4 88.92591
598.15 888.2619 4 88.95927
604.9811 883.7786 4 88.99262
611.5189 879.7087 4 89.02598
618.0547 875.7543 4 89.05933
625.0418 872.3625 4 89.09269
632.3418 868.4757 4 89.12604
639.9129 864.7188 4 89.1594
647.3079 861.4157 4 89.19276
654.6286 858.4685 4 89.22611
661.8673 856.5286 4 89.25947
669.5281 854.9653 4 89.29282
677.3172 853.1928 4 89.32618
684.7034 851.9019 4 89.35953
692.299 851.0085 4 89.39289
699.701 850.3448 4 89.42624
707.092 849.9636 4 89.4596
713.8396 849.2612 4 89.49296
720.4808 848.8128 4 89.52631
727.4522 848.3421 4 89.55967
734.8905 848.1176 4 89.59302
742.6767 847.8119 4 89.62638
751.0146 847.3649 4 89.65973
757.2251 846.9029 4 89.69309
759.662 843.6782 4 89.72644
762.4903 839.8279 4 89.7598
764.6921 834.9126 4 89.79316
766.9109 829.0534 4 89.82651
769.0486 822.8566 4 89.85987
770.8152 815.9351 4 89.89322
772.2395 808.3776 4 89.92658
773.8873 801.0631 4 89.95993
776.0906 793.1831 4 89.99329
778.1829 784.6824 4 90.02664
779.9315 776.0964 4 90.06
781.4234 767.6706 4 90.09336
783.3654 760.4567 4 90.12671
785.529 753.6016 4 90.16007
787.6311 746.7828 4 90.19342
790.0787 740.0475 4 90.22678
792.8418 732.4848 4 90.26013
795.0767 725.1728 4 90.29349
796.8182 717.9055 4 90.32684
798.4646 710.8831 4 90.3602
800.5153 704.0879 4 90.39356
802.5423 696.6311 4 90.42691
804.749 690.061 4 90.46027
807.3837 683.2968 4 90.49362
810.1879 676.8523 4 90.52698
812.9692 669.6684 4 90.56033
815.085 663.6709 4 90.59369
817.4931 657.3968 4 90.62704
819.6264 650.9189 4 90.6604
821.6076 644.7132 4 90.69376
823.2022 638.1012 4 90.72711
825.3623 631.3414 4 90.76047
827.5542 623.8891 4 90.79382
829.3265 616.9454 4 90.82718
830.5365 610.6787 4 90.86053
831.786 604.7845 4 90.89389
832.6879 598.5021 4 90.92724
833.6919 590.7649 4 90.9606
834.9061 582.6366 4 90.99396
836.7186 574.9735 4 91.02731
837.7522 568.3966 4 91.06067
838.7523 560.9055 4 91.09402
839.1314 552.365 4 91.12738
839.4017 543.5575 4 91.16073
838.9966 536.0217 4 91.19409
837.6336 528.2288 4 91.22744
835.913 521.4902 4 91.2608
833.8366 514.5663 4 91.29416
831.4818 507.803 4 91.32751
828.7969 500.4548 4 91.36087
825.524 492.9536 4 91.39422
822.9601 486.5985 4 91.42758
820.3742 479.7901 4 91.46093
817.8074 473.1537 4 91.49429
814.9421 466.4695 4 91.52764
811.7443 459.9643 4 91.561
807.5755 453.3054 4 91.59436
804.1609 446.7292 4 91.62771
800.4134 440.3246 4 91.66107
796.417 434.2283 4 91.69442
792.8375 428.2798 4 91.72778
789.7859 421.9219 4 91.76113
786.8167 415.3592 4 91.79449
784.2707 409.0825 4 91.82784
781.8854 403.1371 4 91.8612
779.4948 395.6235 4 91.89456
776.0832 387.8809 4 91.92791
773.2533 381.7139 4 91.96127
770.6453 375.8229 4 91.99462
768.2599 369.7237 4 92.02798
765.7658 363.3844 4 92.06133
762.8989 355.9052 4 92.09469
760.6279 349.4413 4 92.12804
757.6439 342.8635 4 92.1614
754.9453 336.4993 4 92.19476
752.5622 329.5101 4 92.22811
749.8395 322.9654 4 92.26147
747.0104 316.413 4 92.29482
743.9839 309.9603 4 92.32818
741.4599 303.2691 4 92.36153
738.5489 296.7194 4 92.39489
736.3898 290.6896 4 92.42824
733.4461 284.45 4 92.4616
731.4907 278.4989 4 92.49496
728.0494 272.2484 4 92.52831
725.2457 265.8814 4 92.56167
722.645 260.1719 4 92.59502
719.6943 254.3411 4 92.62838
716.589 249.3646 4 92.66173
713.1272 243.2964 4 92.69509
709.5577 237.7997 4 92.72844
706.0984 232.2778 4 92.7618
702.7431 226.7578 4 92.79516
698.6391 220.4984 4 92.82851
694.7592 214.8626 4 92.86187
691.4753 209.1913 4 92.89522
687.2387 202.9243 4 92.92858
683.2059 196.6065 4 92.96193
680.1647 190.7206 4 92.99529
676.9741 184.8625 4 93.02864
673.6978 179.1176 4 93.062
669.7868 173.365 4 93.09536
666.0428 168.2924 4 93.12871
662.3323 163.5614 4 93.16207
657.9398 159.5055 4 93.19542
653.4794 156.0023 4 93.22878
648.3752 152.6646 4 93.26213
643.2384 149.4449 4 93.29549
638.1444 146.7996 4 93.32884
631.8783 144.0651 4 93.3622
624.9077 141.2938 4 93.39556
618.1858 139.4035 4 93.42891
611.6998 137.2048 4 93.46227
604.8936 134.594 4 93.49562
597.8673 132.6036 4 93.52898
590.9028 129.4908 4 93.56233
584.1098 125.5848 4 93.59569
577.0784 122.1156 4 93.62904
570.677 118.5688 4 93.6624
565.0221 114.5864 4 93.69576
559.6636 110.3028 4 93.72911
554.1543 105.2233 4 93.76247
549.7115 100.6391 4 93.79582
545.4177 95.26167 4 93.82918
540.456 89.38013 4 93.86253
535.2821 82.68938 4 93.89589
530.768 77.29663 4 93.92924
526.8604 72.33339 4 93.9626
522.3558 67.68422 4 93.99596
517.3315 62.00144 4 94.02931
513.1775 56.17322 4 94.06267
509.3239 50.87395 4 94.09602
506.4176 47.3854 4 94.12938
505.0767 47.73384 4 94.16273
502.0149 45.6352 4 94.19609
497.6977 41.06226 4 94.22944
492.8714 37.02903 4 94.2628
486.3918 33.91352 4 94.29616
480.9931 30.84772 4 94.32951
473.6705 30.64818 4 94.36287
466.657 31.34619 4 94.39622
460.7931 32.31781 4 94.42958
455.2093 33.86884 4 94.46293
449.6505 35.81712 4 94.49629
443.9795 38.81643 4 94.52964
438.1942 42.11894 4 94.563
433.1855 45.95274 4 94.59636
427.6529 50.37066 4 94.62971
423.0242 54.28774 4 94.66307
418.4996 59.46153 4 94.69642
414.2595 64.01194 4 94.72978
410.2447 69.56977 4 94.76313
406.7423 75.04611 4 94.79649
402.5511 79.94048 4 94.82984
398.3183 85.12719 4 94.8632
393.1997 90.26546 4 94.89656
388.7475 95.95041 4 94.92991
384.3109 100.9575 4 94.96327
379.3834 106.3735 4 94.99662
373.7743 112.262 4 95.02998
368.0882 117.8656 4 95.06333
362.3566 122.8703 4 95.09669
356.707 127.1702 4 95.13004
350.2415 131.5683 4 95.1634
344.0182 135.3209 4 95.19676
337.2501 138.6087 4 95.23011
330.457 141.9707 4 95.26347
323.088 145.0979 4 95.29682
315.7198 148.0708 4 95.33018
308.4311 151.0852 4 95.36353
301.5392 153.1045 4 95.39689
294.5867 155.0325 4 95.43024
288.3105 156.7797 4 95.4636
281.2879 157.5536 4 95.49696
274.0721 159.0273 4 95.53031
266.5292 160.0006 4 95.56367
259.8755 161.9652 4 95.59702
252.4745 162.8971 4 95.63038
244.3907 163.9236 4 95.66373
236.8531 165.8152 4 95.69709
230.2145 166.8538 4 95.73044
223.3507 167.528 4 95.7638
216.8636 167.7284 4 95.79716
210.5369 167.6492 4 95.83051
203.9275 167.5392 4 95.86387
197.5544 167.3802 4 95.89722
190.4708 167.2199 4 95.93058
182.1181 166.4911 4 95.96393
179.7497 166.972 4 95.99729
180.4587 168.5165 4 96.03064
179.6332 170.9838 4 96.064
176.7536 173.9144 4 96.09736
173.2424 177.0005 4 96.13071
169.5899 181.4855 4 96.16407
165.7856 186.214 4 96.19742
162.0677 191.1786 4 96.23078
157.8035 197.1844 4 96.26413
153.4546 203.305 4 96.29749
150.1033 209.5917 4 96.33084
146.5628 215.9131 4 96.3642
143.3863 223.2008 4 96.39756
140.257 229.7316 4 96.43091
136.5004 235.9285 4 96.46427
132.2506 241.8334 4 96.49762
127.6761 248.1922 4 96.53098
122.9671 253.9538 4 96.56433
118.1779 259.2768 4 96.59769
112.7509 264.7742 4 96.63104
106.574 270.206 4 96.6644
100.8816 274.6775 4 96.69776
95.42709 278.8285 4 96.73111
89.87283 283.218 4 96.76447
83.81783 288.2584 4 96.79782
78.40084 292.8479 4 96.83118
74.71401 296.9887 4 96.86453
75.67469 300.3307 4 96.89789
75.98131 305.2894 4 96.93124
75.81505 310.7939 4 96.9646
75.71817 317.1007 4 96.99796
76.11664 324.1695 4 97.03131
77.24681 331.0399 4 97.06467
78.76373 338.8664 4 97.09802
80.875 346.4336 4 97.13138
82.61701 353.684 4 97.16473
84.75583 360.0903 4 97.19809
86.59934 366.9953 4 97.23144
88.77594 373.8027 4 97.2648
90.75538 381.1828 4 97.29816
92.64766 388.3024 4 97.33151
94.79416 395.6062 4 97.36487
96.33169 402.0561 4 97.39822
98.31733 408.7801 4 97.43158
100.6308 415.1127 4 97.46493
102.9687 422.0808 4 97.49829
105.2007 428.767 4 97.53164
107.4751 436.2777 4 97.565
109.6492 444.1423 4 97.59836
111.9492 451.2373 4 97.63171
114.4672 457.9155 4 97.66507
117.4302 464.8743 4 97.69842
120.7297 472.0434 4 97.73178
124.3069 479.3084 4 97.76513
127.2085 486.1274 4 97.79849
129.7125 493.139 4 97.83184
131.8443 500.5535 4 97.8652
134.4014 507.4738 4 97.89856
136.4586 513.5072 4 97.93191
138.6504 520.2368 4 97.96527
141.0819 526.9865 4 97.99862
143.4935 533.8506 4 98.03198
146.2962 540.3946 4 98.06533
149.7653 546.8838 4 98.09869
152.9272 553.1865 4 98.13204
156.128 559.3209 4 98.1654
158.8654 565.7733 4 98.19876
161.4687 572.3649 4 98.23211
164.5064 579.9266 4 98.26547
167.5275 587.7593 4 98.29882
170.3052 594.7584 4 98.33218
173.1658 601.2214 4 98.36553
176.0287 607.9656 4 98.39889
178.4535 614.755 4 98.43224
180.1404 621.7097 4 98.4656
182.1864 628.4822 4 98.49896
183.6948 635.9346 4 98.53231
184.9082 643.2885 4 98.56567
185.905 650.2955 4 98.59902
186.9675 657.9007 4 98.63238
188.1802 665.5501 4 98.66573
188.9302 672.0171 4 98.69909
188.0422 674.7881 4 98.73244
187.039 678.9553 4 98.7658
186.033 685.4646 4 98.79916
184.4399 691.3258 4 98.83251
184.2762 692.7506 4 98.86587
183.6617 693.1917 4 98.89922
183.4372 694.5245 4 98.93258
182.1214 695.9622 4 98.96593
182.0731 697.4955 4 98.99929
180.6184 697.8106 4 99.03264
179.0737 696.752 4 99.066
178.5152 697.7791 4 99.09936
178.0159 699.7952 4 99.13271
177.1048 699.4081 4 99.16607
178.3429 698.3528 4 99.19942
178.7703 695.5317 4 99.23278
180.6826 695.8869 4 99.26613
179.3405 698.545 4 99.29949
174.9536 699.8848 4 99.33284
175.918 700.5748 4 99.3662
172.977 700.4637 4 99.39956
174.3522 700.5494 4 99.43291
178.7217 701.3796 4 99.46627
185.4977 701.4965 4 99.49962
192.9096 702.6165 4 99.53298
