821.0458 540.2326 5 0
856.1351 597.1394 5 0.03335556
855.1721 605.9509 5 0.06671111
854.1292 614.1231 5 0.1000667
853.4805 622.5001 5 0.1334222
853.4444 630.8029 5 0.1667778
853.5668 638.9466 5 0.2001333
853.899 646.6242 5 0.2334889
854.8152 654.6716 5 0.2668444
856.2987 662.6908 5 0.3002
858.6083 670.1182 5 0.3335556
860.9726 677.4246 5 0.3669111
864.0975 684.5974 5 0.4002667
863.7766 688.7767 5 0.4336222
861.7087 691.1268 5 0.4669778
861.2934 696.2507 5 0.5003333
862.3255 702.6469 5 0.5336889
861.5617 705.0827 5 0.5670444
860.6788 708.8057 5 0.6004
861.0827 714.4757 5 0.6337556
861.019 720.717 5 0.6671111
859.9903 726.2442 5 0.7004667
858.928 731.944 5 0.7338222
856.7231 736.4875 5 0.7671778
853.2389 741.2674 5 0.8005333
849.4298 746.7585 5 0.8338889
845.7882 753.0245 5 0.8672444
842.0964 759.2008 5 0.9006
838.5053 765.417 5 0.9339556
835.044 771.8064 5 0.9673111
831.5528 777.5615 5 1.000667
828.3417 783.4212 5 1.034022
823.7387 788.7962 5 1.067378
818.4892 793.1993 5 1.100733
813.9272 797.7627 5 1.134089
809.5616 802.5587 5 1.167444
805.962 807.1719 5 1.2008
801.9649 812.6316 5 1.234156
797.5927 817.1722 5 1.267511
791.6296 820.1384 5 1.300867
786.0661 824.2261 5 1.334222
780.9138 828.3617 5 1.367578
775.8171 832.9329 5 1.400933
770.9883 837.4457 5 1.434289
765.7629 842.3868 5 1.467644
761.4357 847.3958 5 1.501
757.1771 852.1555 5 1.534356
751.798 854.1298 5 1.567711
745.074 855.491 5 1.601067
737.9482 857.1955 5 1.634422
731.2143 859.2282 5 1.667778
724.7401 860.9004 5 1.701133
718.3203 863.0189 5 1.734489
711.6737 865.2412 5 1.767844
705.4957 867.6893 5 1.8012
698.8865 869.7806 5 1.834556
692.3006 872.1764 5 1.867911
685.9015 874.6903 5 1.901267
679.745 877.4807 5 1.934622
673.5392 880.6646 5 1.967978
667.5816 884.3012 5 2.001333
661.9587 887.8808 5 2.034689
656.5819 891.78 5 2.068044
652.718 895.5645 5 2.1014
650.1321 899.6209 5 2.134756
647.3379 899.6737 5 2.168111
644.5969 899.3314 5 2.201467
643.0428 898.5908 5 2.234822
642.0177 899.4787 5 2.268178
639.7886 900.2293 5 2.301533
639.4702 899.0486 5 2.334889
638.2782 897.3372 5 2.368244
637.2639 896.9909 5 2.4016
635.031 898.5764 5 2.434956
634.1434 900.0089 5 2.468311
633.4982 900.0732 5 2.501667
633.1391 900.3652 5 2.535022
633.0702 901.1924 5 2.568378
633.1589 901.2864 5 2.601733
631.8535 902.0537 5 2.635089
631.7989 903.2 5 2.668444
631.6562 902.9824 5 2.7018
633.696 904.7877 5 2.735156
636.3531 905.0465 5 2.768511
636.4608 908.2321 5 2.801867
638.7254 910.5561 5 2.835222
639.6677 912.2828 5 2.868578
640.6344 910.3153 5 2.901933
644.1307 908.5694 5 2.935289
647.0642 906.8436 5 2.968644
649.6416 906.0923 5 3.002
651.4095 904.5528 5 3.035356
651.5103 904.5055 5 3.068711
652.8561 904.2738 5 3.102067
653.2837 903.6036 5 3.135422
653.0413 901.4938 5 3.168778
653.3536 900.6111 5 3.202133
653.3672 900.8774 5 3.235489
650.3038 900.7678 5 3.268844
648.1965 903.0254 5 3.3022
647.7359 903.8431 5 3.335556
645.214 903.6876 5 3.368911
643.3827 904.1118 5 3.402267
642.646 907.2578 5 3.435622
638.2358 907.5529 5 3.468978
634.5036 907.3424 5 3.502333
628.3396 908.6789 5 3.535689
622.1915 909.6586 5 3.569044
617.9256 913.5551 5 3.6024
614.5208 908.1717 5 3.635756
608.1838 909.5131 5 3.669111
602.8214 908.7833 5 3.702467
598.1385 909.3852 5 3.735822
593.9368 908.414 5 3.769178
589.4238 909.6934 5 3.802533
584.8864 912.4866 5 3.835889
581.3105 916.5886 5 3.869244
577.6805 917.9696 5 3.9026
573.7417 920.796 5 3.935956
567.3883 923.2029 5 3.969311
562.2743 921.5832 5 4.002667
555.8838 922.8011 5 4.036022
549.4905 922.6563 5 4.069378
544.8032 920.9401 5 4.102733
539.8833 922.9605 5 4.136089
534.0276 924.7496 5 4.169444
527.7925 925.7874 5 4.2028
519.7324 925.744 5 4.236156
515.5068 922.0187 5 4.269511
511.688 921.0669 5 4.302867
507.5962 922.0976 5 4.336222
503.1752 922.9507 5 4.369578
498.411 924.1898 5 4.402933
495.1569 926.7626 5 4.436289
488.6534 927.0208 5 4.469644
480.507 927.0197 5 4.503
473.4762 929.0078 5 4.536356
470.4895 926.3233 5 4.569711
464.709 923.1976 5 4.603067
460.2262 925.459 5 4.636422
455.3205 929.2971 5 4.669778
450.5525 930.6136 5 4.703133
444.9686 929.668 5 4.736489
441.6678 929.0991 5 4.769844
436.7434 925.1072 5 4.8032
434.3974 924.3955 5 4.836556
428.7549 924.0903 5 4.869911
422.7053 925.4119 5 4.903267
417.0209 925.3744 5 4.936622
412.4816 927.0584 5 4.969978
404.9757 925.5668 5 5.003333
398.4507 922.7681 5 5.036689
394.378 922.0047 5 5.070044
388.6379 920.6224 5 5.1034
384.7192 917.7671 5 5.136756
379.1348 917.1506 5 5.170111
373.949 917.6485 5 5.203467
371.4151 915.1142 5 5.236822
366.502 915.0415 5 5.270178
360.4813 914.3406 5 5.303533
356.6916 911.0413 5 5.336889
352.8883 910.9989 5 5.370244
352.0409 909.8759 5 5.4036
347.3965 907.3296 5 5.436956
342.1887 906.2 5 5.470311
337.3284 904.211 5 5.503667
333.5376 902.3354 5 5.537022
326.5337 900.2217 5 5.570378
321.9046 896.4385 5 5.603733
318.2424 895.097 5 5.637089
315.6703 895.3478 5 5.670444
313.5557 892.7667 5 5.7038
309.3663 891.6035 5 5.737156
303.7345 891.1397 5 5.770511
299.3069 891.3131 5 5.803867
295.2197 888.4413 5 5.837222
293.2857 887.0922 5 5.870578
289.4798 885.8271 5 5.903933
285.5956 880.5659 5 5.937289
281.4217 879.5612 5 5.970644
278.6867 880.9054 5 6.004
276.3253 875.9012 5 6.037356
271.144 870.1139 5 6.070711
265.7262 866.0344 5 6.104067
260.1973 864.4167 5 6.137422
257.8266 862.1871 5 6.170778
254.4639 860.8045 5 6.204133
253.145 857.978 5 6.237489
250.8949 857.0762 5 6.270844
247.7372 855.6166 5 6.3042
243.2936 855.5008 5 6.337556
237.0673 851.9664 5 6.370911
231.961 849.8908 5 6.404267
230.4302 848.6872 5 6.437622
229.1626 845.933 5 6.470978
225.6466 843.2212 5 6.504333
219.8646 842.1136 5 6.537689
213.1863 838.4945 5 6.571044
212.2527 834.2164 5 6.6044
208.3972 830.0138 5 6.637756
203.5231 828.1484 5 6.671111
197.9144 825.562 5 6.704467
194.8064 819.7555 5 6.737822
192.6698 818.0126 5 6.771178
190.1503 816.8322 5 6.804533
187.8474 814.1462 5 6.837889
183.1484 810.3669 5 6.871244
180.1346 807.8642 5 6.9046
179.7341 803.3218 5 6.937956
176.8125 799.8689 5 6.971311
172.4224 796.3054 5 7.004667
167.3149 792.909 5 7.038022
167.3139 792.435 5 7.071378
165.4603 786.6073 5 7.104733
161.0198 783.647 5 7.138089
156.2516 783.8359 5 7.171444
150.2858 780.8904 5 7.2048
147.2096 776.7387 5 7.238156
146.2389 775.4257 5 7.271511
142.4792 772.1355 5 7.304867
140.3953 765.2077 5 7.338222
138.7523 758.7368 5 7.371578
135.6411 754.3237 5 7.404933
134.7178 750.2553 5 7.438289
131.1756 746.4287 5 7.471644
126.8349 743.7196 5 7.505
125.3042 741.5093 5 7.538356
122.1467 739.0761 5 7.571711
120.931 736.6558 5 7.605067
120.303 732.8297 5 7.638422
117.0511 730.0594 5 7.671778
114.4756 728.9753 5 7.705133
112.4808 726.1458 5 7.738489
109.8063 721.2689 5 7.771844
106.1585 716.1314 5 7.8052
101.3026 713.8232 5 7.838556
100.7085 711.1687 5 7.871911
99.02703 705.802 5 7.905267
98.45183 700.1074 5 7.938622
98.3312 695.4167 5 7.971978
95.9647 694.8983 5 8.005333
93.29039 690.813 5 8.038689
93.00752 684.9475 5 8.072044
89.60343 680.9685 5 8.1054
88.77393 677.6431 5 8.138756
89.50089 672.544 5 8.172111
87.48439 669.735 5 8.205467
86.20298 668.3819 5 8.238822
84.75405 666.3744 5 8.272178
85.22856 661.6735 5 8.305533
83.49542 657.8339 5 8.338889
79.61736 654.6646 5 8.372244
74.42123 651.3755 5 8.4056
75.45125 646.6397 5 8.438956
73.83992 644.556 5 8.472311
70.05801 643.0224 5 8.505667
71.2102 639.9115 5 8.539022
71.35907 634.6077 5 8.572378
69.17837 629.595 5 8.605733
65.31611 625.3844 5 8.639089
62.32689 618.921 5 8.672444
58.89785 612.9191 5 8.7058
55.24032 606.7836 5 8.739156
53.59437 601.029 5 8.772511
54.60719 595.2357 5 8.805867
53.44864 591.1361 5 8.839222
50.99012 586.9124 5 8.872578
49.23807 582.8148 5 8.905933
51.5901 577.0017 5 8.939289
49.49145 571.3106 5 8.972644
47.16854 565.2711 5 9.006
45.58792 556.7634 5 9.039356
45.84555 551.7298 5 9.072711
44.10689 546.9385 5 9.106067
42.81753 543.3658 5 9.139422
42.88109 540.629 5 9.172778
44.54809 537.9085 5 9.206133
44.57267 533.382 5 9.239489
44.31876 527.2207 5 9.272844
43.2879 520.7104 5 9.3062
40.98183 515.3591 5 9.339556
38.79699 510.1643 5 9.372911
38.99945 506.1281 5 9.406267
39.77676 499.7399 5 9.439622
38.55247 493.1738 5 9.472978
37.28127 488.2362 5 9.506333
36.82589 484.2491 5 9.539689
38.24663 478.7968 5 9.573044
39.11372 472.4796 5 9.6064
38.84505 464.2272 5 9.639756
42.00592 457.352 5 9.673111
43.01462 452.9952 5 9.706467
45.00654 448.1569 5 9.739822
46.91067 443.5125 5 9.773178
47.10021 438.0109 5 9.806533
46.67669 430.2502 5 9.839889
44.49173 422.1968 5 9.873244
42.39134 415.9616 5 9.9066
42.38996 411.9127 5 9.939956
45.55617 406.5468 5 9.973311
48.08948 400.0554 5 10.00667
51.56283 395.7266 5 10.04002
54.87995 392.4529 5 10.07338
54.68401 389.1234 5 10.10673
55.09943 383.8793 5 10.14009
56.72791 378.2045 5 10.17344
58.11801 372.3507 5 10.2068
63.60177 368.1884 5 10.24016
64.85895 364.0085 5 10.27351
65.38779 359.4912 5 10.30687
64.97432 354.8589 5 10.34022
64.98872 350.6892 5 10.37358
69.33957 346.5313 5 10.40693
70.16132 341.3929 5 10.44029
69.47914 335.2153 5 10.47364
68.27745 328.8833 5 10.507
70.47645 325.8308 5 10.54036
74.63621 321.2826 5 10.57371
74.65802 317.2126 5 10.60707
74.77519 314.8395 5 10.64042
79.75148 311.38 5 10.67378
83.42999 306.6003 5 10.70713
88.55914 301.6013 5 10.74049
90.36503 296.5054 5 10.77384
89.41142 292.3139 5 10.8072
92.85955 288.2316 5 10.84056
96.62115 282.0257 5 10.87391
98.83377 277.5084 5 10.90727
99.58326 275.6794 5 10.94062
98.48241 273.2816 5 10.97398
99.97697 272.3438 5 11.00733
103.9268 267.4769 5 11.04069
108.1323 263.0577 5 11.07404
112.4192 256.4693 5 11.1074
116.7855 249.2051 5 11.14076
119.2783 246.6581 5 11.17411
123.1568 240.7816 5 11.20747
125.4979 237.7434 5 11.24082
126.38 236.1176 5 11.27418
127.0185 233.7586 5 11.30753
128.5972 229.6021 5 11.34089
132.3625 223.2759 5 11.37424
135.7785 217.2367 5 11.4076
140.6932 215.0606 5 11.44096
145.0971 212.6895 5 11.47431
148.6774 209.2955 5 11.50767
148.7807 206.1366 5 11.54102
148.9643 202.4845 5 11.57438
151.9142 200.6236 5 11.60773
152.946 197.6475 5 11.64109
157.876 193.6671 5 11.67444
160.0328 189.0507 5 11.7078
163.6879 184.9991 5 11.74116
166.9543 183.4823 5 11.77451
168.4533 179.8085 5 11.80787
170.6353 175.6549 5 11.84122
174.8915 174.3766 5 11.87458
177.9985 170.7702 5 11.90793
182.2713 169.74 5 11.94129
185.1901 167.3001 5 11.97464
187.4738 163.8979 5 12.008
191.0454 159.2713 5 12.04136
196.0483 156.757 5 12.07471
200.1226 154.3372 5 12.10807
201.8395 151.3259 5 12.14142
206.4753 146.4494 5 12.17478
208.6387 140.2848 5 12.20813
213.615 139.2686 5 12.24149
216.5319 138.3308 5 12.27484
220.8796 135.5366 5 12.3082
226.1812 133.1158 5 12.34156
229.6923 133.0242 5 12.37491
232.5941 129.1369 5 12.40827
239.6916 124.6912 5 12.44162
243.7169 120.7322 5 12.47498
247.3838 119.3586 5 12.50833
252.0713 115.589 5 12.54169
255.0201 113.3766 5 12.57504
257.9216 110.973 5 12.6084
261.7983 106.3953 5 12.64176
267.1248 103.3673 5 12.67511
270.2766 103.2215 5 12.70847
275.1418 101.3931 5 12.74182
278.6282 100.0593 5 12.77518
281.8601 98.73149 5 12.80853
286.3838 97.54789 5 12.84189
290.7803 93.00192 5 12.87524
295.5855 92.64423 5 12.9086
300.3229 91.34514 5 12.94196
307.3564 86.44175 5 12.97531
310.6906 84.13812 5 13.00867
313.7512 83.5007 5 13.04202
315.2618 83.65612 5 13.07538
317.3422 80.89961 5 13.10873
323.1943 76.77775 5 13.14209
327.2813 78.31405 5 13.17544
331.4201 77.55476 5 13.2088
335.4236 74.5854 5 13.24216
338.2397 72.83652 5 13.27551
341.2182 73.81254 5 13.30887
343.5744 73.91362 5 13.34222
347.8919 71.31969 5 13.37558
355.9994 69.90419 5 13.40893
362.5772 66.59358 5 13.44229
368.3396 65.11198 5 13.47564
371.8848 63.55547 5 13.509
376.4293 64.03894 5 13.54236
381.0002 62.98818 5 13.57571
387.7787 59.10801 5 13.60907
391.3736 58.17056 5 13.64242
392.4374 58.25609 5 13.67578
394.9793 55.64257 5 13.70913
401.4117 54.95878 5 13.74249
407.1386 55.39976 5 13.77584
413.7164 54.54922 5 13.8092
420.4664 54.49799 5 13.84256
424.8257 52.82179 5 13.87591
432.0779 52.17611 5 13.90927
438.0288 49.09336 5 13.94262
442.4294 45.92011 5 13.97598
444.1771 44.94835 5 14.00933
446.4886 46.22311 5 14.04269
450.5623 46.07246 5 14.07604
453.6044 44.67808 5 14.1094
457.5479 45.39213 5 14.14276
461.356 47.68298 5 14.17611
465.9046 48.38912 5 14.20947
470.5101 46.94389 5 14.24282
473.7379 46.62834 5 14.27618
478.1632 47.78546 5 14.30953
484.2829 46.51229 5 14.34289
490.2709 46.30237 5 14.37624
496.452 47.98497 5 14.4096
499.1046 49.23902 5 14.44296
504.4464 48.9772 5 14.47631
509.7154 46.94035 5 14.50967
513.0846 46.62885 5 14.54302
516.5424 48.21563 5 14.57638
520.8683 47.87688 5 14.60973
528.2888 49.85614 5 14.64309
534.297 52.74746 5 14.67644
538.457 52.98938 5 14.7098
541.9688 52.40245 5 14.74316
545.4927 52.28306 5 14.77651
547.2836 52.15988 5 14.80987
549.6159 52.55884 5 14.84322
551.9454 52.73117 5 14.87658
554.1956 51.06843 5 14.90993
556.7434 49.1541 5 14.94329
558.9607 46.17774 5 14.97664
561.6829 42.92123 5 15.01
565.0001 41.87054 5 15.04336
568.2879 40.57002 5 15.07671
568.7367 39.60509 5 15.11007
571.1501 40.35976 5 15.14342
572.2541 38.66348 5 15.17678
572.5598 39.79496 5 15.21013
571.9303 40.4743 5 15.24349
570.1733 40.8911 5 15.27684
570.0851 40.62963 5 15.3102
569.5086 40.42632 5 15.34356
567.2889 40.55684 5 15.37691
565.7121 39.52435 5 15.41027
563.7488 38.66215 5 15.44362
563.9205 38.43799 5 15.47698
566.0495 39.46502 5 15.51033
563.504 40.03574 5 15.54369
564.273 40.04559 5 15.57704
566.8982 40.99449 5 15.6104
567.0296 40.85414 5 15.64376
566.6031 38.44449 5 15.67711
565.2937 39.09215 5 15.71047
562.8933 40.58579 5 15.74382
559.0796 42.31048 5 15.77718
556.0153 43.93592 5 15.81053
554.9606 47.38115 5 15.84389
552.2976 51.96851 5 15.87724
549.3412 57.08566 5 15.9106
546.3337 61.901 5 15.94396
543.7345 69.04839 5 15.97731
540.9232 75.13946 5 16.01067
537.1799 79.69745 5 16.04402
531.9038 84.4694 5 16.07738
526.1942 89.2106 5 16.11073
520.9289 93.56217 5 16.14409
516.2198 97.76052 5 16.17744
511.0663 101.5612 5 16.2108
506.5438 104.948 5 16.24416
501.573 109.0502 5 16.27751
495.9459 113.1539 5 16.31087
490.4826 116.6773 5 16.34422
485.481 120.1822 5 16.37758
480.7514 124.1591 5 16.41093
476.1922 128.6668 5 16.44429
471.334 133.5412 5 16.47764
466.8744 137.7803 5 16.511
462.6006 141.7257 5 16.54436
458.2015 146.1348 5 16.57771
453.5535 150.5547 5 16.61107
449.0511 155.0271 5 16.64442
444.1864 160.1135 5 16.67778
440.0101 164.6023 5 16.71113
436.2937 169.1234 5 16.74449
433.0586 173.7615 5 16.77784
430.1697 178.4984 5 16.8112
427.3262 183.2544 5 16.84456
423.2966 189.1695 5 16.87791
420.3714 195.4139 5 16.91127
416.7044 201.9412 5 16.94462
414.082 208.3534 5 16.97798
411.9843 214.8977 5 17.01133
410.9176 221.5027 5 17.04469
410.1344 227.9081 5 17.07804
409.1921 234.7915 5 17.1114
408.0855 241.0796 5 17.14476
407.2847 247.3283 5 17.17811
406.4099 254.106 5 17.21147
407.0515 262.0431 5 17.24482
408.7837 268.9881 5 17.27818
409.7475 276.6229 5 17.31153
411.0008 283.8407 5 17.34489
411.9663 291.3079 5 17.37824
414.1306 298.4888 5 17.4116
416.9842 305.0332 5 17.44496
419.0839 311.9713 5 17.47831
420.788 318.0565 5 17.51167
422.2721 323.9872 5 17.54502
423.3951 329.3188 5 17.57838
424.9613 333.418 5 17.61173
426.0196 335.7232 5 17.64509
425.5447 336.8421 5 17.67844
425.0083 338.6783 5 17.7118
426.7975 338.7043 5 17.74516
427.471 338.232 5 17.77851
427.0463 339.162 5 17.81187
428.2166 340.1108 5 17.84522
428.5741 340.9302 5 17.87858
428.2771 342.0373 5 17.91193
427.9117 342.5746 5 17.94529
427.0612 343.1725 5 17.97864
425.2596 344.3866 5 18.012
424.7582 346.18 5 18.04536
425.0139 347.3215 5 18.07871
424.2646 348.4643 5 18.11207
425.2771 348.7753 5 18.14542
426.0368 349.763 5 18.17878
426.3542 350.875 5 18.21213
427.4934 352.1642 5 18.24549
427.8785 353.4803 5 18.27884
427.9873 354.8919 5 18.3122
428.5648 355.747 5 18.34556
428.9977 357.5486 5 18.37891
429.5958 358.6951 5 18.41227
429.9526 359.465 5 18.44562
431.23 361.2035 5 18.47898
433.2547 363.6553 5 18.51233
434.3005 365.8901 5 18.54569
436.3872 368.525 5 18.57904
437.4457 370.3131 5 18.6124
436.9898 372.8058 5 18.64576
438.7898 373.1588 5 18.67911
439.3597 374.6554 5 18.71247
439.5344 377.5077 5 18.74582
440.0341 380.8592 5 18.77918
441.6241 382.7333 5 18.81253
444.2764 384.4976 5 18.84589
446.0305 386.9312 5 18.87924
447.347 389.4298 5 18.9126
449.0728 389.7976 5 18.94596
450.625 390.9167 5 18.97931
452.6101 392.4476 5 19.01267
455.0465 395.3832 5 19.04602
458.96 395.9351 5 19.07938
460.4209 396.0433 5 19.11273
463.6175 396.5522 5 19.14609
465.7956 396.8219 5 19.17944
467.5308 396.637 5 19.2128
468.886 400.1652 5 19.24616
470.8692 401.332 5 19.27951
472.5884 403.4823 5 19.31287
475.481 406.7856 5 19.34622
478.9217 408.8632 5 19.37958
481.8648 411.2052 5 19.41293
484.8525 413.4282 5 19.44629
487.1132 415.728 5 19.47964
488.1659 417.9207 5 19.513
491.7519 418.9708 5 19.54636
494.349 420.8711 5 19.57971
495.9813 424.9196 5 19.61307
498.0231 430.1334 5 19.64642
500.7392 436.0144 5 19.67978
504.6943 440.9216 5 19.71313
508.8444 445.7338 5 19.74649
513.0103 451.443 5 19.77984
517.3352 457.9445 5 19.8132
520.2239 463.3645 5 19.84656
520.9964 466.1247 5 19.87991
521.3887 469.1206 5 19.91327
521.5056 473.1974 5 19.94662
520.6751 478.7822 5 19.97998
519.2982 485.7778 5 20.01333
519.1144 491.6072 5 20.04669
520.0971 495.6244 5 20.08004
518.0206 498.4245 5 20.1134
517.3194 501.0251 5 20.14676
516.9997 504.8607 5 20.18011
514.8086 509.3223 5 20.21347
512.4969 515.389 5 20.24682
511.5714 521.825 5 20.28018
511.1488 525.648 5 20.31353
512.2625 529.3335 5 20.34689
512.2198 532.107 5 20.38024
511.8272 535.8605 5 20.4136
510.8413 539.8724 5 20.44696
509.2491 544.6511 5 20.48031
508.2266 549.1436 5 20.51367
507.1411 553.4194 5 20.54702
506.8462 555.9385 5 20.58038
505.9185 558.1963 5 20.61373
506.8396 560.7883 5 20.64709
506.1238 564.5746 5 20.68044
504.4378 568.3776 5 20.7138
503.1461 572.1665 5 20.74716
499.2713 576.33 5 20.78051
497.2721 580.7869 5 20.81387
497.6175 585.2884 5 20.84722
497.8337 590.9256 5 20.88058
498.8145 597.5737 5 20.91393
499.1908 604.5471 5 20.94729
499.3061 610.7879 5 20.98064
499.8657 617.8239 5 21.014
500.9733 624.1106 5 21.04736
502.5401 630.6962 5 21.08071
503.2297 637.1733 5 21.11407
504.4481 642.7562 5 21.14742
506.2801 649.1231 5 21.18078
508.2703 655.5983 5 21.21413
510.7428 661.9132 5 21.24749
513.2854 668.9157 5 21.28084
516.3543 675.1118 5 21.3142
519.3309 681.7476 5 21.34756
521.9924 688.0211 5 21.38091
524.7719 694.108 5 21.41427
528.0088 700.0552 5 21.44762
530.9436 705.7975 5 21.48098
534.141 711.816 5 21.51433
537.5568 717.8569 5 21.54769
540.891 724.4113 5 21.58104
544.6464 731.1291 5 21.6144
548.7434 737.8684 5 21.64776
551.5973 743.3397 5 21.68111
554.6689 749.0843 5 21.71447
557.6103 755.2896 5 21.74782
560.9295 761.7831 5 21.78118
563.7326 767.9576 5 21.81453
566.6028 773.9495 5 21.84789
569.959 780.6117 5 21.88124
573.038 787.2694 5 21.9146
575.9984 793.4728 5 21.94796
578.5606 799.1726 5 21.98131
580.7656 805.1264 5 22.01467
582.3607 811.1119 5 22.04802
584.3917 818.0745 5 22.08138
585.7652 824.8394 5 22.11473
587.3183 831.7272 5 22.14809
588.2435 838.5955 5 22.18144
589.8148 845.9108 5 22.2148
591.6555 853.106 5 22.24816
591.4645 858.8685 5 22.28151
590.8547 864.8989 5 22.31487
588.5456 870.0546 5 22.34822
585.3895 875.7054 5 22.38158
581.0622 880.5042 5 22.41493
575.3593 881.2914 5 22.44829
568.1849 882.3092 5 22.48164
560.799 884.321 5 22.515
553.5226 885.3369 5 22.54836
546.8404 885.5077 5 22.58171
540.9464 886.6296 5 22.61507
535.3871 887.133 5 22.64842
529.1399 886.0293 5 22.68178
523.0277 886.0499 5 22.71513
515.7041 885.1425 5 22.74849
508.4398 884.4299 5 22.78184
502.4429 883.9124 5 22.8152
496.0661 882.1564 5 22.84856
489.825 880.3081 5 22.88191
483.0732 877.7395 5 22.91527
476.5655 875.1019 5 22.94862
470.076 872.2163 5 22.98198
463.2372 869.2181 5 23.01533
456.3193 865.9742 5 23.04869
449.5992 863.0099 5 23.08204
442.8948 860.1995 5 23.1154
436.1483 858.3344 5 23.14876
429.6195 857.3189 5 23.18211
423.6144 855.6175 5 23.21547
417.493 854.3741 5 23.24882
411.0574 853.1367 5 23.28218
404.2469 851.5817 5 23.31553
396.6682 850.6219 5 23.34889
390.0275 849.4956 5 23.38224
383.5552 849.1104 5 23.4156
376.7655 848.4745 5 23.44896
370.2384 847.9945 5 23.48231
363.635 848.7885 5 23.51567
357.4961 849.6912 5 23.54902
350.4809 850.7337 5 23.58238
343.5113 852.7924 5 23.61573
336.5679 855.3825 5 23.64909
329.2011 858.8747 5 23.68244
322.2895 862.9236 5 23.7158
315.2488 865.0886 5 23.74916
307.7852 866.2971 5 23.78251
301.4038 866.3753 5 23.81587
293.2049 866.2345 5 23.84922
284.5526 864.3277 5 23.88258
276.8529 864.925 5 23.91593
269.2131 866.0788 5 23.94929
261.5045 867.5083 5 23.98264
257.9548 863.5973 5 24.016
254.9469 860.7754 5 24.04936
250.9362 860.6791 5 24.08271
248.0745 859.5607 5 24.11607
244.123 857.3863 5 24.14942
241.8839 852.0126 5 24.18278
238.2203 848.4903 5 24.21613
231.5811 846.3881 5 24.24949
229.1605 842.1505 5 24.28284
225.7207 837.5739 5 24.3162
221.0638 836.3812 5 24.34956
217.7228 833.679 5 24.38291
215.2413 831.1194 5 24.41627
210.8595 829.6306 5 24.44962
204.8438 829.1792 5 24.48298
203.0981 824.8401 5 24.51633
200.3822 824.2244 5 24.54969
195.9135 822.4647 5 24.58304
193.3838 817.0092 5 24.6164
190.12 814.2141 5 24.64976
184.6954 812.1665 5 24.68311
178.3711 809.4319 5 24.71647
177.0856 804.193 5 24.74982
173.9094 800.3159 5 24.78318
168.8347 796.6993 5 24.81653
163.3131 792.9442 5 24.84989
161.9499 787.7687 5 24.88324
158.6592 784.6106 5 24.9166
156.2456 784.1371 5 24.94996
156.2399 782.3517 5 24.98331
153.8445 780.5488 5 25.01667
150.4449 776.4703 5 25.05002
150.6387 772.0005 5 25.08338
151.3188 768.3852 5 25.11673
150.2252 766.7043 5 25.15009
151.8124 765.5959 5 25.18344
153.6728 763.683 5 25.2168
153.7488 758.2967 5 25.25016
155.9487 754.0519 5 25.28351
159.595 750.4372 5 25.31687
160.3085 748.6206 5 25.35022
159.198 747.761 5 25.38358
158.4378 746.7791 5 25.41693
156.9263 745.1859 5 25.45029
157.1421 743.3762 5 25.48364
156.6842 740.6991 5 25.517
157.6165 738.5482 5 25.55036
158.9736 737.8367 5 25.58371
160.7009 736.3601 5 25.61707
160.4075 736.3105 5 25.65042
159.3629 735.0459 5 25.68378
159.9173 733.7832 5 25.71713
160.2719 733.5217 5 25.75049
160.0759 733.6212 5 25.78384
160.1137 733.2606 5 25.8172
160.4786 733.5352 5 25.85056
160.4664 733.3226 5 25.88391
159.7874 734.204 5 25.91727
162.6358 732.1355 5 25.95062
162.6358 732.1355 5 25.98398
162.268 732.0626 5 26.01733
162.1883 728.6033 5 26.05069
162.1883 728.6033 5 26.08404
163.0339 727.8913 5 26.1174
162.7272 728.8721 5 26.15076
162.7272 728.8721 5 26.18411
160.404 730.33 5 26.21747
156.7312 736.5517 5 26.25082
156.7312 736.5517 5 26.28418
155.6366 735.4705 5 26.31753
154.3974 737.7531 5 26.35089
154.3974 737.7531 5 26.38424
154.7664 739.5206 5 26.4176
154.9017 741.3665 5 26.45096
154.9017 741.3665 5 26.48431
158.1241 744.1878 5 26.51767
159.5298 743.9038 5 26.55102
159.5298 743.9038 5 26.58438
163.5374 740.878 5 26.61773
163.0965 740.9831 5 26.65109
163.0965 740.9831 5 26.68444
165.1666 744.3374 5 26.7178
165.8867 745.4598 5 26.75116
165.8867 745.4598 5 26.78451
167.7598 744.9448 5 26.81787
164.2642 747.7839 5 26.85122
164.2642 747.7839 5 26.88458
165.4105 749.3636 5 26.91793
165.173 748.825 5 26.95129
164.7814 746.1079 5 26.98464
162.9938 745.4659 5 27.018
162.5931 744.605 5 27.05136
162.2068 745.1665 5 27.08471
162.6928 744.1169 5 27.11807
162.3697 743.2102 5 27.15142
161.5946 744.6777 5 27.18478
162.6023 745.7842 5 27.21813
162.5938 746.8762 5 27.25149
162.9182 746.6504 5 27.28484
162.395 745.6026 5 27.3182
162.9017 745.8678 5 27.35156
163.2636 745.0488 5 27.38491
163.028 745.7565 5 27.41827
162.2377 747.518 5 27.45162
162.1215 747.8598 5 27.48498
162.9645 744.7134 5 27.51833
163.5476 743.4652 5 27.55169
162.815 745.1734 5 27.58504
162.1223 745.3349 5 27.6184
161.7533 744.0302 5 27.65176
160.3803 744.6091 5 27.68511
160.1042 745.6094 5 27.71847
159.301 745.8639 5 27.75182
159.3465 745.9258 5 27.78518
159.0751 745.4621 5 27.81853
160.6085 747.1771 5 27.85189
163.2244 748.4761 5 27.88524
163.9104 749.3231 5 27.9186
165.3616 749.379 5 27.95196
166.7318 748.6031 5 27.98531
168.1252 747.967 5 28.01867
168.7668 747.9204 5 28.05202
170.724 747.644 5 28.08538
171.4 748.6728 5 28.11873
172.2024 749.3999 5 28.15209
172.0831 751.183 5 28.18544
171.6474 753.6281 5 28.2188
171.3629 755.3537 5 28.25216
171.6849 756.292 5 28.28551
172.4056 757.3853 5 28.31887
173.254 758.7417 5 28.35222
172.3156 761.7579 5 28.38558
173.8175 762.4386 5 28.41893
174.9938 762.736 5 28.45229
175.2983 763.2014 5 28.48564
177.0567 762.9639 5 28.519
177.6964 763.6622 5 28.55236
177.2721 762.9119 5 28.58571
177.8335 763.8886 5 28.61907
178.5752 764.2222 5 28.65242
177.7726 761.8485 5 28.68578
177.7378 759.3334 5 28.71913
177.9483 757.9315 5 28.75249
177.7152 757.3832 5 28.78584
176.793 759.6866 5 28.8192
178.5644 762.6013 5 28.85256
179.6456 764.4856 5 28.88591
181.0429 764.8822 5 28.91927
181.7353 767.096 5 28.95262
181.6982 768.3075 5 28.98598
181.4521 766.708 5 29.01933
182.1163 767.359 5 29.05269
182.9414 768.3917 5 29.08604
183.346 768.9939 5 29.1194
183.4023 770.8819 5 29.15276
183.8761 771.4222 5 29.18611
183.9289 771.7033 5 29.21947
184.8408 774.1174 5 29.25282
185.1601 772.8055 5 29.28618
185.7056 770.6005 5 29.31953
185.8791 770.459 5 29.35289
187.4095 768.7896 5 29.38624
187.2983 768.4491 5 29.4196
186.5482 770.733 5 29.45296
185.8514 770.7118 5 29.48631
186.1358 769.8204 5 29.51967
185.8088 769.4229 5 29.55302
187.8517 768.4011 5 29.58638
188.116 768.4931 5 29.61973
186.6158 770.913 5 29.65309
186.5116 771.7846 5 29.68644
185.7157 770.7078 5 29.7198
185.097 770.5155 5 29.75316
185.1877 770.0146 5 29.78651
185.7977 767.3354 5 29.81987
188.209 766.4528 5 29.85322
188.1116 766.544 5 29.88658
186.583 767.5633 5 29.91993
186.6898 768.1698 5 29.95329
186.7691 767.5478 5 29.98664
187.4201 768.1958 5 30.02
185.1764 769.5417 5 30.05336
185.2074 768.1497 5 30.08671
184.0569 769.0964 5 30.12007
184.0883 769.2915 5 30.15342
186.4251 767.2011 5 30.18678
186.2384 766.6714 5 30.22013
185.9217 764.5636 5 30.25349
185.3782 762.4914 5 30.28684
182.1507 762.93 5 30.3202
183.4632 765.8333 5 30.35356
183.0343 767.7716 5 30.38691
182.7529 769.0834 5 30.42027
182.4239 768.7825 5 30.45362
182.1273 765.4614 5 30.48698
183.5565 762.8773 5 30.52033
183.1178 761.4268 5 30.55369
182.8789 762.539 5 30.58704
182.1079 764.0985 5 30.6204
181.3959 763.7487 5 30.65376
180.9631 762.1221 5 30.68711
181.2796 760.8777 5 30.72047
180.9735 758.5604 5 30.75382
179.3215 758.3062 5 30.78718
178.7679 759.2474 5 30.82053
178.084 760.8448 5 30.85389
177.6671 760.5779 5 30.88724
177.1919 761.2662 5 30.9206
178.6536 762.9403 5 30.95396
178.1056 765.8803 5 30.98731
177.989 767.6152 5 31.02067
180.6812 767.5696 5 31.05402
181.8355 767.0803 5 31.08738
182.5582 767.4697 5 31.12073
183.5224 767.8463 5 31.15409
184.629 767.5258 5 31.18744
185.3953 766.6594 5 31.2208
186.2303 765.5981 5 31.25416
187.1615 764.5355 5 31.28751
188.4035 763.4785 5 31.32087
189.8339 762.816 5 31.35422
189.7856 761.3776 5 31.38758
190.5666 759.6288 5 31.42093
191.4669 758.9621 5 31.45429
191.0846 759.5141 5 31.48764
191.2535 759.9635 5 31.521
192.2065 760.5213 5 31.55436
190.466 764.211 5 31.58771
188.0818 766.9432 5 31.62107
186.5938 769.3105 5 31.65442
185.771 771.7366 5 31.68778
185.8322 774.2755 5 31.72113
185.1939 775.67 5 31.75449
185.9605 776.655 5 31.78784
185.5199 776.7449 5 31.8212
186.3355 777.4478 5 31.85456
186.5233 779.3599 5 31.88791
188.1903 778.057 5 31.92127
188.2568 777.4266 5 31.95462
188.851 779.775 5 31.98798
190.1966 780.2442 5 32.02133
190.3125 778.1813 5 32.05469
192.2958 778.5251 5 32.08804
193.0431 779.9122 5 32.1214
192.3125 780.8039 5 32.15476
192.2718 778.7274 5 32.18811
192.4654 776.7859 5 32.22147
192.9169 774.9996 5 32.25482
192.9136 772.6891 5 32.28818
191.5477 773.2554 5 32.32153
189.9416 771.568 5 32.35489
189.1099 771.1556 5 32.38824
189.0042 772.3312 5 32.4216
189.7457 770.4857 5 32.45496
189.8297 768.4356 5 32.48831
189.4056 767.5873 5 32.52167
188.0772 767.6683 5 32.55502
186.8966 769.5826 5 32.58838
184.4185 771.7212 5 32.62173
182.1471 771.1496 5 32.65509
181.9137 769.5379 5 32.68844
182.3732 769.5057 5 32.7218
180.7673 770.4992 5 32.75516
182.184 771.238 5 32.78851
181.9758 771.5528 5 32.82187
182.0566 771.0947 5 32.85522
183.064 768.9933 5 32.88858
184.9469 767.2405 5 32.92193
184.976 766.4384 5 32.95529
186.8465 766.9479 5 32.98864
189.8601 765.8441 5 33.022
191.9274 764.4388 5 33.05536
196.0416 764.1153 5 33.08871
198.1158 763.8622 5 33.12207
198.9127 765.5617 5 33.15542
201.2165 764.9061 5 33.18878
202.615 765.77 5 33.22213
204.5062 766.9629 5 33.25549
204.3763 767.0162 5 33.28884
205.1819 766.492 5 33.3222
205.1895 768.1846 5 33.35556
204.7335 768.0059 5 33.38891
205.0866 770.1898 5 33.42227
206.7412 769.6626 5 33.45562
208.9647 770.5005 5 33.48898
211.6357 770.1939 5 33.52233
214.5904 768.8141 5 33.55569
214.3028 768.1341 5 33.58904
214.4322 766.137 5 33.6224
214.8991 765.6468 5 33.65576
215.1784 765.2291 5 33.68911
214.3673 765.7057 5 33.72247
214.241 765.5975 5 33.75582
212.5451 764.9323 5 33.78918
213.2057 763.9827 5 33.82253
211.5995 765.0277 5 33.85589
211.7081 765.1502 5 33.88924
212.1815 764.8805 5 33.9226
213.2507 764.345 5 33.95596
212.9341 764.1109 5 33.98931
213.7986 764.728 5 34.02267
213.9186 765.4663 5 34.05602
213.9985 764.3401 5 34.08938
213.0059 764.0949 5 34.12273
211.0931 764.8078 5 34.15609
209.6489 763.2912 5 34.18944
206.4078 761.838 5 34.2228
203.72 759.2944 5 34.25616
203.1439 757.5231 5 34.28951
201.4326 757.0665 5 34.32287
201.1781 755.729 5 34.35622
200.5713 755.007 5 34.38958
200.5192 756.8004 5 34.42293
198.9684 757.9299 5 34.45629
199.4899 758.3452 5 34.48964
200.3385 759.1113 5 34.523
200.8178 760.3297 5 34.55636
202.4239 760.609 5 34.58971
203.2659 759.9529 5 34.62307
204.3252 759.8724 5 34.65642
203.9754 760.956 5 34.68978
205.4738 759.6781 5 34.72313
208.2788 758.8269 5 34.75649
208.5575 759.9774 5 34.78984
209.8059 759.9732 5 34.8232
211.4636 759.5711 5 34.85656
210.6347 760.3764 5 34.88991
210.2298 760.1145 5 34.92327
211.0565 761.1341 5 34.95662
210.5942 762.362 5 34.98998
210.2749 763.3252 5 35.02333
211.5053 763.7172 5 35.05669
209.2783 763.9075 5 35.09004
208.1892 765.1304 5 35.1234
207.4007 766.2585 5 35.15676
206.9949 764.8609 5 35.19011
204.3208 764.5006 5 35.22347
203.4845 764.5564 5 35.25682
201.0911 765.7767 5 35.29018
199.2919 765.5804 5 35.32353
198.4799 766.3265 5 35.35689
196.2249 766.6349 5 35.39024
196.8176 767.3487 5 35.4236
197.5522 768.132 5 35.45696
198.12 768.3069 5 35.49031
198.7816 768.9578 5 35.52367
200.1342 769.9562 5 35.55702
200.199 769.149 5 35.59038
198.3425 769.2058 5 35.62373
197.1771 767.3285 5 35.65709
197.5823 766.4498 5 35.69044
197.837 766.831 5 35.7238
198.6219 767.1014 5 35.75716
198.7273 767.9621 5 35.79051
199.5491 767.3937 5 35.82387
200.6698 768.3553 5 35.85722
201.824 768.7288 5 35.89058
202.1866 770.2043 5 35.92393
203.4124 770.2131 5 35.95729
203.9624 770.6 5 35.99064
204.4326 771.0923 5 36.024
206.594 771.1379 5 36.05736
208.2936 770.7917 5 36.09071
210.3177 771.0384 5 36.12407
213.284 770.9548 5 36.15742
214.929 770.6179 5 36.19078
215.1946 771.0937 5 36.22413
215.845 769.9784 5 36.25749
215.9162 768.8462 5 36.29084
216.4855 767.3671 5 36.3242
215.8913 766.8435 5 36.35756
215.018 766.8385 5 36.39091
215.8058 766.6484 5 36.42427
216.3085 766.2233 5 36.45762
218.1674 765.0099 5 36.49098
219.5454 764.2494 5 36.52433
217.7697 764.6215 5 36.55769
217.3166 764.6422 5 36.59104
216.5862 763.956 5 36.6244
215.6279 764.3049 5 36.65776
214.3205 764.4512 5 36.69111
213.7287 763.8184 5 36.72447
214.5827 764.4291 5 36.75782
216.6749 765.6924 5 36.79118
216.8835 766.6761 5 36.82453
217.2758 767.56 5 36.85789
217.2309 768.1205 5 36.89124
218.8937 767.8994 5 36.9246
217.9398 767.622 5 36.95796
217.8901 767.0746 5 36.99131
218.1874 767.5765 5 37.02467
218.6577 768.1942 5 37.05802
218.4828 768.5653 5 37.09138
218.0204 767.167 5 37.12473
218.4518 766.7106 5 37.15809
219.75 767.2011 5 37.19144
220.4949 768.083 5 37.2248
219.7631 767.87 5 37.25816
220.8758 767.8533 5 37.29151
221.3259 767.9915 5 37.32487
221.1994 767.1696 5 37.35822
220.6407 768.3338 5 37.39158
220.8176 767.7783 5 37.42493
220.5553 768.7642 5 37.45829
220.3256 770.2982 5 37.49164
220.5114 771.2277 5 37.525
221.6135 769.8616 5 37.55836
221.4895 769.6137 5 37.59171
221.1495 770.8664 5 37.62507
220.7999 769.4821 5 37.65842
221.8592 769.5071 5 37.69178
220.3689 767.8185 5 37.72513
220.4483 767.7187 5 37.75849
219.8932 767.0589 5 37.79184
217.8231 767.2877 5 37.8252
217.3855 767.978 5 37.85856
215.0699 768.9321 5 37.89191
214.7245 769.5182 5 37.92527
215.6051 768.3679 5 37.95862
215.3381 767.9698 5 37.99198
214.4282 769.7253 5 38.02533
213.1978 770.4733 5 38.05869
212.3852 771.5186 5 38.09204
212.1584 772.0391 5 38.1254
212.6426 772.9323 5 38.15876
214.2982 772.7161 5 38.19211
214.3505 774.4283 5 38.22547
213.4027 774.5892 5 38.25882
214.0229 775.4204 5 38.29218
214.6983 775.8739 5 38.32553
215.2653 775.7982 5 38.35889
217.2301 775.9025 5 38.39224
218.326 775.703 5 38.4256
220.324 773.4812 5 38.45896
220.2093 772.8693 5 38.49231
222.0741 773.7554 5 38.52567
222.3666 774.802 5 38.55902
223.3648 775.3048 5 38.59238
223.8957 775.6057 5 38.62573
224.9508 775.1188 5 38.65909
225.9179 774.5207 5 38.69244
225.8751 774.6214 5 38.7258
225.6239 774.6261 5 38.75916
225.6136 774.833 5 38.79251
224.9273 773.4524 5 38.82587
224.1212 772.5328 5 38.85922
223.3784 770.7689 5 38.89258
223.4617 770.1347 5 38.92593
222.3512 771.6699 5 38.95929
222.55 772.8595 5 38.99264
222.62 773.5821 5 39.026
223.0358 774.054 5 39.05936
223.7347 772.7336 5 39.09271
223.221 772.574 5 39.12607
222.7305 773.3189 5 39.15942
222.7199 774.3094 5 39.19278
221.3332 774.6571 5 39.22613
220.4825 776.1716 5 39.25949
220.3794 776.3103 5 39.29284
219.8758 775.1769 5 39.3262
220.3759 774.507 5 39.35956
220.0066 774.4736 5 39.39291
219.5736 775.6463 5 39.42627
219.5172 774.7744 5 39.45962
219.5302 775.0645 5 39.49298
220.7676 775.1915 5 39.52633
220.039 775.5202 5 39.55969
221.892 775.2696 5 39.59304
222.2973 775.1166 5 39.6264
223.0812 775.6106 5 39.65976
223.7198 777.0401 5 39.69311
223.601 778.7145 5 39.72647
222.6388 779.9235 5 39.75982
221.7822 781.1672 5 39.79318
221.9976 780.7997 5 39.82653
221.0826 780.4617 5 39.85989
221.1105 779.5002 5 39.89324
221.0644 779.3216 5 39.9266
222.2209 778.5654 5 39.95996
223.1712 777.7941 5 39.99331
223.8693 775.148 5 40.02667
226.9187 773.8635 5 40.06002
228.278 772.2756 5 40.09338
226.5936 773.5841 5 40.12673
226.6656 772.7303 5 40.16009
225.6373 772.99 5 40.19344
224.5432 774.3145 5 40.2268
222.6865 776.2952 5 40.26016
222.771 776.5385 5 40.29351
223.3131 776.4947 5 40.32687
223.7408 776.6233 5 40.36022
224.5095 776.5642 5 40.39358
224.5152 775.7729 5 40.42693
224.6475 775.904 5 40.46029
225.394 775.7298 5 40.49364
227.0157 775.3918 5 40.527
228.9635 775.6672 5 40.56036
229.0943 775.2902 5 40.59371
229.5114 775.0902 5 40.62707
229.5537 775.7876 5 40.66042
229.3287 775.2513 5 40.69378
228.8416 775.5774 5 40.72713
227.9902 776.3299 5 40.76049
227.8871 775.9988 5 40.79384
227.4644 776.0304 5 40.8272
227.9591 776.9034 5 40.86056
228.2705 777.5052 5 40.89391
227.7897 776.5628 5 40.92727
227.889 776.8513 5 40.96062
229.0064 776.157 5 40.99398
228.2596 775.2306 5 41.02733
227.7607 775.7166 5 41.06069
228.0101 775.7419 5 41.09404
229.1735 775.8893 5 41.1274
228.5023 776.316 5 41.16076
229.1976 775.9045 5 41.19411
227.9306 775.8376 5 41.22747
228.3602 774.2759 5 41.26082
227.5461 774.1146 5 41.29418
226.17 774.8227 5 41.32753
226.1518 774.7829 5 41.36089
225.6626 775.2907 5 41.39424
225.4343 774.9102 5 41.4276
225.746 774.6049 5 41.46096
226.5246 773.7816 5 41.49431
226.2423 771.5234 5 41.52767
226.5744 771.11 5 41.56102
226.1579 771.2952 5 41.59438
225.1575 772.8179 5 41.62773
224.0173 773.7432 5 41.66109
222.669 775.1786 5 41.69444
223.3106 774.023 5 41.7278
224.2903 773.9547 5 41.76116
224.1905 772.8875 5 41.79451
224.7207 771.7578 5 41.82787
226.3602 770.4471 5 41.86122
228.2235 768.7269 5 41.89458
227.554 769.343 5 41.92793
227.9694 768.6237 5 41.96129
228.1106 769.3098 5 41.99464
227.991 770.0245 5 42.028
228.1791 769.5448 5 42.06136
227.5703 768.6178 5 42.09471
227.5658 768.9195 5 42.12807
226.8827 769.9804 5 42.16142
226.3317 770.2053 5 42.19478
224.6005 770.6007 5 42.22813
221.9567 772.3524 5 42.26149
221.1926 774.4919 5 42.29484
220.0076 775.268 5 42.3282
219.9665 775.1781 5 42.36156
221.5866 773.04 5 42.39491
223.7357 770.5396 5 42.42827
223.9123 769.4452 5 42.46162
224.503 768.883 5 42.49498
225.6413 768.8073 5 42.52833
226.6186 767.6532 5 42.56169
226.2439 766.4601 5 42.59504
226.6812 766.0421 5 42.6284
229.3659 764.8808 5 42.66176
229.2189 764.6456 5 42.69511
229.9887 764.7861 5 42.72847
228.1512 766.1102 5 42.76182
225.8856 768.9596 5 42.79518
224.9655 769.0034 5 42.82853
223.828 767.5743 5 42.86189
222.9598 766.5561 5 42.89524
222.6413 766.3127 5 42.9286
221.6145 766.6627 5 42.96196
221.98 766.7627 5 42.99531
222.6949 765.8282 5 43.02867
221.645 765.0999 5 43.06202
221.925 766.5105 5 43.09538
222.0844 766.7299 5 43.12873
221.388 766.4319 5 43.16209
220.226 766.572 5 43.19544
221.4912 767.4831 5 43.2288
220.9426 768.7957 5 43.26216
221.0439 769.392 5 43.29551
222.3147 768.3613 5 43.32887
221.2575 769.1794 5 43.36222
221.7816 768.7367 5 43.39558
221.7225 769.0357 5 43.42893
221.1502 769.5383 5 43.46229
220.9437 769.8281 5 43.49564
220.4525 770.3193 5 43.529
220.5669 770.4963 5 43.56236
219.0556 770.5205 5 43.59571
218.5008 770.2493 5 43.62907
218.3255 770.7914 5 43.66242
216.7782 770.9166 5 43.69578
217.0979 769.0632 5 43.72913
215.371 767.9141 5 43.76249
215.338 768.3707 5 43.79584
214.7672 768.3801 5 43.8292
213.488 769.6131 5 43.86256
215.3762 769.5556 5 43.89591
216.5886 769.2856 5 43.92927
218.2549 768.0531 5 43.96262
216.4478 768.8902 5 43.99598
217.3242 769.5321 5 44.02933
217.7861 769.5551 5 44.06269
218.4769 769.9196 5 44.09604
219.7028 770.6567 5 44.1294
220.0257 771.3262 5 44.16276
219.8754 773.5443 5 44.19611
219.4594 775.9875 5 44.22947
219.4483 777.8448 5 44.26282
220.0363 778.3366 5 44.29618
220.668 778.5911 5 44.32953
221.749 778.5497 5 44.36289
223.5765 779.0167 5 44.39624
224.0386 778.3003 5 44.4296
225.2517 777.1549 5 44.46296
224.8271 777.1802 5 44.49631
224.4083 776.1654 5 44.52967
224.484 776.0122 5 44.56302
223.9309 776.3984 5 44.59638
223.8087 775.2076 5 44.62973
223.2388 774.2333 5 44.66309
223.8922 773.7513 5 44.69644
224.0779 773.7662 5 44.7298
223.4505 774.8208 5 44.76316
223.1183 775.0362 5 44.79651
224.2499 774.7443 5 44.82987
224.5197 774.8178 5 44.86322
224.4898 776.0969 5 44.89658
225.3057 775.8012 5 44.92993
225.539 775.0103 5 44.96329
225.1494 772.6535 5 44.99664
226.2539 770.8165 5 45.03
226.4033 770.1498 5 45.06336
225.9488 770.74 5 45.09671
224.607 773.2441 5 45.13007
224.2728 774.7624 5 45.16342
223.4541 773.7734 5 45.19678
223.5278 772.8365 5 45.23013
224.5914 772.886 5 45.26349
225.3205 772.0528 5 45.29684
225.9174 771.645 5 45.3302
226.3145 771.6389 5 45.36356
226.9402 772.2949 5 45.39691
227.2671 772.9097 5 45.43027
227.8108 774.3931 5 45.46362
228.8743 776.6434 5 45.49698
227.9689 778.3129 5 45.53033
228.1823 779.9118 5 45.56369
227.9816 779.5642 5 45.59704
227.8984 779.0903 5 45.6304
229.1149 778.8747 5 45.66376
228.6898 778.5152 5 45.69711
228.9361 777.0238 5 45.73047
227.9369 776.3303 5 45.76382
227.552 776.5809 5 45.79718
226.7559 778.6784 5 45.83053
226.9845 778.577 5 45.86389
226.8432 778.9872 5 45.89724
228.1323 780.3028 5 45.9306
227.6372 782.8973 5 45.96396
229.0413 783.3031 5 45.99731
229.9078 784.085 5 46.03067
231.5734 785.6006 5 46.06402
233.4849 787.3662 5 46.09738
233.9791 789.4416 5 46.13073
234.445 790.3128 5 46.16409
235.5735 790.8202 5 46.19744
237.2866 790.4883 5 46.2308
238.3181 790.3716 5 46.26416
238.2961 791.3104 5 46.29751
238.4117 790.4787 5 46.33087
238.3452 789.5664 5 46.36422
238.3477 789.1037 5 46.39758
236.7888 786.6345 5 46.43093
234.2146 786.3223 5 46.46429
231.6061 784.9199 5 46.49764
230.1851 783.2615 5 46.531
229.9504 780.1842 5 46.56436
227.6859 779.9225 5 46.59771
227.2215 780.3944 5 46.63107
226.3817 780.6698 5 46.66442
227.1365 782.0145 5 46.69778
228.574 783.324 5 46.73113
230.2372 783.2104 5 46.76449
231.1976 783.3588 5 46.79784
232.1303 782.7385 5 46.8312
231.6169 782.5406 5 46.86456
232.7531 782.8978 5 46.89791
233.7199 782.6359 5 46.93127
233.2824 783.4859 5 46.96462
233.7535 783.5465 5 46.99798
233.6728 783.3177 5 47.03133
233.6702 782.4346 5 47.06469
234.4262 782.4294 5 47.09804
234.1089 781.4747 5 47.1314
233.6379 780.5229 5 47.16476
234.6494 780.471 5 47.19811
233.3418 782.2163 5 47.23147
233.0629 784.5549 5 47.26482
233.5014 786.5077 5 47.29818
234.7421 787.081 5 47.33153
235.1432 788.485 5 47.36489
235.0356 790.3118 5 47.39824
236.6569 790.9737 5 47.4316
241.7106 792.486 5 47.46496
246.3011 793.469 5 47.49831
252.0557 792.6358 5 47.53167
256.7384 795.5358 5 47.56502
260.3929 795.7392 5 47.59838
260.845 795.8895 5 47.63173
261.7062 797.0592 5 47.66509
260.9981 797.8472 5 47.69844
261.9176 795.8146 5 47.7318
261.0306 793.0969 5 47.76516
259.1666 794.2843 5 47.79851
258.4259 794.1261 5 47.83187
256.3058 793.4886 5 47.86522
252.0971 795.1647 5 47.89858
248.0183 794.6291 5 47.93193
243.0878 793.669 5 47.96529
237.7223 793.1011 5 47.99864
231.309 790.7322 5 48.032
225.7523 788.58 5 48.06536
220.7612 785.451 5 48.09871
215.864 781.0204 5 48.13207
209.8183 776.9829 5 48.16542
202.7991 773.4838 5 48.19878
195.9297 771.0429 5 48.23213
189.8718 768.8713 5 48.26549
184.0025 767.5325 5 48.29884
177.777 767.0888 5 48.3322
170.6978 766.5557 5 48.36556
164.7564 767.1508 5 48.39891
158.9375 768.6378 5 48.43227
153.4901 770.6086 5 48.46562
149.9322 771.0113 5 48.49898
150.2386 767.7342 5 48.53233
147.8678 766.7893 5 48.56569
143.8007 766.3125 5 48.59904
137.645 765.8463 5 48.6324
131.0515 764.8274 5 48.66576
128.6192 763.2398 5 48.69911
125.0139 760.817 5 48.73247
119.4443 758.5 5 48.76582
113.8247 754.7177 5 48.79918
107.7965 750.2766 5 48.83253
102.7342 745.9962 5 48.86589
101.1968 740.4035 5 48.89924
102.2492 733.1942 5 48.9326
101.6272 726.2354 5 48.96596
99.83298 719.2873 5 48.99931
97.17584 713.1162 5 49.03267
93.94105 707.5657 5 49.06602
90.46471 702.0691 5 49.09938
86.41677 696.8712 5 49.13273
82.53354 691.98 5 49.16609
78.82055 686.948 5 49.19944
75.01978 681.5741 5 49.2328
71.18751 676.6586 5 49.26616
66.88062 670.8861 5 49.29951
62.82641 665.026 5 49.33287
59.73427 660.1677 5 49.36622
59.46217 655.6842 5 49.39958
58.81779 649.7592 5 49.43293
57.47088 642.9076 5 49.46629
55.04699 636.3901 5 49.49964
52.54682 630.4711 5 49.533
49.62425 622.6053 5 49.56636
46.43535 615.8572 5 49.59971
44.0306 609.4801 5 49.63307
42.07478 603.8801 5 49.66642
39.47692 597.9579 5 49.69978
38.37576 592.6172 5 49.73313
37.60425 586.169 5 49.76649
35.90289 579.191 5 49.79984
34.41392 572.018 5 49.8332
32.25746 564.88 5 49.86656
33.03168 558.5681 5 49.89991
36.16205 551.3546 5 49.93327
37.92274 543.6501 5 49.96662
38.96614 535.9784 5 49.99998
39.38133 529.2014 5 50.03333
40.00077 522.5897 5 50.06669
40.18598 515.9984 5 50.10004
40.84929 509.6093 5 50.1334
40.57348 503.174 5 50.16676
40.34335 497.6328 5 50.20011
40.07578 491.1305 5 50.23347
40.14069 483.638 5 50.26682
39.61045 476.8048 5 50.30018
38.82463 470.4164 5 50.33353
37.78661 464.1127 5 50.36689
36.59485 457.8843 5 50.40024
35.0652 451.4459 5 50.4336
33.37964 444.3419 5 50.46696
32.17657 438.2913 5 50.50031
34.12553 436.2661 5 50.53367
34.80323 433.6164 5 50.56702
33.60605 430.8101 5 50.60038
32.27477 426.4718 5 50.63373
31.39479 420.6091 5 50.66709
33.6285 416.3821 5 50.70044
34.62503 412.4596 5 50.7338
35.39996 407.4179 5 50.76716
36.26874 400.4772 5 50.80051
36.51206 394.0261 5 50.83387
38.55844 388.2705 5 50.86722
39.63328 381.6832 5 50.90058
41.30352 374.5415 5 50.93393
42.5901 366.6408 5 50.96729
46.9038 361.76 5 51.00064
50.84932 355.6002 5 51.034
53.61855 349.7077 5 51.06736
55.90655 342.9546 5 51.10071
57.84735 336.3463 5 51.13407
59.35735 330.2084 5 51.16742
61.42219 324.0571 5 51.20078
63.22786 318.4488 5 51.23413
65.70785 311.7018 5 51.26749
68.06825 304.1682 5 51.30084
71.08792 296.7216 5 51.3342
73.24663 289.5685 5 51.36756
75.26641 283.2666 5 51.40091
77.49561 277.8325 5 51.43427
81.17424 275.8327 5 51.46762
84.22245 272.0618 5 51.50098
87.97466 266.6262 5 51.53433
91.98209 261.7017 5 51.56769
95.83374 256.1852 5 51.60104
100.1183 250.6251 5 51.6344
104.0824 244.9205 5 51.66776
107.888 240.097 5 51.70111
111.6761 234.8781 5 51.73447
115.6784 229.7498 5 51.76782
119.9476 225.3691 5 51.80118
124.0842 220.7983 5 51.83453
128.1134 215.9917 5 51.86789
132.831 210.8984 5 51.90124
138.2701 205.3901 5 51.9346
143.0582 200.2328 5 51.96796
147.451 194.8076 5 52.00131
151.6211 189.9872 5 52.03467
155.0167 184.4949 5 52.06802
159.1426 178.9527 5 52.10138
162.9459 173.5893 5 52.13473
167.1067 168.4654 5 52.16809
171.2538 163.7236 5 52.20144
174.7563 158.7397 5 52.2348
178.8579 153.926 5 52.26816
182.6474 148.4592 5 52.30151
186.2347 143.7458 5 52.33487
189.8463 139.2581 5 52.36822
194.5872 136.8292 5 52.40158
198.6477 133.8741 5 52.43493
203.1102 130.2685 5 52.46829
208.0337 125.5283 5 52.50164
213.3572 120.0763 5 52.535
218.6544 115.44 5 52.56836
224.0383 111.7069 5 52.60171
229.3229 108.4722 5 52.63507
234.0883 105.1665 5 52.66842
238.8085 101.1661 5 52.70178
243.4531 99.97131 5 52.73513
249.6234 100.5476 5 52.76849
255.5051 99.98924 5 52.80184
261.0573 98.98304 5 52.8352
266.7178 97.47589 5 52.86856
272.5206 96.61952 5 52.90191
278.3585 95.34508 5 52.93527
284.3464 93.85699 5 52.96862
290.0544 92.23943 5 53.00198
295.5969 89.98733 5 53.03533
301.4977 88.06436 5 53.06869
307.305 86.21904 5 53.10204
313.2048 84.96851 5 53.1354
319.2582 83.36215 5 53.16876
325.3174 82.37483 5 53.20211
331.3809 81.38874 5 53.23547
337.3962 81.05008 5 53.26882
343.4104 80.51669 5 53.30218
349.7835 80.07884 5 53.33553
355.9193 79.96597 5 53.36889
362.3085 79.64264 5 53.40224
368.6511 79.1124 5 53.4356
375.8816 78.66305 5 53.46896
382.9535 78.07616 5 53.50231
389.2593 77.5063 5 53.53567
396.2332 76.80486 5 53.56902
403.0458 77.1145 5 53.60238
409.551 76.28619 5 53.63573
415.6761 75.46409 5 53.66909
421.8371 73.68086 5 53.70244
428.4823 71.43128 5 53.7358
435.0649 69.19285 5 53.76916
441.8454 66.79496 5 53.80251
448.1555 64.56364 5 53.83587
454.5989 62.43948 5 53.86922
460.7811 60.27597 5 53.90258
467.4604 57.94667 5 53.93593
473.4878 55.37459 5 53.96929
479.25 53.18907 5 54.00264
484.8764 51.42425 5 54.036
490.7181 49.59731 5 54.06936
497.0705 48.51547 5 54.10271
503.4047 47.71985 5 54.13607
509.9385 46.48876 5 54.16942
515.7081 45.00392 5 54.20278
521.347 44.02699 5 54.23613
526.9149 42.56319 5 54.26949
532.9559 41.12354 5 54.30284
539.3639 39.66373 5 54.3362
546.1594 37.6323 5 54.36956
552.7976 37.23249 5 54.40291
558.5332 38.19743 5 54.43627
564.6068 38.70417 5 54.46962
570.9386 39.41519 5 54.50298
576.9211 40.32442 5 54.53633
582.2226 41.3148 5 54.56969
588.1255 42.87521 5 54.60304
594.1931 44.78414 5 54.6364
599.7082 47.05733 5 54.66976
605.0772 48.75638 5 54.70311
610.0211 50.274 5 54.73647
616.005 52.06744 5 54.76982
622.5652 53.42195 5 54.80318
629.2254 54.9655 5 54.83653
635.7831 56.08702 5 54.86989
641.5145 57.04075 5 54.90324
645.7191 61.42198 5 54.9366
651.1 65.83955 5 54.96996
657.3122 69.63978 5 55.00331
662.4945 72.5412 5 55.03667
668.3642 76.22514 5 55.07002
673.5848 79.83873 5 55.10338
679.0675 83.07248 5 55.13673
685.0041 86.60751 5 55.17009
691.2811 90.68356 5 55.20344
697.1094 94.94408 5 55.2368
702.4381 98.34559 5 55.27016
707.5334 101.7125 5 55.30351
713.3307 105.0799 5 55.33687
719.5433 107.9125 5 55.37022
726.1577 110.2621 5 55.40358
732.6219 112.4262 5 55.43693
738.5844 114.4584 5 55.47029
744.1501 115.865 5 55.50364
749.3496 118.3329 5 55.537
755.7854 121.1797 5 55.57036
761.1106 123.2732 5 55.60371
763.1155 127.3865 5 55.63707
766.0363 133.3158 5 55.67042
768.9982 138.5892 5 55.70378
771.9434 143.54 5 55.73713
774.3729 149.6167 5 55.77049
777.1152 155.6471 5 55.80384
779.8492 162.9353 5 55.8372
782.1822 169.6232 5 55.87056
784.2167 176.0214 5 55.90391
786.7928 182.4067 5 55.93727
788.9171 188.3105 5 55.97062
791.1946 194.8104 5 56.00398
793.7574 201.9534 5 56.03733
796.4146 208.1645 5 56.07069
799.0949 215.2305 5 56.10404
801.8922 221.6401 5 56.1374
804.7971 227.8248 5 56.17076
808.646 234.9158 5 56.20411
812.2173 240.204 5 56.23747
816.1798 245.1502 5 56.27082
820.2461 250.3438 5 56.30418
824.2096 254.6041 5 56.33753
828.057 258.7397 5 56.37089
832.7043 263.1045 5 56.40424
837.1814 267.4812 5 56.4376
840.986 271.4729 5 56.47096
845.1958 275.9609 5 56.50431
849.7494 280.4107 5 56.53767
853.8378 285.0021 5 56.57102
857.9765 289.1282 5 56.60438
862.1331 292.8031 5 56.63773
867.2417 296.9922 5 56.67109
873.2617 301.401 5 56.70444
879.0219 306.1526 5 56.7378
884.4952 309.9105 5 56.77116
889.8114 313.5423 5 56.80451
891.8961 317.0927 5 56.83787
895.226 320.2628 5 56.87122
899.6555 323.3746 5 56.90458
903.0722 326.4523 5 56.93793
906.3495 329.9321 5 56.97129
909.5778 334.2524 5 57.00464
912.8951 340.0902 5 57.038
916.5274 346.4872 5 57.07136
919.7365 352.1328 5 57.10471
920.3467 358.0799 5 57.13807
921.5332 364.4 5 57.17142
923.3684 371.0864 5 57.20478
925.6416 377.9244 5 57.23813
927.2825 385.3038 5 57.27149
928.582 392.1034 5 57.30484
930.119 399.0492 5 57.3382
931.7742 405.6511 5 57.37156
932.4531 412.1632 5 57.40491
930.7326 419.0627 5 57.43827
930.4707 425.5756 5 57.47162
930.8033 432.1653 5 57.50498
931.8147 439.5187 5 57.53833
932.2955 447.7963 5 57.57169
932.7757 455.3279 5 57.60504
933.5395 462.4435 5 57.6384
933.9235 469.6331 5 57.67176
934.6994 476.8262 5 57.70511
935.7355 484.7309 5 57.73847
935.9537 491.3744 5 57.77182
932.8834 496.9969 5 57.80518
931.6528 503.3609 5 57.83853
929.7922 509.8342 5 57.87189
928.2325 516.313 5 57.90524
926.452 523.7009 5 57.9386
924.5406 530.8761 5 57.97196
922.7354 537.2007 5 58.00531
920.9912 543.1903 5 58.03867
919.0721 549.8082 5 58.07202
917.1163 556.5377 5 58.10538
914.7637 564.3468 5 58.13873
912.1878 571.7273 5 58.17209
910.5895 578.2355 5 58.20544
908.9778 584.8703 5 58.2388
907.3137 591.6265 5 58.27216
905.3405 598.1369 5 58.30551
903.402 605.0862 5 58.33887
901.5554 611.152 5 58.37222
899.7619 616.9803 5 58.40558
898.2278 623.22 5 58.43893
896.0395 629.8311 5 58.47229
894.1153 636.9484 5 58.50564
891.5488 644.1783 5 58.539
889.4627 651.3491 5 58.57236
887.7978 657.6447 5 58.60571
886.2863 664.248 5 58.63907
885.274 670.615 5 58.67242
884.5241 676.9466 5 58.70578
884.6135 683.4859 5 58.73913
883.4909 689.0471 5 58.77249
879.1863 691.4743 5 58.80584
874.8814 695.3153 5 58.8392
870.4615 700.5702 5 58.87256
865.7603 705.4729 5 58.90591
861.642 710.0797 5 58.93927
856.2919 714.308 5 58.97262
849.996 718.5608 5 59.00598
844.2569 722.5362 5 59.03933
838.0659 726.69 5 59.07269
831.9549 730.8736 5 59.10604
825.578 734.6254 5 59.1394
819.4484 738.2274 5 59.17276
813.5906 741.9599 5 59.20611
807.5592 745.4507 5 59.23947
801.3926 748.7659 5 59.27282
795.2232 752.0012 5 59.30618
789.1162 755.7289 5 59.33953
783.5138 759.289 5 59.37289
777.9451 763.4669 5 59.40624
771.8067 767.2676 5 59.4396
766.5576 771.2662 5 59.47296
761.9579 775.841 5 59.50631
757.6377 779.4431 5 59.53967
753.0704 784.6872 5 59.57302
748.4073 789.0219 5 59.60638
744.2162 793.863 5 59.63973
739.828 799.6231 5 59.67309
735.5319 805.1866 5 59.70644
731.9478 810.7349 5 59.7398
729.0145 816.3578 5 59.77316
725.6606 822.4392 5 59.80651
722.7426 827.8066 5 59.83987
719.8516 833.6246 5 59.87322
717.8447 839.583 5 59.90658
715.8973 846.0764 5 59.93993
714.4187 852.1932 5 59.97329
712.7293 858.6692 5 60.00664
710.885 866.369 5 60.04
708.8317 872.8142 5 60.07336
705.5254 877.048 5 60.10671
701.7165 882.587 5 60.14007
697.839 887.7652 5 60.17342
693.5004 893.2106 5 60.20678
