656.9727 821.617 8 0
737.4729 388.3358 8 0.03335556
731.4311 388.1526 8 0.06671111
724.3686 388.2937 8 0.1000667
718.0859 388.4836 8 0.1334222
712.0937 388.9871 8 0.1667778
705.7988 390.0788 8 0.2001333
699.0742 391.5753 8 0.2334889
692.5453 393.3428 8 0.2668444
685.9308 395.4116 8 0.3002
679.6392 397.9167 8 0.3335556
673.4421 400.7421 8 0.3669111
667.6687 404.1324 8 0.4002667
661.8677 407.7776 8 0.4336222
656.5465 411.895 8 0.4669778
651.4445 416.0991 8 0.5003333
646.2709 421.07 8 0.5336889
641.946 426.0023 8 0.5670444
637.7244 431.4702 8 0.6004
633.9085 437.3802 8 0.6337556
630.4551 443.4315 8 0.6671111
627.6806 449.78 8 0.7004667
625.0379 456.1596 8 0.7338222
622.7521 462.4922 8 0.7671778
620.8445 469.2844 8 0.8005333
620.5219 475.5928 8 0.8338889
621.3489 481.4383 8 0.8672444
622.4039 487.5365 8 0.9006
624.0321 493.7118 8 0.9339556
625.6112 499.6182 8 0.9673111
625.4711 506.2938 8 1.000667
625.8303 512.8126 8 1.034022
626.3752 519.0874 8 1.067378
627.0402 525.9255 8 1.100733
626.7197 532.0721 8 1.134089
624.379 538.6205 8 1.167444
622.6217 544.5262 8 1.2008
620.8846 550.8754 8 1.234156
619.2955 556.8085 8 1.267511
617.7671 562.6136 8 1.300867
616.5394 568.5768 8 1.334222
614.9045 574.8494 8 1.367578
613.8027 580.9941 8 1.400933
612.7093 587.2736 8 1.434289
611.6662 593.877 8 1.467644
610.8541 600.3336 8 1.501
610.4213 606.9978 8 1.534356
610.0471 613.5063 8 1.567711
609.8214 620.2896 8 1.601067
610.0548 627.1338 8 1.634422
610.6061 634.098 8 1.667778
611.3925 640.9544 8 1.701133
612.5933 646.9742 8 1.734489
614.2055 653.3525 8 1.767844
616.3112 660.3161 8 1.8012
618.9791 666.7873 8 1.834556
621.3439 672.7974 8 1.867911
621.8405 678.5172 8 1.901267
623.2954 684.6648 8 1.934622
624.6957 690.7499 8 1.967978
625.9877 696.7711 8 2.001333
626.8265 702.6095 8 2.034689
627.3883 708.961 8 2.068044
628.5349 715.7467 8 2.1014
629.1586 721.6962 8 2.134756
628.1096 728.2958 8 2.168111
628.1627 734.4111 8 2.201467
627.8935 740.9365 8 2.234822
627.9288 747.3809 8 2.268178
627.726 753.8563 8 2.301533
627.6134 760.0385 8 2.334889
627.4983 766.9044 8 2.368244
626.9588 773.3071 8 2.4016
626.5486 779.8798 8 2.434956
625.624 786.1456 8 2.468311
624.7855 792.6942 8 2.501667
624.2823 798.9628 8 2.535022
624.1145 805.6159 8 2.568378
623.8121 811.9609 8 2.601733
623.8453 818.5308 8 2.635089
624.0892 824.9235 8 2.668444
624.2564 831.8241 8 2.7018
623.9773 837.3074 8 2.735156
624.1784 843.0924 8 2.768511
624.2417 849.1464 8 2.801867
623.5444 853.3892 8 2.835222
622.5107 857.9581 8 2.868578
621.3698 863.7108 8 2.901933
619.7243 867.2062 8 2.935289
617.391 871.5045 8 2.968644
616.1462 873.2219 8 3.002
613.9219 874.2612 8 3.035356
610.0655 877.7149 8 3.068711
605.5817 881.3452 8 3.102067
599.694 884.8537 8 3.135422
593.6219 886.7089 8 3.168778
588.6999 888.7577 8 3.202133
582.2907 888.707 8 3.235489
576.3696 890.3423 8 3.268844
570.4013 892.6312 8 3.3022
564.2647 896.0083 8 3.335556
558.8144 899.8397 8 3.368911
553.5336 903.7905 8 3.402267
548.3107 907.445 8 3.435622
543.5182 912.1099 8 3.468978
538.543 916.5909 8 3.502333
533.8418 921.7979 8 3.535689
529.6646 926.2225 8 3.569044
526.5304 926.5499 8 3.6024
520.9418 928.0192 8 3.635756
514.6705 932.0395 8 3.669111
509.2779 933.9484 8 3.702467
503.9834 936.9309 8 3.735822
498.9502 938.9997 8 3.769178
494.3392 938.5198 8 3.802533
488.7185 938.3608 8 3.835889
482.2883 937.5623 8 3.869244
476.0466 937.0773 8 3.9026
469.7749 936.9353 8 3.935956
463.4924 936.8242 8 3.969311
457.0361 936.9943 8 4.002667
450.8811 936.9568 8 4.036022
444.3849 937.0211 8 4.069378
436.8397 937.8734 8 4.102733
430.8174 938.2963 8 4.136089
424.8283 938.2397 8 4.169444
419.2047 936.8244 8 4.2028
412.4747 935.4738 8 4.236156
405.8246 934.7382 8 4.269511
399.6429 934.4009 8 4.302867
393.4326 934.249 8 4.336222
388.9741 932.1101 8 4.369578
383.6463 928.7323 8 4.402933
377.7588 925.6512 8 4.436289
371.597 922.5768 8 4.469644
365.9309 920.7253 8 4.503
360.3023 919.0259 8 4.536356
354.101 917.3683 8 4.569711
348.4901 915.999 8 4.603067
342.6587 914.653 8 4.636422
336.4953 913.5472 8 4.669778
330.4838 912.2013 8 4.703133
324.657 911.537 8 4.736489
318.7791 911.1716 8 4.769844
313.8883 907.5643 8 4.8032
308.4798 906.3513 8 4.836556
302.4432 904.2038 8 4.869911
298.1847 899.0406 8 4.903267
292.6512 895.4889 8 4.936622
286.9099 893.5394 8 4.969978
280.9071 892.2165 8 5.003333
275.2902 888.0949 8 5.036689
269.281 884.7706 8 5.070044
263.4811 882.7519 8 5.1034
257.4772 880.9756 8 5.136756
251.8818 879.1892 8 5.170111
247.4318 876.2704 8 5.203467
241.9189 871.6713 8 5.236822
236.3351 867.5214 8 5.270178
231.224 864.8356 8 5.303533
227.409 860.7667 8 5.336889
222.3828 856.2435 8 5.370244
215.8811 851.0494 8 5.4036
210.2465 847.2452 8 5.436956
204.9415 844.5616 8 5.470311
199.5604 841.6056 8 5.503667
194.775 837.6739 8 5.537022
191.4224 832.339 8 5.570378
186.9277 828.1184 8 5.603733
181.4949 823.6941 8 5.637089
176.334 820.0346 8 5.670444
170.7544 815.8286 8 5.7038
166.2068 811.2001 8 5.737156
163.9361 806.3947 8 5.770511
160.2174 802.2701 8 5.803867
156.0721 797.5739 8 5.837222
152.1716 793.0231 8 5.870578
148.3015 785.8808 8 5.903933
144.2807 780.3213 8 5.937289
139.1614 775.4743 8 5.970644
134.0463 771.3631 8 6.004
132.7705 766.4263 8 6.037356
130.4921 758.7378 8 6.070711
127.184 752.0508 8 6.104067
123.2887 747.4026 8 6.137422
118.8501 742.7658 8 6.170778
114.0873 738.6847 8 6.204133
109.0409 734.8016 8 6.237489
103.7282 730.7524 8 6.270844
102.3909 727.3373 8 6.3042
100.5801 722.3506 8 6.337556
97.85783 715.6086 8 6.370911
95.58606 709.5624 8 6.404267
93.20254 704.1354 8 6.437622
89.73945 698.3796 8 6.470978
85.98526 692.7423 8 6.504333
83.11665 687.9205 8 6.537689
81.20461 682.431 8 6.571044
79.2725 676.4694 8 6.6044
78.51201 670.0888 8 6.637756
75.637 664.0481 8 6.671111
73.58388 658.6634 8 6.704467
72.91048 652.8181 8 6.737822
72.34857 646.8694 8 6.771178
71.04803 640.5879 8 6.804533
70.00465 634.4422 8 6.837889
68.57271 628.2989 8 6.871244
67.77311 621.6575 8 6.9046
67.94325 615.3494 8 6.937956
68.52893 609.1057 8 6.971311
67.96845 602.1309 8 7.004667
67.88069 596.7055 8 7.038022
68.64715 591.2685 8 7.071378
69.46427 586.2047 8 7.104733
70.5545 580.5307 8 7.138089
71.0986 574.281 8 7.171444
72.20931 568.1559 8 7.2048
74.24486 561.9287 8 7.238156
76.43991 556.171 8 7.271511
77.73096 549.923 8 7.304867
77.93553 543.2163 8 7.338222
79.05364 537.2824 8 7.371578
80.90874 531.3351 8 7.404933
83.19125 525.3519 8 7.438289
85.57081 519.3252 8 7.471644
88.02213 513.1747 8 7.505
90.3533 506.643 8 7.538356
92.19969 500.253 8 7.571711
92.48624 493.1998 8 7.605067
92.5051 487.0653 8 7.638422
93.28155 481.3485 8 7.671778
94.54485 474.7675 8 7.705133
95.72695 468.8485 8 7.738489
96.85096 462.615 8 7.771844
97.94684 456.2669 8 7.8052
98.55618 450.1731 8 7.838556
98.70498 443.9275 8 7.871911
98.55952 437.4654 8 7.905267
97.92551 430.7572 8 7.938622
96.38966 424.641 8 7.971978
95.03744 418.4064 8 8.005333
93.85283 412.7186 8 8.038689
92.71 406.4091 8 8.072044
90.70558 400.1298 8 8.1054
87.95405 394.0266 8 8.138756
86.25341 388.6217 8 8.172111
84.80332 382.3582 8 8.205467
83.62951 376.2656 8 8.238822
82.48055 370.2829 8 8.272178
80.89694 364.0578 8 8.305533
78.90044 357.5549 8 8.338889
76.87203 351.4864 8 8.372244
74.26117 345.6102 8 8.4056
70.05204 339.774 8 8.438956
67.70833 336.3522 8 8.472311
68.18824 334.9652 8 8.505667
67.55085 330.9946 8 8.539022
66.80706 325.7678 8 8.572378
66.24963 320.0334 8 8.605733
66.68396 314.8452 8 8.639089
69.21887 311.5201 8 8.672444
72.30508 306.8574 8 8.7058
74.10681 300.2663 8 8.739156
75.32598 293.8562 8 8.772511
76.47957 288.2843 8 8.805867
77.82673 282.4097 8 8.839222
79.68284 278.3842 8 8.872578
80.65038 273.0156 8 8.905933
81.63282 267.9966 8 8.939289
83.67162 262.3242 8 8.972644
86.38712 256.7923 8 9.006
91.47934 253.624 8 9.039356
94.75197 249.662 8 9.072711
96.81204 244.2741 8 9.106067
98.91985 239.5774 8 9.139422
101.2785 234.7499 8 9.172778
105.0718 230.9743 8 9.206133
108.5033 226.9306 8 9.239489
111.4021 223.4688 8 9.272844
112.8975 217.4539 8 9.3062
118.3354 215.7255 8 9.339556
123.9067 213.4818 8 9.372911
126.5522 208.8149 8 9.406267
129.0106 203.6721 8 9.439622
132.1115 198.5746 8 9.472978
134.9816 193.3945 8 9.506333
138.5322 188.7545 8 9.539689
142.4779 187.0904 8 9.573044
144.2387 183.1138 8 9.6064
147.5551 181.0388 8 9.639756
151.7111 177.7265 8 9.673111
154.7156 172.1107 8 9.706467
158.468 168.1851 8 9.739822
162.4036 166.6927 8 9.773178
165.2193 163.1604 8 9.806533
168.5739 158.1031 8 9.839889
172.6866 154.3048 8 9.873244
176.3844 151.1185 8 9.9066
179.4562 148.0178 8 9.939956
182.209 145.3206 8 9.973311
185.8443 141.3737 8 10.00667
189.6174 137.4978 8 10.04002
192.8167 136.0337 8 10.07338
196.7099 135.2907 8 10.10673
201.7576 132.52 8 10.14009
206.7252 128.6185 8 10.17344
210.2045 124.611 8 10.2068
213.5279 121.4042 8 10.24016
217.5184 118.0465 8 10.27351
221.5288 114.2339 8 10.30687
225.4827 110.1058 8 10.34022
229.2509 108.7973 8 10.37358
232.999 105.6555 8 10.40693
237.3661 103.1725 8 10.44029
242.7302 102.3475 8 10.47364
247.6493 99.56695 8 10.507
251.955 96.46515 8 10.54036
256.3447 92.29326 8 10.57371
260.7031 90.4019 8 10.60707
265.8836 87.65293 8 10.64042
271.6822 83.70602 8 10.67378
276.2862 81.30762 8 10.70713
279.9861 80.5876 8 10.74049
283.3925 78.32598 8 10.77384
286.6997 76.05168 8 10.8072
291.0115 75.90101 8 10.84056
296.2895 74.15216 8 10.87391
302.2828 71.76076 8 10.90727
308.1481 69.39342 8 10.94062
313.8694 67.1722 8 10.97398
319.336 64.80681 8 11.00733
324.5527 62.10643 8 11.04069
329.9656 59.79013 8 11.07404
335.9492 56.51822 8 11.1074
341.4121 53.82498 8 11.14076
346.7047 50.91964 8 11.17411
351.9974 49.18367 8 11.20747
357.1196 47.48171 8 11.24082
362.5149 45.20197 8 11.27418
368.1356 43.62263 8 11.30753
374.1319 41.9813 8 11.34089
379.3634 40.25036 8 11.37424
385.0005 38.7608 8 11.4076
390.5033 37.57091 8 11.44096
396.2277 36.1353 8 11.47431
402.4041 34.93203 8 11.50767
408.1418 33.54223 8 11.54102
413.9927 32.15623 8 11.57438
419.9554 30.89431 8 11.60773
425.2611 30.56042 8 11.64109
430.1916 32.14215 8 11.67444
436.1291 31.42278 8 11.7078
441.3117 30.2029 8 11.74116
447.2806 28.69259 8 11.77451
453.0217 30.57528 8 11.80787
460.6597 31.47976 8 11.84122
467.0915 31.78211 8 11.87458
472.9156 30.89764 8 11.90793
477.1421 31.87844 8 11.94129
482.8354 32.91184 8 11.97464
489.3081 33.44858 8 12.008
495.1624 33.64126 8 12.04136
501.2619 33.49219 8 12.07471
507.9576 33.21379 8 12.10807
514.073 32.12341 8 12.14142
519.7386 31.51852 8 12.17478
525.7269 32.60803 8 12.20813
531.8897 36.75512 8 12.24149
538.004 38.92222 8 12.27484
544.9919 39.4095 8 12.3082
550.7539 39.85072 8 12.34156
556.7992 39.05384 8 12.37491
561.148 39.6967 8 12.40827
565.6957 42.33748 8 12.44162
572.3931 44.89473 8 12.47498
578.3921 46.17185 8 12.50833
584.6101 47.0509 8 12.54169
590.2283 47.42897 8 12.57504
597.5095 48.88983 8 12.6084
601.684 53.61118 8 12.64176
606.1511 57.70037 8 12.67511
611.7486 60.00134 8 12.70847
618.1605 61.2277 8 12.74182
624.3086 62.20519 8 12.77518
630.5741 63.15585 8 12.80853
636.383 63.67435 8 12.84189
642.8363 64.26066 8 12.87524
648.8051 64.72461 8 12.9086
653.5783 66.1562 8 12.94196
657.6528 70.81866 8 12.97531
663.9781 74.76129 8 13.00867
670.8195 79.55776 8 13.04202
676.6338 82.58266 8 13.07538
681.1097 84.91363 8 13.10873
684.8242 87.50801 8 13.14209
690.1161 88.56551 8 13.17544
695.5044 89.74408 8 13.2088
700.0589 93.40128 8 13.24216
706.4108 96.61771 8 13.27551
712.5838 99.10813 8 13.30887
718.2348 101.1812 8 13.34222
724.2061 103.1539 8 13.37558
729.6485 105.5276 8 13.40893
734.5289 108.318 8 13.44229
739.7397 112.1635 8 13.47564
744.1575 116.2855 8 13.509
749.4238 120.8532 8 13.54236
753.6377 125.9721 8 13.57571
759.3587 130.2144 8 13.60907
760.0343 137.4366 8 13.64242
764.1957 144.4308 8 13.67578
769.4956 150.1758 8 13.70913
774.1843 154.4956 8 13.74249
779.0245 158.8113 8 13.77584
784.6952 163.6787 8 13.8092
790.6493 167.5159 8 13.84256
796.1507 170.5493 8 13.87591
795.6766 174.3678 8 13.90927
798.2952 179.8627 8 13.94262
803.4772 185.0833 8 13.97598
809.6332 188.8211 8 14.00933
815.6653 191.8483 8 14.04269
820.7145 194.3539 8 14.07604
823.8482 196.3253 8 14.1094
826.0811 201.3882 8 14.14276
829.7989 207.1026 8 14.17611
834.3186 211.5351 8 14.20947
836.1424 217.8416 8 14.24282
835.9834 224.3093 8 14.27618
838.8345 230.8201 8 14.30953
843.7305 235.7055 8 14.34289
849.2096 239.2877 8 14.37624
854.1878 242.8691 8 14.4096
854.5698 248.0317 8 14.44296
857.0686 253.8597 8 14.47631
861.2179 258.9246 8 14.50967
865.7706 263.2007 8 14.54302
869.5762 269.2401 8 14.57638
872.0507 274.8448 8 14.60973
872.5254 280.0433 8 14.64309
875.7671 286.1105 8 14.67644
879.679 291.3369 8 14.7098
883.1462 297.9118 8 14.74316
886.9894 303.8195 8 14.77651
890.9543 308.6917 8 14.80987
893.0982 314.3736 8 14.84322
894.663 322.319 8 14.87658
897.6249 329.4815 8 14.90993
900.7663 337.1616 8 14.94329
899.0548 344.2321 8 14.97664
898.0703 352.0745 8 15.01
899.7728 359.4407 8 15.04336
902.9838 366.2414 8 15.07671
906.1712 371.6558 8 15.11007
909.8289 376.874 8 15.14342
914.2455 382.1489 8 15.17678
916.7217 386.5309 8 15.21013
917.0986 392.9525 8 15.24349
917.9757 400.7717 8 15.27684
920.352 408.2136 8 15.3102
921.8641 413.8567 8 15.34356
922.6478 419.9343 8 15.37691
924.0238 426.9581 8 15.41027
925.5109 433.3662 8 15.44362
927.1551 440.2147 8 15.47698
929.0742 446.4368 8 15.51033
929.8505 452.5099 8 15.54369
927.1695 460.3167 8 15.57704
924.268 469.4358 8 15.6104
923.5031 477.8559 8 15.64376
924.1162 485.2413 8 15.67711
923.6729 491.3725 8 15.71047
925.2464 497.291 8 15.74382
926.2329 502.1722 8 15.77718
926.1 507.5258 8 15.81053
925.0772 514.5349 8 15.84389
925.1799 521.1365 8 15.87724
925.0913 526.5272 8 15.9106
923.1769 533.8707 8 15.94396
919.2251 541.6903 8 15.97731
914.9436 547.6884 8 16.01067
912.9243 554.7163 8 16.04402
912.4192 561.9147 8 16.07738
912.7127 568.3013 8 16.11073
913.0301 574.8257 8 16.14409
913.7257 581.4126 8 16.17744
913.5231 588.4217 8 16.2108
912.426 593.5131 8 16.24416
909.3833 598.4944 8 16.27751
907.7713 604.8717 8 16.31087
906.568 611.0158 8 16.34422
905.3212 617.3461 8 16.37758
904.3691 623.5075 8 16.41093
903.1715 630.1694 8 16.44429
902.3344 636.8595 8 16.47764
901.7285 643.5119 8 16.511
901.1029 650.1409 8 16.54436
898.6276 654.5858 8 16.57771
896.8471 657.9658 8 16.61107
894.7556 662.8965 8 16.64442
891.9382 667.8177 8 16.67778
888.9286 673.1958 8 16.71113
885.8097 678.7 8 16.74449
882.5562 684.4855 8 16.77784
879.3608 690.1964 8 16.8112
876.5415 695.8716 8 16.84456
873.5465 701.4997 8 16.87791
870.6057 707.6227 8 16.91127
868.0863 713.6644 8 16.94462
865.4802 719.7184 8 16.97798
863.2576 725.7725 8 17.01133
861.1912 731.9813 8 17.04469
857.8176 736.3723 8 17.07804
854.641 741.2376 8 17.1114
852.0313 745.409 8 17.14476
849.0698 750.1142 8 17.17811
846.0954 754.7955 8 17.21147
843.0482 759.3245 8 17.24482
839.8336 763.9394 8 17.27818
836.2024 768.7709 8 17.31153
832.6217 773.6734 8 17.34489
828.9568 778.3689 8 17.37824
825.0986 783.4759 8 17.4116
821.4968 788.5106 8 17.44496
818.0608 793.4219 8 17.47831
814.0184 797.5896 8 17.51167
810.308 801.6938 8 17.54502
806.2455 806.9136 8 17.57838
802.4446 810.2005 8 17.61173
798.4507 814.7289 8 17.64509
794.6568 820.3403 8 17.67844
790.1407 823.614 8 17.7118
785.2924 826.347 8 17.74516
780.6018 829.5581 8 17.77851
776.2968 832.8133 8 17.81187
771.6423 836.2923 8 17.84522
766.9356 839.8929 8 17.87858
761.5301 843.7834 8 17.91193
756.1341 847.9431 8 17.94529
751.4774 851.4766 8 17.97864
746.5005 855.5209 8 18.012
741.2321 859.4765 8 18.04536
736.8937 863.954 8 18.07871
731.8975 867.1414 8 18.11207
725.6693 867.8622 8 18.14542
720.461 868.5796 8 18.17878
715.0833 870.4901 8 18.21213
709.4318 872.6501 8 18.24549
704.0864 874.8648 8 18.27884
698.7219 876.6598 8 18.3122
693.2376 878.1951 8 18.34556
687.5147 879.7555 8 18.37891
681.7654 881.4279 8 18.41227
675.6695 883.46 8 18.44562
669.9784 885.4082 8 18.47898
663.91 887.8541 8 18.51233
658.0005 890.0919 8 18.54569
651.7015 893.4062 8 18.57904
646.1901 895.8078 8 18.6124
640.4819 899.367 8 18.64576
645.8327 900.4156 8 18.67911
641.9972 901.3889 8 18.71247
637.3808 902.491 8 18.74582
632.348 905.839 8 18.77918
626.9236 910.1139 8 18.81253
622.798 914.6195 8 18.84589
618.5592 915.5121 8 18.87924
613.1269 915.8096 8 18.9126
608.5198 917.7109 8 18.94596
604.2299 917.8058 8 18.97931
596.9759 918.5347 8 19.01267
590.4309 919.6498 8 19.04602
584.8382 918.7825 8 19.07938
579.2321 919.5152 8 19.11273
572.7204 922.4244 8 19.14609
567.1727 925.6377 8 19.17944
562.8335 928.6707 8 19.2128
558.6469 931.264 8 19.24616
554.6431 932.0913 8 19.27951
550.0106 933.7017 8 19.31287
544.5033 936.339 8 19.34622
539.5544 935.145 8 19.37958
533.3701 933.55 8 19.41293
526.8826 932.9062 8 19.44629
521.063 934 8 19.47964
514.9762 935.4951 8 19.513
510.7142 933.8117 8 19.54636
505.7408 934.7852 8 19.57971
499.2879 936.4647 8 19.61307
493.761 936.6652 8 19.64642
489.8723 934.6853 8 19.67978
484.5245 933.8269 8 19.71313
477.9308 935.0898 8 19.74649
473.3026 933.7635 8 19.77984
470.8151 933.3585 8 19.8132
466.5083 930.4773 8 19.84656
461.3929 928.022 8 19.87991
455.7205 928.5243 8 19.91327
449.1599 930.2276 8 19.94662
443.1328 930.4146 8 19.97998
439.1163 928.8331 8 20.01333
434.0686 930.084 8 20.04669
428.02 930.4873 8 20.08004
424.3605 926.5307 8 20.1134
417.3933 924.6624 8 20.14676
410.2852 924.9604 8 20.18011
406.7854 924.2591 8 20.21347
403.7406 922.7333 8 20.24682
397.5 922.2004 8 20.28018
390.4267 921.6575 8 20.31353
387.4533 918.7421 8 20.34689
383.2428 918.0912 8 20.38024
377.8831 919.6034 8 20.4136
372.4819 921.2798 8 20.44696
370.0097 920.2088 8 20.48031
365.1475 919.5163 8 20.51367
361.3013 915.017 8 20.54702
356.3855 912.1531 8 20.58038
350.7019 910.8074 8 20.61373
344.1156 910.4474 8 20.64709
339.147 910.4639 8 20.68044
336.3781 905.2708 8 20.7138
331.4968 902.6824 8 20.74716
326.7607 901.941 8 20.78051
324.8277 900.851 8 20.81387
321.1342 898.8751 8 20.84722
319.379 895.347 8 20.88058
315.6192 893.1543 8 20.91393
309.4922 892.2635 8 20.94729
305.0451 892.7174 8 20.98064
302.768 889.5639 8 21.014
296.0466 885.154 8 21.04736
293.2003 883.6367 8 21.08071
290.8277 882.9819 8 21.11407
287.4321 882.7588 8 21.14742
282.8729 881.8296 8 21.18078
278.9029 877.518 8 21.21413
275.0928 875.0687 8 21.24749
271.7699 870.569 8 21.28084
266.0372 868.0603 8 21.3142
260.8311 867.3273 8 21.34756
256.5231 863.6429 8 21.38091
253.3003 860.0285 8 21.41427
248.9816 856.3952 8 21.44762
245.5119 854.1241 8 21.48098
242.2933 852.5063 8 21.51433
239.3432 849.5345 8 21.54769
236.6332 849.0445 8 21.58104
233.0144 846.5099 8 21.6144
229.8613 843.9837 8 21.64776
229.0884 842.5236 8 21.68111
225.8338 842.2579 8 21.71447
220.3482 837.2179 8 21.74782
216.9981 834.2648 8 21.78118
211.5125 831.8915 8 21.81453
209.0455 828.7096 8 21.84789
204.117 826.3119 8 21.88124
199.152 824.5745 8 21.9146
197.4943 820.4501 8 21.94796
194.8998 818.0881 8 21.98131
189.1494 814.9752 8 22.01467
185.8023 812.7749 8 22.04802
181.3535 810.093 8 22.08138
179.8314 805.0279 8 22.11473
178.7634 802.1393 8 22.14809
173.9634 800.4361 8 22.18144
171.6287 797.5889 8 22.2148
171.8525 795.621 8 22.24816
170.0058 793.4512 8 22.28151
167.4573 789.7896 8 22.31487
165.5518 786.1766 8 22.34822
163.287 784.7116 8 22.38158
164.1798 783.4409 8 22.41493
163.4968 782.5191 8 22.44829
163.5079 781.5687 8 22.48164
162.0672 780.3974 8 22.515
161.5524 779.7874 8 22.54836
162.1122 778.4935 8 22.58171
162.414 778.3224 8 22.61507
161.279 778.6786 8 22.64842
161.4393 779.9173 8 22.68178
160.8906 778.8213 8 22.71513
161.7816 779.3164 8 22.74849
160.8079 779.0093 8 22.78184
160.4234 778.7145 8 22.8152
158.6399 777.4709 8 22.84856
159.45 778.23 8 22.88191
160.9901 778.2275 8 22.91527
161.95 780.6171 8 22.94862
162.5959 780.5614 8 22.98198
163.4122 780.6883 8 23.01533
163.4122 780.6883 8 23.04869
161.825 780.0908 8 23.08204
160.4342 779.6489 8 23.1154
160.4342 779.6489 8 23.14876
161.4809 781.0854 8 23.18211
162.5408 780.879 8 23.21547
162.5408 780.879 8 23.24882
167.8638 783.0169 8 23.28218
166.1493 785.4013 8 23.31553
166.1493 785.4013 8 23.34889
169.5689 789.449 8 23.38224
170.8329 790.431 8 23.4156
170.8329 790.431 8 23.44896
172.1492 790.4885 8 23.48231
172.8234 791.5802 8 23.51567
172.8234 791.5802 8 23.54902
175.1394 792.2351 8 23.58238
175.5444 793.8451 8 23.61573
175.5444 793.8451 8 23.64909
175.4645 794.8448 8 23.68244
175.9663 795.0441 8 23.7158
175.9663 795.0441 8 23.74916
176.2253 795.2578 8 23.78251
177.1551 796.484 8 23.81587
177.1551 796.484 8 23.84922
179.1611 796.9333 8 23.88258
179.1338 798.1984 8 23.91593
179.1338 798.1984 8 23.94929
177.847 797.3974 8 23.98264
176.1067 795.3271 8 24.016
176.123 795.4284 8 24.04936
174.1618 793.8565 8 24.08271
174.5754 793.0437 8 24.11607
175.5038 793.6749 8 24.14942
176.1123 795.7517 8 24.18278
177.5684 796.5469 8 24.21613
177.3569 795.0364 8 24.24949
176.3773 795.6213 8 24.28284
177.6782 795.4896 8 24.3162
177.206 796.4318 8 24.34956
176.8197 796.104 8 24.38291
177.5832 795.6845 8 24.41627
177.3055 796.4452 8 24.44962
178.5485 797.1535 8 24.48298
178.5615 795.8145 8 24.51633
177.4577 795.1389 8 24.54969
175.9046 795.6066 8 24.58304
173.6466 793.7939 8 24.6164
173.9693 794.9593 8 24.64976
175.1442 795.2643 8 24.68311
176.8255 795.108 8 24.71647
176.8316 796.2388 8 24.74982
177.1078 797.0347 8 24.78318
178.2385 798.1195 8 24.81653
178.4366 798.7515 8 24.84989
179.8807 798.4929 8 24.88324
179.9083 799.6303 8 24.9166
180.8157 800.3061 8 24.94996
181.9072 801.0246 8 24.98331
182.435 801.2298 8 25.01667
182.0042 801.0715 8 25.05002
180.6495 800.2608 8 25.08338
179.4315 799.837 8 25.11673
180.5743 800.2563 8 25.15009
181.0369 801.1785 8 25.18344
182.2233 802.7987 8 25.2168
184.4503 805.2263 8 25.25016
184.2128 805.7062 8 25.28351
186.7856 807.3111 8 25.31687
188.6583 808.1471 8 25.35022
191.967 809.8142 8 25.38358
193.7649 811.3982 8 25.41693
193.9824 812.0022 8 25.45029
192.799 811.4697 8 25.48364
192.6974 810.9674 8 25.517
192.8854 810.6962 8 25.55036
193.7916 811.7494 8 25.58371
193.3127 811.5294 8 25.61707
191.994 810.5865 8 25.65042
192.5996 810.79 8 25.68378
192.2724 811.6398 8 25.71713
191.2177 810.766 8 25.75049
191.6663 810.149 8 25.78384
191.5544 811.0421 8 25.8172
191.0567 812.1988 8 25.85056
191.3727 813.8349 8 25.88391
194.4522 814.5965 8 25.91727
197.0087 813.4839 8 25.95062
198.1528 815.8917 8 25.98398
197.9207 816.3068 8 26.01733
198.5134 816.1871 8 26.05069
199.0661 816.8597 8 26.08404
200.3593 817.1584 8 26.1174
200.4765 819.0604 8 26.15076
201.585 818.9089 8 26.18411
202.1468 819.9859 8 26.21747
202.7619 819.0932 8 26.25082
202.2453 819.6613 8 26.28418
202.7137 819.5933 8 26.31753
202.234 819.4251 8 26.35089
200.911 818.937 8 26.38424
199.5744 817.0134 8 26.4176
200.7963 818.475 8 26.45096
201.292 818.5091 8 26.48431
199.3635 817.8056 8 26.51767
199.427 817.6821 8 26.55102
200.042 818.0549 8 26.58438
201.1855 820.5149 8 26.61773
202.7184 820.2473 8 26.65109
202.5717 820.1832 8 26.68444
201.2617 820.2568 8 26.7178
202.2471 820.3048 8 26.75116
204.2832 820.7779 8 26.78451
203.4475 819.9398 8 26.81787
202.9543 819.0051 8 26.85122
203.1067 819.6348 8 26.88458
203.3039 818.0808 8 26.91793
201.587 817.9384 8 26.95129
200.968 818.7619 8 26.98464
199.7068 817.4842 8 27.018
201.6569 817.6611 8 27.05136
200.2637 816.8455 8 27.08471
198.9423 817.4254 8 27.11807
201.3692 816.6963 8 27.15142
202.2012 816.3287 8 27.18478
202.0184 817.6782 8 27.21813
200.7788 817.8396 8 27.25149
201.0446 815.6295 8 27.28484
200.5384 814.4937 8 27.3182
199.5834 816.0324 8 27.35156
197.9366 815.5492 8 27.38491
196.1918 814.3631 8 27.41827
195.8336 814.1454 8 27.45162
196.2201 814.0561 8 27.48498
195.2664 813.6068 8 27.51833
194.7041 811.3168 8 27.55169
194.4496 809.7985 8 27.58504
195.053 810.8238 8 27.6184
193.5892 811.365 8 27.65176
193.3175 812.8854 8 27.68511
192.0408 811.3436 8 27.71847
190.7015 810.5214 8 27.75182
191.3351 811.0189 8 27.78518
191.6624 810.2366 8 27.81853
191.3672 812.1672 8 27.85189
192.3032 813.5818 8 27.88524
193.3219 813.5954 8 27.9186
196.205 814.8165 8 27.95196
198.5786 815.0576 8 27.98531
198.2204 816.1443 8 28.01867
198.0912 816.1565 8 28.05202
197.2037 815.367 8 28.08538
198.8461 816.9373 8 28.11873
198.432 816.0428 8 28.15209
198.8454 815.2331 8 28.18544
198.7739 816.3623 8 28.2188
199.6374 816.5511 8 28.25216
200.618 817.9548 8 28.28551
198.5834 814.5135 8 28.31887
198.0414 814.7734 8 28.35222
197.7097 816.786 8 28.38558
196.3366 817.8154 8 28.41893
197.4531 817.2389 8 28.45229
198.283 818.4303 8 28.48564
198.5726 817.3169 8 28.519
198.4515 814.9997 8 28.55236
199.0289 815.1127 8 28.58571
199.0738 817.5973 8 28.61907
201.0299 820.4639 8 28.65242
202.7797 821.8732 8 28.68578
204.3743 822.7105 8 28.71913
206.1155 823.8624 8 28.75249
207.0084 824.7845 8 28.78584
208.8379 824.9432 8 28.8192
208.616 824.897 8 28.85256
208.5642 825.2777 8 28.88591
210.0229 825.5387 8 28.91927
211.3216 826.8236 8 28.95262
211.8437 827.3963 8 28.98598
212.9809 827.9856 8 29.01933
212.1797 826.3323 8 29.05269
211.799 827.11 8 29.08604
212.3907 827.2971 8 29.1194
211.1736 826.9667 8 29.15276
211.1819 826.847 8 29.18611
209.0751 825.465 8 29.21947
207.8349 824.1936 8 29.25282
207.1251 823.9215 8 29.28618
208.2114 823.412 8 29.31953
207.8904 823.6793 8 29.35289
205.9185 822.794 8 29.38624
206.9142 823.6636 8 29.4196
206.6291 823.1858 8 29.45296
203.5796 821.3214 8 29.48631
203.7661 821.0396 8 29.51967
203.2838 817.9033 8 29.55302
203.4852 818.734 8 29.58638
202.9847 820.323 8 29.61973
202.3853 819.802 8 29.65309
200.8473 818.5106 8 29.68644
200.8525 818.561 8 29.7198
202.0354 818.0855 8 29.75316
202.416 819.3309 8 29.78651
201.8216 818.9433 8 29.81987
201.962 819.4743 8 29.85322
201.6184 819.1556 8 29.88658
200.6028 818.4189 8 29.91993
200.6693 818.6661 8 29.95329
201.1872 818.7718 8 29.98664
200.5907 818.1675 8 30.02
199.697 817.6786 8 30.05336
201.3371 818.7464 8 30.08671
203.0971 818.6376 8 30.12007
202.3606 819.0369 8 30.15342
203.6984 820.2738 8 30.18678
203.0445 820.5011 8 30.22013
203.4147 819.7716 8 30.25349
204.2485 820.9041 8 30.28684
204.9091 821.895 8 30.3202
206.0386 822.6383 8 30.35356
207.549 824.4869 8 30.38691
208.4572 824.812 8 30.42027
208.0805 824.7722 8 30.45362
207.8742 823.6482 8 30.48698
207.2973 822.8792 8 30.52033
206.9463 823.6546 8 30.55369
207.8243 824.1449 8 30.58704
207.0054 822.6128 8 30.6204
206.1392 822.6794 8 30.65376
205.4064 822.3723 8 30.68711
206.6389 823.2006 8 30.72047
207.7416 823.7319 8 30.75382
205.873 822.4169 8 30.78718
206.3288 822.833 8 30.82053
206.8238 823.3134 8 30.85389
206.8105 823.7155 8 30.88724
207.1549 822.7576 8 30.9206
206.9027 823.3554 8 30.95396
206.8442 823.6951 8 30.98731
205.3424 822.4665 8 31.02067
204.2798 821.5875 8 31.05402
203.6514 821.1479 8 31.08738
202.6737 820.3601 8 31.12073
202.4312 819.8988 8 31.15409
202.2016 819.0953 8 31.18744
201.7283 819.1516 8 31.2208
202.7359 819.1455 8 31.25416
201.312 817.94 8 31.28751
199.3219 817.1607 8 31.32087
200.4135 817.2295 8 31.35422
200.5577 818.5153 8 31.38758
200.0872 817.6196 8 31.42093
200.5476 817.3429 8 31.45429
201.1764 818.9164 8 31.48764
200.1552 819.0354 8 31.521
201.4001 819.0489 8 31.55436
202.9966 819.3296 8 31.58771
202.6331 820.0008 8 31.62107
204.0045 820.5276 8 31.65442
203.5287 820.6507 8 31.68778
204.6895 820.6377 8 31.72113
203.1571 820.1452 8 31.75449
203.4342 820.3212 8 31.78784
203.3368 820.6779 8 31.8212
202.209 820.0962 8 31.85456
202.5766 819.8468 8 31.88791
204.6265 821.3548 8 31.92127
205.2911 822.2345 8 31.95462
207.6091 822.6496 8 31.98798
207.2386 823.2187 8 32.02133
205.8389 822.7761 8 32.05469
206.94 823.4305 8 32.08804
206.8107 822.9074 8 32.1214
205.411 822.9236 8 32.15476
205.5735 822.3556 8 32.18811
204.9032 822.1087 8 32.22147
204.4156 822.0663 8 32.25482
204.2283 821.5763 8 32.28818
204.9054 822.6074 8 32.32153
204.4905 822.4518 8 32.35489
205.3708 823.3751 8 32.38824
206.0807 823.2155 8 32.4216
206.3982 822.9113 8 32.45496
206.265 823.7321 8 32.48831
205.9776 821.9587 8 32.52167
205.9655 822.0645 8 32.55502
205.9442 823.5622 8 32.58838
208.1531 825.3448 8 32.62173
208.0583 824.9662 8 32.65509
207.9798 825.3432 8 32.68844
208.5894 825.6915 8 32.7218
209.8157 825.7345 8 32.75516
210.3016 826.8807 8 32.78851
212.5334 829.159 8 32.82187
212.5953 828.5016 8 32.85522
213.7245 830.145 8 32.88858
213.1832 829.6551 8 32.92193
214.9257 830.1419 8 32.95529
214.5095 829.2895 8 32.98864
214.9683 828.8807 8 33.022
215.7981 829.0413 8 33.05536
215.8573 828.7079 8 33.08871
216.1809 830.6025 8 33.12207
216.4502 830.2263 8 33.15542
216.1626 829.6788 8 33.18878
216.3191 831.0369 8 33.22213
214.6484 830.1464 8 33.25549
213.7219 829.4195 8 33.28884
213.1807 829.1742 8 33.3222
212.6234 828.2428 8 33.35556
212.8897 827.7355 8 33.38891
212.3892 827.9211 8 33.42227
212.1614 827.4933 8 33.45562
211.0019 827.3133 8 33.48898
211.1107 827.0983 8 33.52233
212.1325 827.2962 8 33.55569
213.0228 828.102 8 33.58904
212.6631 828.3687 8 33.6224
213.2205 828.3403 8 33.65576
213.9518 829.2449 8 33.68911
213.8633 829.4602 8 33.72247
213.9762 829.984 8 33.75582
214.6398 828.9139 8 33.78918
215.0285 827.9898 8 33.82253
215.3995 828.2997 8 33.85589
215.29 829.7486 8 33.88924
215.2914 830.5668 8 33.9226
215.2833 830.5316 8 33.95596
216.1319 830.993 8 33.98931
215.2422 830.6099 8 34.02267
216.7126 831.8344 8 34.05602
216.7218 831.3107 8 34.08938
216.2581 830.921 8 34.12273
215.6743 831.0354 8 34.15609
214.6558 830.7342 8 34.18944
215.0281 830.3471 8 34.2228
216.1913 831.4967 8 34.25616
217.561 832.0575 8 34.28951
216.8462 830.5117 8 34.32287
215.6421 830.7692 8 34.35622
215.375 831.3405 8 34.38958
215.4754 831.2523 8 34.42293
215.7741 830.7569 8 34.45629
215.7929 830.0843 8 34.48964
216.477 831.5993 8 34.523
217.1517 832.2243 8 34.55636
216.5274 831.9834 8 34.58971
216.8634 830.0436 8 34.62307
217.3219 830.2107 8 34.65642
216.2863 831.3125 8 34.68978
216.5928 830.9851 8 34.72313
215.3044 831.3827 8 34.75649
215.5274 831.29 8 34.78984
214.1821 830.6845 8 34.8232
215.6128 831.1265 8 34.85656
215.3006 831.5433 8 34.88991
216.105 832.1012 8 34.92327
216.3159 832.2139 8 34.95662
215.9419 832.4018 8 34.98998
217.1813 831.2093 8 35.02333
217.9904 832.8606 8 35.05669
216.1783 832.2827 8 35.09004
217.1376 832.0832 8 35.1234
217.2696 832.5358 8 35.15676
218.2074 832.0065 8 35.19011
218.1959 833.2862 8 35.22347
220.3331 834.9247 8 35.25682
220.8617 835.5349 8 35.29018
220.2766 835.4179 8 35.32353
222.2131 836.3545 8 35.35689
222.6773 835.1179 8 35.39024
223.8509 836.63 8 35.4236
223.8957 837.1854 8 35.45696
224.3537 837.6493 8 35.49031
223.8348 836.6701 8 35.52367
224.9552 836.4565 8 35.55702
224.1972 837.3008 8 35.59038
224.2576 837.6363 8 35.62373
224.4544 837.4216 8 35.65709
225.0517 837.4832 8 35.69044
224.6834 837.6508 8 35.7238
225.1433 837.4842 8 35.75716
222.8616 836.5519 8 35.79051
223.2251 836.2741 8 35.82387
222.4951 836.1135 8 35.85722
222.4111 835.8344 8 35.89058
222.7788 836.5872 8 35.92393
221.1224 835.4628 8 35.95729
222.6804 834.8923 8 35.99064
223.1335 835.8587 8 36.024
224.1549 835.7659 8 36.05736
223.164 836.3489 8 36.09071
222.7951 836.4484 8 36.12407
223.0053 836.6346 8 36.15742
222.5227 836.6685 8 36.19078
222.6132 836.6037 8 36.22413
223.2094 836.2593 8 36.25749
222.5417 836.2416 8 36.29084
223.3102 836.9271 8 36.3242
222.2809 836.7875 8 36.35756
222.0424 836.6091 8 36.39091
222.691 837.1718 8 36.42427
224.1108 837.486 8 36.45762
223.8946 837.4239 8 36.49098
224.757 837.5677 8 36.52433
224.728 838.0231 8 36.55769
225.4794 838.54 8 36.59104
224.9664 838.6963 8 36.6244
225.0784 839.0364 8 36.65776
224.9383 837.7547 8 36.69111
226.3407 838.0689 8 36.72447
226.4774 839.3501 8 36.75782
227.7941 839.0383 8 36.79118
228.8048 839.9061 8 36.82453
228.3573 840.2429 8 36.85789
228.483 841.0924 8 36.89124
228.2208 840.5242 8 36.9246
228.7075 839.7317 8 36.95796
227.3525 839.0699 8 36.99131
227.3889 839.5079 8 37.02467
225.8268 838.8331 8 37.05802
226.6603 838.6681 8 37.09138
226.4591 839.2906 8 37.12473
226.862 839.8899 8 37.15809
224.6905 837.7841 8 37.19144
224.8212 838.0716 8 37.2248
225.5396 837.4958 8 37.25816
225.2296 837.3381 8 37.29151
224.4466 837.3133 8 37.32487
225.245 837.5086 8 37.35822
225.194 837.6317 8 37.39158
225.5363 837.7609 8 37.42493
225.4007 837.7165 8 37.45829
224.0139 837.0502 8 37.49164
224.68 837.6974 8 37.525
223.7764 837.4535 8 37.55836
224.0098 837.7932 8 37.59171
224.588 837.7313 8 37.62507
224.7191 838.0529 8 37.65842
225.3413 838.486 8 37.69178
225.6098 838.9719 8 37.72513
225.2821 838.6729 8 37.75849
226.1695 839.7409 8 37.79184
226.9737 839.8867 8 37.8252
227.9874 840.4278 8 37.85856
227.6002 840.3081 8 37.89191
227.1827 839.4971 8 37.92527
227.1624 839.3856 8 37.95862
227.4907 838.222 8 37.99198
225.588 838.234 8 38.02533
225.5714 838.7439 8 38.05869
225.5028 838.5553 8 38.09204
225.2933 838.2428 8 38.1254
225.2935 837.6932 8 38.15876
225.9305 838.9423 8 38.19211
225.6121 838.7007 8 38.22547
225.8922 838.5912 8 38.25882
224.7427 838.8295 8 38.29218
225.3919 838.8678 8 38.32553
225.6003 839.004 8 38.35889
225.2369 837.9316 8 38.39224
225.4176 838.5594 8 38.4256
224.8911 837.6444 8 38.45896
223.45 836.057 8 38.49231
223.7007 837.3014 8 38.52567
223.0518 836.8265 8 38.55902
223.948 837.637 8 38.59238
222.9205 837.1102 8 38.62573
222.5832 836.9723 8 38.65909
223.0646 836.8357 8 38.69244
223.42 837.3952 8 38.7258
222.5158 836.671 8 38.75916
223.0484 836.4892 8 38.79251
222.8476 836.6772 8 38.82587
221.4959 836.1797 8 38.85922
220.9599 836.4427 8 38.89258
220.9894 835.7172 8 38.92593
221.2037 835.2492 8 38.95929
220.629 835.2135 8 38.99264
222.1241 835.6496 8 39.026
221.3481 835.4743 8 39.05936
221.6779 836.4926 8 39.09271
221.5703 836.3302 8 39.12607
221.8949 836.4401 8 39.15942
221.7375 836.1104 8 39.19278
221.0655 836.7581 8 39.22613
222.2699 836.1495 8 39.25949
222.2911 834.1141 8 39.29284
222.3662 834.8406 8 39.3262
223.2364 835.7056 8 39.35956
221.9983 835.4326 8 39.39291
221.5848 834.8778 8 39.42627
221.4181 833.967 8 39.45962
220.847 833.6837 8 39.49298
221.1559 834.8343 8 39.52633
221.1957 834.3399 8 39.55969
218.8888 833.2203 8 39.59304
218.2628 833.3979 8 39.6264
217.5984 833.0605 8 39.65976
216.7856 834.207 8 39.69311
217.2713 833.7142 8 39.72647
216.9895 833.4624 8 39.75982
217.6608 832.8248 8 39.79318
217.2902 832.8643 8 39.82653
216.9774 832.1751 8 39.85989
217.3145 832.5448 8 39.89324
218.1334 831.9118 8 39.9266
217.3461 832.0184 8 39.95996
218.5172 832.3105 8 39.99331
217.3207 831.8005 8 40.02667
216.2915 831.6704 8 40.06002
215.9617 830.946 8 40.09338
215.3452 831.0807 8 40.12673
215.1926 831.5415 8 40.16009
214.9154 831.4458 8 40.19344
215.9152 832.0006 8 40.2268
217.0201 832.2582 8 40.26016
217.2654 832.7863 8 40.29351
217.0653 832.2307 8 40.32687
216.8618 831.8848 8 40.36022
216.6089 830.0648 8 40.39358
216.6183 831.1524 8 40.42693
216.724 831.2154 8 40.46029
216.2583 830.952 8 40.49364
217.3076 831.6652 8 40.527
217.1856 832.1648 8 40.56036
217.0178 831.3523 8 40.59371
216.6361 831.1337 8 40.62707
216.8029 831.0358 8 40.66042
217.7634 831.7716 8 40.69378
218.0464 832.3309 8 40.72713
217.7236 831.7354 8 40.76049
217.9024 832.576 8 40.79384
217.6662 832.0262 8 40.8272
218.5006 832.7024 8 40.86056
218.2925 832.6324 8 40.89391
217.7934 833.4212 8 40.92727
218.4509 833.9812 8 40.96062
218.986 833.9915 8 40.99398
219.5357 834.6623 8 41.02733
219.4897 835.2656 8 41.06069
220.0807 835.3292 8 41.09404
218.9639 834.7561 8 41.1274
221.134 836.4316 8 41.16076
223.0227 836.4197 8 41.19411
223.5285 837.0165 8 41.22747
224.4826 837.8488 8 41.26082
225.2767 838.2318 8 41.29418
226.0117 838.5163 8 41.32753
226.8372 838.2834 8 41.36089
226.435 838.8201 8 41.39424
226.5778 838.6616 8 41.4276
226.0511 838.4099 8 41.46096
225.8305 838.4221 8 41.49431
225.4683 838.1236 8 41.52767
225.1192 837.9456 8 41.56102
225.7075 838.0663 8 41.59438
225.2346 838.1955 8 41.62773
227.0396 838.4699 8 41.66109
225.5762 838.6008 8 41.69444
225.3894 839.0313 8 41.7278
224.6451 837.7738 8 41.76116
224.0677 838.3931 8 41.79451
225.2056 837.8491 8 41.82787
224.5334 838.1943 8 41.86122
224.8846 838.7682 8 41.89458
225.6436 839.3526 8 41.92793
225.1502 838.3013 8 41.96129
224.8544 838.1104 8 41.99464
223.5046 837.5375 8 42.028
222.6459 835.7065 8 42.06136
223.1999 837.019 8 42.09471
223.3701 837.326 8 42.12807
224.8944 838.3331 8 42.16142
224.6526 838.1624 8 42.19478
224.1631 837.9358 8 42.22813
225.1371 838.372 8 42.26149
225.2229 839.833 8 42.29484
225.6469 839.825 8 42.3282
225.6688 839.6509 8 42.36156
226.606 840.4465 8 42.39491
225.7774 840.0506 8 42.42827
226.5119 839.6495 8 42.46162
227.4821 838.7023 8 42.49498
229.1096 841.3838 8 42.52833
230.1738 842.3491 8 42.56169
229.2663 842.1226 8 42.59504
230.2651 842.5003 8 42.6284
228.8183 841.9612 8 42.66176
229.2818 841.2365 8 42.69511
229.9271 842.491 8 42.72847
229.1256 842.0134 8 42.76182
230.6095 842.8275 8 42.79518
230.4309 843.1323 8 42.82853
231.7004 844.5107 8 42.86189
231.8855 845.3067 8 42.89524
232.8756 845.3 8 42.9286
235.1271 846.7047 8 42.96196
236.4318 846.5871 8 42.99531
237.7578 848.1114 8 43.02867
239.1684 847.47 8 43.06202
239.9185 848.9652 8 43.09538
241.0075 848.7904 8 43.12873
242.2955 849.2369 8 43.16209
241.1701 848.7046 8 43.19544
240.4701 848.8442 8 43.2288
240.219 848.7021 8 43.26216
240.6785 848.1651 8 43.29551
240.0115 848.4315 8 43.32887
240.1279 848.5849 8 43.36222
238.7136 848.3329 8 43.39558
237.8663 848.107 8 43.42893
237.3775 847.1975 8 43.46229
237.078 845.9989 8 43.49564
236.2857 845.6534 8 43.529
236.921 844.8766 8 43.56236
235.6191 845.4033 8 43.59571
234.3561 845.4518 8 43.62907
234.2351 845.6183 8 43.66242
234.5866 845.8763 8 43.69578
235.6767 845.9307 8 43.72913
235.14 845.6409 8 43.76249
234.7316 845.9606 8 43.79584
235.9095 845.8135 8 43.8292
236.6223 846.197 8 43.86256
235.6656 845.5767 8 43.89591
234.7657 845.4623 8 43.92927
234.9637 845.3597 8 43.96262
236.6652 845.3524 8 43.99598
236.0364 843.6237 8 44.02933
235.7942 845.7706 8 44.06269
235.9821 846.7194 8 44.09604
236.3208 847.0406 8 44.1294
236.7803 847.3165 8 44.16276
236.3548 846.9272 8 44.19611
236.233 848.1871 8 44.22947
237.7953 849.361 8 44.26282
238.8838 849.6625 8 44.29618
239.0095 849.2706 8 44.32953
241.1951 850.5506 8 44.36289
243.6489 850.7794 8 44.39624
244.1028 851.5682 8 44.4296
245.0936 852.1361 8 44.46296
246.868 852.5002 8 44.49631
247.8573 852.3983 8 44.52967
247.1574 852.8387 8 44.56302
247.4163 852.4108 8 44.59638
246.1894 852.2488 8 44.62973
246.6451 852.6952 8 44.66309
246.7677 852.7711 8 44.69644
245.5024 851.7981 8 44.7298
245.0147 851.6806 8 44.76316
244.5192 851.303 8 44.79651
242.4598 850.5061 8 44.82987
241.8741 850.1441 8 44.86322
242.3668 853.4246 8 44.89658
244.5172 853.4613 8 44.92993
245.4597 854.3652 8 44.96329
246.3826 855.3968 8 44.99664
247.3476 855.672 8 45.03
248.491 856.2969 8 45.06336
248.2098 856.47 8 45.09671
249.5183 856.0309 8 45.13007
250.6151 857.1482 8 45.16342
252.754 857.9092 8 45.19678
252.1117 858.2514 8 45.23013
253.2347 858.7096 8 45.26349
253.9817 859.9237 8 45.29684
252.8676 860.4586 8 45.3302
252.3617 859.5736 8 45.36356
253.5054 859.2996 8 45.39691
252.5835 859.5369 8 45.43027
253.3865 858.9365 8 45.46362
252.309 858.708 8 45.49698
251.5703 859.1032 8 45.53033
251.0764 859.4603 8 45.56369
250.006 859.2743 8 45.59704
250.3467 859.2922 8 45.6304
249.2721 857.9629 8 45.66376
249.1741 857.6023 8 45.69711
250.0235 857.002 8 45.73047
250.4629 858.325 8 45.76382
250.1262 856.7324 8 45.79718
249.1479 856.1384 8 45.83053
247.968 855.0346 8 45.86389
247.6187 854.9779 8 45.89724
248.3503 855.4277 8 45.9306
246.6744 855.932 8 45.96396
246.2915 857.1833 8 45.99731
245.4431 857.4077 8 46.03067
246.8044 857.0732 8 46.06402
246.3381 856.7188 8 46.09738
247.78 856.8535 8 46.13073
247.5049 856.3386 8 46.16409
247.0598 854.4223 8 46.19744
246.9135 854.7518 8 46.2308
248.463 856.787 8 46.26416
248.7172 856.2532 8 46.29751
249.4275 855.6808 8 46.33087
248.754 856.3107 8 46.36422
248.6636 857.7405 8 46.39758
249.1372 858.2553 8 46.43093
249.4358 857.986 8 46.46429
249.3441 858.7771 8 46.49764
249.7406 860.3982 8 46.531
251.7619 860.8567 8 46.56436
251.5908 859.5087 8 46.59771
253.0138 860.6181 8 46.63107
254.6879 862.9959 8 46.66442
256.2924 863.9335 8 46.69778
256.1596 864.1701 8 46.73113
259.3103 863.7551 8 46.76449
259.5463 865.7993 8 46.79784
261.2239 865.8247 8 46.8312
262.9199 865.8978 8 46.86456
264.4837 865.7968 8 46.89791
265.6163 865.0901 8 46.93127
265.4913 865.6737 8 46.96462
265.8508 867.5108 8 46.99798
267.3275 867.0327 8 47.03133
268.1776 866.8969 8 47.06469
269.4398 868.0649 8 47.09804
269.2118 866.9165 8 47.1314
271.1745 869.0191 8 47.16476
273.1804 870.0167 8 47.19811
273.8746 870.6448 8 47.23147
273.4886 871.2652 8 47.26482
273.4331 871.7119 8 47.29818
274.1064 873.1476 8 47.33153
274.8044 872.9696 8 47.36489
276.7104 872.9576 8 47.39824
276.9446 873.462 8 47.4316
277.3357 873.5862 8 47.46496
277.4689 873.2639 8 47.49831
279.0886 873.8166 8 47.53167
278.2042 874.1716 8 47.56502
278.3186 874.1546 8 47.59838
281.1331 874.3927 8 47.63173
279.9124 874.1032 8 47.66509
280.5756 874.2922 8 47.69844
279.6773 874.4251 8 47.7318
280.1715 874.6734 8 47.76516
281.2091 874.4879 8 47.79851
283.344 874.7942 8 47.83187
284.7922 876.6425 8 47.86522
284.7353 875.7901 8 47.89858
282.8078 875.8036 8 47.93193
283.1661 875.9376 8 47.96529
284.2917 876.9692 8 47.99864
284.3948 876.745 8 48.032
284.5318 876.6036 8 48.06536
285.0908 876.8289 8 48.09871
285.4726 876.4446 8 48.13207
285.7552 875.7941 8 48.16542
285.0723 875.2528 8 48.19878
285.1991 875.6682 8 48.23213
284.9102 875.3492 8 48.26549
284.1526 875.7885 8 48.29884
284.1309 875.617 8 48.3322
283.235 874.8601 8 48.36556
283.0555 874.8141 8 48.39891
283.7415 875.007 8 48.43227
282.1135 874.6966 8 48.46562
282.4508 874.9634 8 48.49898
281.8424 874.43 8 48.53233
281.6417 874.2717 8 48.56569
280.1728 874.0304 8 48.59904
278.5611 873.6377 8 48.6324
280.0853 873.7565 8 48.66576
279.1351 874.1577 8 48.69911
278.7114 873.7416 8 48.73247
277.6137 873.0749 8 48.76582
277.134 873.2545 8 48.79918
278.0891 873.9165 8 48.83253
278.389 874.2259 8 48.86589
277.9839 874.1301 8 48.89924
278.4831 874.6481 8 48.9326
278.7078 873.8533 8 48.96596
279.8945 874.3862 8 48.99931
280.4177 874.6027 8 49.03267
279.9043 874.5986 8 49.06602
279.8858 875.3732 8 49.09938
281.0725 874.5899 8 49.13273
280.9327 874.3018 8 49.16609
280.5466 874.3881 8 49.19944
280.4689 873.3823 8 49.2328
280.1776 874.6471 8 49.26616
280.6639 874.8392 8 49.29951
280.9269 874.652 8 49.33287
281.8621 875.383 8 49.36622
281.32 874.6941 8 49.39958
280.8201 874.5514 8 49.43293
279.7654 874.8213 8 49.46629
280.1317 874.9496 8 49.49964
280.142 874.7699 8 49.533
280.4081 874.3518 8 49.56636
279.9642 874.5293 8 49.59971
280.0206 874.854 8 49.63307
280.4657 875.7557 8 49.66642
280.2679 874.9398 8 49.69978
281.4704 874.772 8 49.73313
282.1834 875.1116 8 49.76649
281.0115 876.0653 8 49.79984
281.8156 876.4723 8 49.8332
282.533 876.0212 8 49.86656
283.0118 877.0267 8 49.89991
283.1088 877.2301 8 49.93327
282.5273 876.9404 8 49.96662
281.9012 876.7026 8 49.99998
282.7637 876.597 8 50.03333
284.0213 876.8312 8 50.06669
283.7083 876.7191 8 50.10004
282.937 876.5672 8 50.1334
281.6362 876.1837 8 50.16676
282.5628 876.851 8 50.20011
281.9102 877.094 8 50.23347
283.1838 876.4985 8 50.26682
283.6654 876.0478 8 50.30018
283.6684 876.0473 8 50.33353
282.9261 876.5512 8 50.36689
283.596 877.4321 8 50.40024
282.8689 876.0624 8 50.4336
281.8111 874.3904 8 50.46696
282.1322 874.3184 8 50.50031
282.4991 875.6242 8 50.53367
282.4434 876.4721 8 50.56702
284.2055 876.812 8 50.60038
284.2982 876.4364 8 50.63373
284.1588 876.8157 8 50.66709
284.5619 876.6629 8 50.70044
286.2375 877.0235 8 50.7338
286.6631 876.9206 8 50.76716
288.09 877.5149 8 50.80051
288.0795 877.9522 8 50.83387
289.2796 878.524 8 50.86722
289.5082 878.8601 8 50.90058
291.3844 880.0518 8 50.93393
290.832 879.4193 8 50.96729
291.2862 879.369 8 51.00064
292.2456 880.6599 8 51.034
293.1975 880.9875 8 51.06736
294.3059 881.196 8 51.10071
294.4623 880.3541 8 51.13407
296.1185 880.6788 8 51.16742
296.9642 881.4968 8 51.20078
296.4837 881.3417 8 51.23413
296.8472 881.6543 8 51.26749
296.9624 882.652 8 51.30084
296.8062 882.2349 8 51.3342
297.4833 882.307 8 51.36756
298.068 882.3897 8 51.40091
298.1338 882.1613 8 51.43427
298.2267 882.3316 8 51.46762
299.7767 882.7129 8 51.50098
300.0886 882.5616 8 51.53433
299.4437 883.8986 8 51.56769
300.4099 883.6534 8 51.60104
300.676 884.0001 8 51.6344
301.1984 884.4522 8 51.66776
302.1696 884.0427 8 51.70111
301.6251 883.802 8 51.73447
300.7993 883.5419 8 51.76782
302.5566 883.918 8 51.80118
302.0337 883.7619 8 51.83453
301.0804 883.2607 8 51.86789
301.8567 883.5848 8 51.90124
301.1847 883.3347 8 51.9346
299.9356 882.7 8 51.96796
300.482 883.4732 8 52.00131
300.5762 882.7267 8 52.03467
299.4799 882.2865 8 52.06802
299.3187 882.2972 8 52.10138
298.8861 881.9219 8 52.13473
299.2113 881.9686 8 52.16809
299.0735 881.8546 8 52.20144
298.9591 881.9235 8 52.2348
298.7879 882.0741 8 52.26816
299.2486 882.6269 8 52.30151
299.0514 882.6786 8 52.33487
298.5268 882.0237 8 52.36822
297.3973 882.3528 8 52.40158
298.3304 882.9029 8 52.43493
297.4407 883.0114 8 52.46829
297.5945 883.4422 8 52.50164
297.323 883.5341 8 52.535
298.1404 883.8192 8 52.56836
299.4908 883.5495 8 52.60171
299.8668 884.1838 8 52.63507
300.0603 883.9906 8 52.66842
301.5168 884.0449 8 52.70178
301.8486 884.9603 8 52.73513
303.0214 885.047 8 52.76849
303.2702 885.3689 8 52.80184
303.7847 885.073 8 52.8352
305.6088 886.0702 8 52.86856
306.455 886.0497 8 52.90191
306.2165 885.4786 8 52.93527
306.7536 885.9908 8 52.96862
305.7899 885.3999 8 53.00198
305.229 885.3133 8 53.03533
304.2449 885.1531 8 53.06869
303.5625 885.2802 8 53.10204
304.5458 885.2234 8 53.1354
304.0499 885.4886 8 53.16876
303.9872 884.6077 8 53.20211
304.8171 884.7472 8 53.23547
305.8535 885.219 8 53.26882
305.7307 885.8766 8 53.30218
305.2722 885.4467 8 53.33553
304.0895 885.2304 8 53.36889
305.5409 885.732 8 53.40224
305.9986 885.5367 8 53.4356
305.4019 885.402 8 53.46896
305.0719 884.4755 8 53.50231
306.0381 885.7036 8 53.53567
305.7643 885.5558 8 53.56902
304.9917 885.6337 8 53.60238
305.7823 886.1979 8 53.63573
307.069 886.6789 8 53.66909
306.597 886.3619 8 53.70244
305.6283 886.3855 8 53.7358
306.8085 886.3128 8 53.76916
305.9564 886.4488 8 53.80251
306.4001 886.9712 8 53.83587
307.6841 888.2086 8 53.86922
307.1778 887.4848 8 53.90258
308.4363 887.1184 8 53.93593
308.5914 886.9333 8 53.96929
308.9275 886.26 8 54.00264
309.0032 886.5318 8 54.036
309.2763 887.3184 8 54.06936
309.3646 887.3774 8 54.10271
309.337 887.3508 8 54.13607
309.2165 886.892 8 54.16942
308.6865 886.7646 8 54.20278
308.4986 886.7749 8 54.23613
309.6825 885.4571 8 54.26949
308.9266 885.5287 8 54.30284
308.473 886.312 8 54.3362
307.1585 885.9427 8 54.36956
307.2046 886.4326 8 54.40291
307.7076 886.914 8 54.43627
307.1169 885.3326 8 54.46962
307.6937 885.8316 8 54.50298
307.3285 885.5372 8 54.53633
306.959 885.3053 8 54.56969
305.6891 885.457 8 54.60304
304.7816 884.5009 8 54.6364
303.9642 884.2141 8 54.66976
303.2487 883.6237 8 54.70311
303.6283 882.3762 8 54.73647
303.175 881.6863 8 54.76982
301.2461 882.7978 8 54.80318
299.5508 882.3351 8 54.83653
298.4868 881.7905 8 54.86989
297.6035 881.0389 8 54.90324
297.1736 880.7427 8 54.9366
295.7266 880.0322 8 54.96996
295.2808 880.1888 8 55.00331
294.8035 879.7573 8 55.03667
293.7611 879.6149 8 55.07002
292.1726 879.0556 8 55.10338
292.5088 878.8321 8 55.13673
293.4515 879.3018 8 55.17009
292.3191 878.9305 8 55.20344
291.3862 878.3544 8 55.2368
289.7525 877.3877 8 55.27016
289.5229 876.0203 8 55.30351
287.9268 876.2265 8 55.33687
286.3347 875.9669 8 55.37022
286.8288 875.7857 8 55.40358
286.2224 875.339 8 55.43693
283.8459 874.6025 8 55.47029
282.9528 874.1114 8 55.50364
282.8488 873.1019 8 55.537
281.6388 872.5611 8 55.57036
279.3639 871.8385 8 55.60371
277.0354 872.2254 8 55.63707
276.6558 871.051 8 55.67042
276.5037 871.009 8 55.70378
276.3595 870.1531 8 55.73713
274.4172 868.9984 8 55.77049
274.23 868.6752 8 55.80384
273.8577 869.3084 8 55.8372
274.0379 869.21 8 55.87056
274.2589 868.3498 8 55.90391
274.2818 868.2669 8 55.93727
272.974 868.8313 8 55.97062
271.3175 867.5815 8 56.00398
270.9155 867.5698 8 56.03733
270.0485 866.8153 8 56.07069
269.7468 867.145 8 56.10404
269.8117 866.5084 8 56.1374
268.7624 863.396 8 56.17076
268.7966 864.049 8 56.20411
268.2463 865.3875 8 56.23747
267.7213 865.7221 8 56.27082
266.9017 865.6142 8 56.30418
265.8911 864.7633 8 56.33753
265.0665 865.0759 8 56.37089
264.9099 863.9153 8 56.40424
262.7516 863.3432 8 56.4376
263.316 862.8551 8 56.47096
262.0698 862.9107 8 56.50431
262.0694 863.1824 8 56.53767
262.7202 863.2296 8 56.57102
262.3989 863.0414 8 56.60438
261.9552 863.2258 8 56.63773
261.2268 862.5522 8 56.67109
260.6779 862.6265 8 56.70444
261.3783 862.4699 8 56.7378
261.3359 862.2824 8 56.77116
261.4843 862.6956 8 56.80451
260.414 862.9255 8 56.83787
260.3996 862.9788 8 56.87122
260.5917 862.7901 8 56.90458
260.8569 863.4045 8 56.93793
260.7192 863.2765 8 56.97129
260.6984 863.3644 8 57.00464
260.1611 863.0731 8 57.038
262.1369 863.4026 8 57.07136
261.6992 863.1346 8 57.10471
262.3007 863.1771 8 57.13807
263.5357 864.4486 8 57.17142
263.8089 864.7478 8 57.20478
263.9437 865.2338 8 57.23813
266.1856 865.5942 8 57.27149
267.2182 865.6293 8 57.30484
266.8713 866.7102 8 57.3382
267.9369 865.9665 8 57.37156
268.9319 866.7703 8 57.40491
269.622 867.9156 8 57.43827
270.9023 868.2803 8 57.47162
273.2743 868.9546 8 57.50498
272.7282 867.9659 8 57.53833
272.0261 868.7591 8 57.57169
272.5463 869.3301 8 57.60504
273.3546 868.754 8 57.6384
273.0319 869.2232 8 57.67176
274.225 870.2224 8 57.70511
275.1761 870.4112 8 57.73847
275.6293 870.5844 8 57.77182
276.2466 871.0798 8 57.80518
276.863 871.2504 8 57.83853
277.2829 871.0485 8 57.87189
277.2392 871.6742 8 57.90524
277.6354 871.8134 8 57.9386
278.1182 871.9236 8 57.97196
278.4292 871.5915 8 58.00531
277.7123 871.8075 8 58.03867
277.7312 871.9089 8 58.07202
277.5431 872.3594 8 58.10538
278.6951 872.3159 8 58.13873
279.8506 872.2832 8 58.17209
280.0745 872.7949 8 58.20544
279.5431 872.9103 8 58.2388
279.9694 873.663 8 58.27216
282.0484 874.4996 8 58.30551
282.0811 874.7534 8 58.33887
282.6267 875.6471 8 58.37222
284.1047 876.753 8 58.40558
284.1705 875.8758 8 58.43893
286.6455 876.2162 8 58.47229
287.3971 876.8845 8 58.50564
287.6924 877.4004 8 58.539
288.1175 878.1872 8 58.57236
288.2965 878.2631 8 58.60571
289.5879 878.0873 8 58.63907
289.7765 878.0696 8 58.67242
290.9208 878.7877 8 58.70578
291.77 879.3457 8 58.73913
293.5909 879.6774 8 58.77249
293.7602 880.029 8 58.80584
293.9091 880.0981 8 58.8392
295.6801 880.9963 8 58.87256
296.8331 880.0302 8 58.90591
296.8855 880.941 8 58.93927
296.7919 880.9671 8 58.97262
296.429 880.9936 8 59.00598
296.6475 881.3912 8 59.03933
297.4479 881.6361 8 59.07269
297.9653 881.3543 8 59.10604
298.5828 881.3875 8 59.1394
298.0833 881.8774 8 59.17276
297.6288 882.318 8 59.20611
298.5518 882.8692 8 59.23947
298.5142 882.8173 8 59.27282
298.5536 882.8995 8 59.30618
298.4774 882.3668 8 59.33953
299.9518 882.6436 8 59.37289
300.5859 883.0265 8 59.40624
300.4959 882.7237 8 59.4396
300.012 882.416 8 59.47296
299.4032 882.2143 8 59.50631
298.8308 881.4897 8 59.53967
297.1435 881.7793 8 59.57302
296.99 880.821 8 59.60638
297.6917 881.3032 8 59.63973
297.6981 881.5695 8 59.67309
298.1211 881.5843 8 59.70644
297.911 881.5997 8 59.7398
298.7207 882.0989 8 59.77316
299.3207 881.8012 8 59.80651
299.8567 882.4784 8 59.83987
298.3691 882.8639 8 59.87322
299.0444 883.248 8 59.90658
300.2986 883.7768 8 59.93993
300.6685 883.0314 8 59.97329
301.6233 883.888 8 60.00664
303.3444 884.6829 8 60.04
303.3038 884.6593 8 60.07336
304.1106 885.1744 8 60.10671
304.9237 885.0224 8 60.14007
304.9443 885.4599 8 60.17342
306.2636 886.2144 8 60.20678
307.3557 886.5947 8 60.24013
307.8844 886.8296 8 60.27349
308.6965 887.3638 8 60.30684
309.476 886.9667 8 60.3402
310.1389 887.3809 8 60.37356
311.9447 887.6977 8 60.40691
311.9636 887.7028 8 60.44027
312.2047 887.973 8 60.47362
312.3644 888.3202 8 60.50698
312.6045 888.2115 8 60.54033
314.0516 889.8044 8 60.57369
314.6761 889.2221 8 60.60704
315.1705 888.7605 8 60.6404
314.9007 889.1984 8 60.67376
315.6478 889.2243 8 60.70711
316.1294 889.7963 8 60.74047
316.4618 889.6615 8 60.77382
316.5031 890.0573 8 60.80718
317.9576 889.941 8 60.84053
318.3314 891.8309 8 60.87389
317.9955 891.1835 8 60.90724
319.5391 892.0251 8 60.9406
320.3485 891.7671 8 60.97396
320.8222 892.0679 8 61.00731
322.0201 892.4198 8 61.04067
322.3616 892.4918 8 61.07402
323.3332 892.6812 8 61.10738
323.8633 892.8385 8 61.14073
323.9768 893.423 8 61.17409
324.733 893.511 8 61.20744
324.2954 893.7701 8 61.2408
325.0776 893.7325 8 61.27416
326.4924 894.5977 8 61.30751
327.0382 894.6563 8 61.34087
328.5746 894.7594 8 61.37422
329.4341 894.5211 8 61.40758
329.9478 894.5668 8 61.44093
329.9318 894.6054 8 61.47429
329.849 894.5641 8 61.50764
329.4889 894.4317 8 61.541
328.9495 893.766 8 61.57436
328.4217 893.9296 8 61.60771
327.567 893.771 8 61.64107
327.774 894.108 8 61.67442
327.4364 893.552 8 61.70778
327.201 893.6233 8 61.74113
326.5946 893.6881 8 61.77449
326.2386 894.0932 8 61.80784
327.9804 894.1882 8 61.8412
329.1536 894.6602 8 61.87456
329.3333 894.9044 8 61.90791
329.032 894.4037 8 61.94127
329.1761 894.4104 8 61.97462
330.0636 895.1177 8 62.00798
329.9758 895.6455 8 62.04133
330.1743 894.9518 8 62.07469
330.6343 894.6895 8 62.10804
330.7324 895.2692 8 62.1414
329.1402 894.9154 8 62.17476
329.2678 895.2262 8 62.20811
329.0208 894.8156 8 62.24147
328.9782 894.3483 8 62.27482
329.271 895.0048 8 62.30818
328.6139 894.6706 8 62.34153
329.5457 894.9923 8 62.37489
329.4357 895.148 8 62.40824
329.3165 895.0353 8 62.4416
329.7117 894.6362 8 62.47496
328.5056 894.557 8 62.50831
328.8342 894.5804 8 62.54167
327.8904 893.9301 8 62.57502
328.0308 894.0357 8 62.60838
327.8731 894.5561 8 62.64173
328.4345 894.6764 8 62.67509
329.6115 895.3856 8 62.70844
330.2026 894.2535 8 62.7418
329.4638 894.4298 8 62.77516
330.3192 894.2816 8 62.80851
329.3765 894.0934 8 62.84187
328.8689 894.2087 8 62.87522
329.4828 895.1591 8 62.90858
329.4673 894.708 8 62.94193
329.5032 894.658 8 62.97529
329.3731 894.9881 8 63.00864
330.6959 895.3524 8 63.042
332.4334 895.8724 8 63.07536
332.4376 895.5665 8 63.10871
332.1955 896.0101 8 63.14207
333.5952 896.4894 8 63.17542
334.1596 896.6907 8 63.20878
334.8942 896.4913 8 63.24213
334.8415 896.7933 8 63.27549
334.2914 896.6516 8 63.30884
334.4097 896.4125 8 63.3422
334.7967 896.6682 8 63.37556
334.4639 896.7711 8 63.40891
335.4326 896.6407 8 63.44227
336.0401 896.0522 8 63.47562
336.1897 894.9485 8 63.50898
334.7891 895.6085 8 63.54233
334.2925 896.6526 8 63.57569
334.0685 897.8887 8 63.60904
335.1891 897.062 8 63.6424
335.4837 896.6968 8 63.67576
335.1604 896.4323 8 63.70911
334.9665 896.0173 8 63.74247
335.5383 896.6025 8 63.77582
334.3056 895.6942 8 63.80918
334.3294 896.2393 8 63.84253
334.9622 896.603 8 63.87589
335.1122 896.7561 8 63.90924
335.563 896.9358 8 63.9426
335.6694 897.145 8 63.97596
336.5643 897.1745 8 64.00931
336.7535 897.453 8 64.04267
338.0017 898.4524 8 64.07602
338.3578 898.3692 8 64.10938
339.107 898.1298 8 64.14273
339.1548 898.5323 8 64.17609
339.9755 898.9543 8 64.20944
340.6481 899.2972 8 64.2428
341.5647 899.375 8 64.27616
342.4911 899.8412 8 64.30951
343.3058 899.6166 8 64.34287
343.8379 899.8202 8 64.37622
344.4466 900.2684 8 64.40958
345.0264 900.0405 8 64.44293
345.5193 900.227 8 64.47629
345.093 899.8509 8 64.50964
346.1347 900.937 8 64.543
346.9459 900.8272 8 64.57636
347.1911 900.348 8 64.60971
348.3291 900.5546 8 64.64307
348.456 900.6304 8 64.67642
347.8855 900.5177 8 64.70978
348.4406 901.4373 8 64.74313
348.9614 900.6663 8 64.77649
347.7236 900.9043 8 64.80984
347.76 901.1914 8 64.8432
346.6842 900.4079 8 64.87656
345.7468 900.0485 8 64.90991
345.8329 899.7577 8 64.94327
345.5149 900.1735 8 64.97662
346.4598 900.8844 8 65.00998
346.1775 900.7416 8 65.04333
347.0299 900.7781 8 65.07669
347.5024 900.8048 8 65.11004
347.7497 900.8322 8 65.1434
347.2969 900.8011 8 65.17676
348.1985 901.5565 8 65.21011
348.2974 901.1579 8 65.24347
348.3862 901.2974 8 65.27682
348.4769 901.1874 8 65.31018
348.8116 900.9454 8 65.34353
347.6646 901.0124 8 65.37689
346.8092 900.3289 8 65.41024
347.3571 899.771 8 65.4436
346.0212 900.398 8 65.47696
344.2859 900.1988 8 65.51031
342.9587 899.7027 8 65.54367
343.0631 899.742 8 65.57702
341.3651 899.1529 8 65.61038
339.1208 898.6989 8 65.64373
337.2143 897.5861 8 65.67709
336.2465 897.0348 8 65.71044
335.3361 896.979 8 65.7438
334.157 896.3923 8 65.77716
333.7449 896.2681 8 65.81051
332.2086 895.9055 8 65.84387
331.1957 895.1846 8 65.87722
330.939 895.0815 8 65.91058
329.6807 894.6966 8 65.94393
329.906 894.712 8 65.97729
328.8686 894.1656 8 66.01064
328.7919 893.9826 8 66.044
327.396 893.6738 8 66.07736
326.6938 893.5143 8 66.11071
327.5812 893.6371 8 66.14407
327.3206 893.0514 8 66.17742
327.3197 894.1417 8 66.21078
326.991 893.5726 8 66.24413
325.7466 894.0751 8 66.27749
326.4783 893.0053 8 66.31084
325.8611 893.5018 8 66.3442
325.2694 893.1366 8 66.37756
324.6921 892.9598 8 66.41091
323.2539 892.4461 8 66.44427
321.1819 891.5403 8 66.47762
320.3781 891.7933 8 66.51098
318.8505 891.1433 8 66.54433
317.8935 890.6863 8 66.57769
317.2484 889.7559 8 66.61104
316.7874 889.0745 8 66.6444
316.5742 888.8445 8 66.67776
316.2135 888.7533 8 66.71111
314.9127 888.2592 8 66.74447
314.889 888.2953 8 66.77782
315.6019 888.2642 8 66.81118
315.6343 888.2657 8 66.84453
315.0832 888.6359 8 66.87789
313.926 887.7573 8 66.91124
313.7236 888.0599 8 66.9446
314.0998 888.7178 8 66.97796
314.2083 888.886 8 67.01131
314.0057 888.0045 8 67.04467
312.782 888.1027 8 67.07802
312.5723 887.7186 8 67.11138
313.0301 887.6569 8 67.14473
312.2707 887.3149 8 67.17809
311.6603 887.2131 8 67.21144
312.4015 887.4797 8 67.2448
312.1596 887.1358 8 67.27816
311.8605 887.0795 8 67.31151
311.6259 886.9703 8 67.34487
310.9178 887.0501 8 67.37822
310.9767 886.6056 8 67.41158
311.5343 886.8354 8 67.44493
311.213 886.6449 8 67.47829
311.4173 886.9983 8 67.51164
311.3479 887.3757 8 67.545
309.948 886.9975 8 67.57836
309.5371 886.7139 8 67.61171
308.9516 885.9375 8 67.64507
307.4728 885.9254 8 67.67842
305.2801 885.5719 8 67.71178
305.1418 885.0767 8 67.74513
305.2177 884.6895 8 67.77849
303.8363 885.033 8 67.81184
303.2651 883.8817 8 67.8452
303.1679 883.8105 8 67.87856
302.0829 883.3583 8 67.91191
302.141 882.9067 8 67.94527
301.6179 882.6925 8 67.97862
301.1506 882.6747 8 68.01198
299.962 881.6965 8 68.04533
298.7844 881.844 8 68.07869
299.176 881.993 8 68.11204
298.3051 881.3149 8 68.1454
298.5496 881.2921 8 68.17876
297.9508 880.6545 8 68.21211
297.4303 880.8477 8 68.24547
297.1206 881.0566 8 68.27882
296.899 880.7696 8 68.31218
296.3727 880.3585 8 68.34553
295.6071 879.5159 8 68.37889
295.5247 879.1421 8 68.41224
296.03 878.8963 8 68.4456
295.1143 878.761 8 68.47896
293.5469 879.1341 8 68.51231
294.4312 880.0273 8 68.54567
293.3127 879.1643 8 68.57902
293.6705 879.1111 8 68.61238
292.9038 878.8704 8 68.64573
292.9406 879.9111 8 68.67909
292.9542 878.8342 8 68.71244
293.2421 879.2747 8 68.7458
292.9181 879.0017 8 68.77916
292.0179 878.8907 8 68.81251
291.6543 878.7217 8 68.84587
291.8708 877.7212 8 68.87922
290.6759 877.8206 8 68.91258
290.0397 877.6914 8 68.94593
289.2275 877.5174 8 68.97929
289.1958 877.845 8 69.01264
289.0652 876.6844 8 69.046
288.2638 876.6851 8 69.07936
287.6065 876.6178 8 69.11271
287.2988 876.0084 8 69.14607
287.637 876.6239 8 69.17942
288.0885 876.4181 8 69.21278
286.8447 875.8556 8 69.24613
286.2931 875.5629 8 69.27949
286.0199 875.0691 8 69.31284
286.4088 875.301 8 69.3462
285.8743 875.6322 8 69.37956
284.8301 874.3128 8 69.41291
284.5606 874.508 8 69.44627
283.272 874.1338 8 69.47962
282.0014 873.9666 8 69.51298
281.4108 872.9794 8 69.54633
280.3726 873.1134 8 69.57969
279.5883 872.8131 8 69.61304
280.0241 872.7957 8 69.6464
280.5197 872.8623 8 69.67976
279.6577 872.4623 8 69.71311
278.2958 872.2893 8 69.74647
278.1532 871.504 8 69.77982
276.9104 871.0921 8 69.81318
276.2245 871.0237 8 69.84653
274.3254 870.3881 8 69.87989
273.085 869.8716 8 69.91324
271.6989 868.945 8 69.9466
271.4762 868.5076 8 69.97996
271.298 868.4312 8 70.01331
269.736 867.256 8 70.04667
267.4541 866.4036 8 70.08002
266.4672 865.6032 8 70.11338
264.8532 864.6462 8 70.14673
264.2454 863.954 8 70.18009
262.9665 862.8232 8 70.21344
261.8676 863.2334 8 70.2468
261.4951 862.3634 8 70.28016
261.2507 862.4392 8 70.31351
260.3857 861.6902 8 70.34687
258.8857 861.0997 8 70.38022
258.4724 861.0958 8 70.41358
258.2403 860.6658 8 70.44693
257.1783 860.2562 8 70.48029
256.1255 859.1397 8 70.51364
255.658 858.3792 8 70.547
254.881 858.0152 8 70.58036
254.6359 857.929 8 70.61371
254.1068 857.5016 8 70.64707
252.4926 856.7557 8 70.68042
251.8569 855.9427 8 70.71378
251.4815 855.8453 8 70.74713
250.9598 856.01 8 70.78049
250.6513 855.3318 8 70.81384
249.8897 855.2218 8 70.8472
249.5057 854.2736 8 70.88056
248.0602 854.1403 8 70.91391
248.8896 854.0198 8 70.94727
249.2543 854.2236 8 70.98062
248.7464 854.1806 8 71.01398
248.9745 854.3021 8 71.04733
248.819 854.5106 8 71.08069
248.7143 854.688 8 71.11404
247.9603 854.0008 8 71.1474
247.6978 854.034 8 71.18076
248.0651 853.9621 8 71.21411
247.5352 854.0746 8 71.24747
246.5871 853.3935 8 71.28082
246.8557 853.514 8 71.31418
246.8511 853.827 8 71.34753
245.7504 853.2554 8 71.38089
244.6945 852.1334 8 71.41424
244.6644 851.6913 8 71.4476
245.0213 852.0017 8 71.48096
245.1684 852.039 8 71.51431
244.335 851.7122 8 71.54767
243.8253 851.3252 8 71.58102
242.9651 850.9461 8 71.61438
242.5408 851.1866 8 71.64773
242.6461 850.9588 8 71.68109
242.6606 850.9061 8 71.71444
242.0967 850.5507 8 71.7478
242.7144 849.6204 8 71.78116
242.8206 850.0869 8 71.81451
242.3192 850.3389 8 71.84787
242.1076 850.6395 8 71.88122
241.3943 850.3381 8 71.91458
241.2583 850.639 8 71.94793
241.6555 850.0479 8 71.98129
241.372 849.4244 8 72.01464
241.5369 849.5649 8 72.048
241.1671 849.1105 8 72.08136
241.1191 849.1579 8 72.11471
240.9587 849.0981 8 72.14807
240.7071 849.1411 8 72.18142
240.765 848.7722 8 72.21478
240.2973 848.5338 8 72.24813
240.1861 848.9416 8 72.28149
240.0922 849.0483 8 72.31484
239.0438 848.9866 8 72.3482
238.3523 848.5272 8 72.38156
238.5765 848.1532 8 72.41491
238.1906 847.649 8 72.44827
237.1564 847.3962 8 72.48162
236.3626 845.6058 8 72.51498
235.1129 845.9129 8 72.54833
233.6456 844.9994 8 72.58169
233.073 844.2054 8 72.61504
232.5366 843.8329 8 72.6484
231.8845 843.768 8 72.68176
231.6429 843.1861 8 72.71511
230.7336 842.8553 8 72.74847
230.4372 842.0485 8 72.78182
230.7107 842.1497 8 72.81518
230.6359 841.5966 8 72.84853
230.5163 841.9303 8 72.88189
230.5864 841.6894 8 72.91524
230.1808 841.7534 8 72.9486
230.2943 842.424 8 72.98196
229.4497 842.3649 8 73.01531
229.4497 842.3649 8 73.04867
228.7354 841.1597 8 73.08202
227.6907 840.7322 8 73.11538
227.6907 840.7322 8 73.14873
228.0483 840.5595 8 73.18209
227.906 839.9956 8 73.21544
227.906 839.9956 8 73.2488
227.2377 839.485 8 73.28216
226.7983 839.2273 8 73.31551
226.7983 839.2273 8 73.34887
226.9341 839.2 8 73.38222
226.5575 838.01 8 73.41558
226.5575 838.01 8 73.44893
226.4782 837.3909 8 73.48229
227.0545 838.8268 8 73.51564
227.0545 838.8268 8 73.549
227.2294 838.5716 8 73.58236
227.306 839.0744 8 73.61571
227.306 839.0744 8 73.64907
228.1653 839.6601 8 73.68242
227.6002 839.3854 8 73.71578
227.6002 839.3854 8 73.74913
227.4681 839.1411 8 73.78249
227.935 839.205 8 73.81584
227.935 839.205 8 73.8492
227.8876 839.0225 8 73.88256
228.0699 839.9557 8 73.91591
228.0699 839.9557 8 73.94927
227.6233 839.2764 8 73.98262
227.2519 839.112 8 74.01598
226.9991 839.1243 8 74.04933
226.9225 838.6433 8 74.08269
226.4865 837.9112 8 74.11604
226.9764 838.6654 8 74.1494
226.6461 839.1354 8 74.18276
226.1188 838.9668 8 74.21611
225.895 838.2545 8 74.24947
226.098 838.6934 8 74.28282
226.24 838.532 8 74.31618
225.733 837.8301 8 74.34953
225.8256 837.749 8 74.38289
224.7643 837.377 8 74.41624
224.7646 837.4198 8 74.4496
224.7474 837.3117 8 74.48296
224.7168 837.2236 8 74.51631
223.976 836.9652 8 74.54967
224.3519 837.4745 8 74.58302
223.0037 837.1095 8 74.61638
223.0928 837.0814 8 74.64973
222.9609 836.8109 8 74.68309
222.7086 836.4914 8 74.71644
222.3445 835.5552 8 74.7498
223.036 835.9539 8 74.78316
222.9174 836.4427 8 74.81651
221.9655 835.7316 8 74.84987
221.5221 835.1586 8 74.88322
221.2781 834.9006 8 74.91658
221.0377 835.2452 8 74.94993
220.7854 834.9927 8 74.98329
220.2654 834.7167 8 75.01664
219.854 833.6803 8 75.05
219.2243 833.7829 8 75.08336
218.2373 832.9711 8 75.11671
217.5095 831.938 8 75.15007
215.7506 831.8231 8 75.18342
215.9973 831.3821 8 75.21678
216.1571 831.2526 8 75.25013
215.3762 830.6825 8 75.28349
214.8469 830.1577 8 75.31684
215.038 829.8665 8 75.3502
215.4347 830.235 8 75.38356
215.8968 830.4185 8 75.41691
215.4708 829.8946 8 75.45027
215.3775 830.2203 8 75.48362
215.7111 830.3793 8 75.51698
215.9121 830.5982 8 75.55033
215.7827 830.5778 8 75.58369
215.2919 830.5282 8 75.61704
214.9136 830.1906 8 75.6504
214.8287 829.9531 8 75.68376
215.0384 830.197 8 75.71711
214.7031 829.9382 8 75.75047
214.54 829.6244 8 75.78382
213.9374 829.475 8 75.81718
213.1064 828.7508 8 75.85053
212.8554 828.5246 8 75.88389
212.1081 828.0094 8 75.91724
210.9004 828.0636 8 75.9506
211.0862 827.0624 8 75.98396
210.7885 826.4387 8 76.01731
210.713 826.6008 8 76.05067
209.9741 826.2418 8 76.08402
210.1128 826.3187 8 76.11738
209.8506 825.7852 8 76.15073
208.8135 824.7762 8 76.18409
208.4033 824.786 8 76.21744
207.3169 824.5431 8 76.2508
207.0753 824.6395 8 76.28416
206.6825 823.9222 8 76.31751
205.9158 823.2281 8 76.35087
206.1252 823.1583 8 76.38422
206.0938 823.4473 8 76.41758
206.3372 823.3129 8 76.45093
206.5529 822.4492 8 76.48429
205.6345 822.6672 8 76.51764
205.7994 822.3294 8 76.551
205.2493 822.0753 8 76.58436
204.6893 822.4571 8 76.61771
204.426 821.6234 8 76.65107
204.3462 821.5484 8 76.68442
203.6027 821.0676 8 76.71778
204.2152 821.9225 8 76.75113
203.8571 821.4585 8 76.78449
203.3837 821.3339 8 76.81784
202.4339 820.8944 8 76.8512
201.944 819.8244 8 76.88456
201.4197 819.1079 8 76.91791
199.8943 817.9871 8 76.95127
200.0578 818.2598 8 76.98462
200.3757 817.7536 8 77.01798
199.6628 817.394 8 77.05133
199.751 816.9304 8 77.08469
198.9266 817.0451 8 77.11804
198.9989 816.7802 8 77.1514
199.0647 816.9516 8 77.18476
198.9489 817.1108 8 77.21811
198.7946 816.5167 8 77.25147
198.6788 816.8734 8 77.28482
198.2056 816.5397 8 77.31818
197.5328 815.3687 8 77.35153
196.345 815.3687 8 77.38489
196.4746 815.1224 8 77.41824
196.0986 814.9756 8 77.4516
194.8204 814.1268 8 77.48496
194.9663 813.2239 8 77.51831
195.2406 813.6237 8 77.55167
194.4352 813.9773 8 77.58502
193.995 812.9552 8 77.61838
194.2951 812.9769 8 77.65173
193.0978 812.1856 8 77.68509
192.6551 810.8289 8 77.71844
192.9853 811.1459 8 77.7518
192.1216 810.7914 8 77.78516
192.0361 810.5836 8 77.81851
191.4197 810.2901 8 77.85187
191.0994 809.7507 8 77.88522
189.6166 809.1439 8 77.91858
189.2723 809.2224 8 77.95193
188.3612 808.6544 8 77.98529
188.3988 808.0351 8 78.01864
187.7965 807.2841 8 78.052
186.7073 806.1453 8 78.08536
186.364 806.3475 8 78.11871
185.672 805.4281 8 78.15207
185.7867 805.1282 8 78.18542
185.2557 804.852 8 78.21878
185.4152 804.8446 8 78.25213
184.4605 804.6448 8 78.28549
184.1518 804.1435 8 78.31884
184.3249 804.0433 8 78.3522
183.5382 803.9591 8 78.38556
183.2994 803.7744 8 78.41891
183.8732 803.6868 8 78.45227
183.3742 802.9444 8 78.48562
183.08 802.8817 8 78.51898
182.8911 802.3607 8 78.55233
182.5065 801.9495 8 78.58569
182.4863 801.4289 8 78.61904
181.9202 801.1026 8 78.6524
181.9223 801.2043 8 78.68576
181.6129 800.4706 8 78.71911
180.7564 800.1414 8 78.75247
180.5187 800.3772 8 78.78582
181.1257 800.7136 8 78.81918
181.3354 801.1099 8 78.85253
180.4567 800.9749 8 78.88589
180.6889 800.8875 8 78.91924
180.6141 801.0636 8 78.9526
180.0584 800.2899 8 78.98596
179.1998 800.8653 8 79.01931
178.9892 800.4508 8 79.05267
179.524 800.0611 8 79.08602
180.0124 799.801 8 79.11938
179.9365 799.1714 8 79.15273
179.1648 799.6191 8 79.18609
178.6293 799.1935 8 79.21944
178.8762 799.688 8 79.2528
178.8039 799.8191 8 79.28616
178.0653 799.435 8 79.31951
178.3452 799.7973 8 79.35287
178.2769 800.1056 8 79.38622
177.4962 799.7301 8 79.41958
178.2137 799.7322 8 79.45293
178.5933 798.1722 8 79.48629
179.4099 798.4371 8 79.51964
178.7095 798.7422 8 79.553
178.3617 798.8002 8 79.58636
178.4142 798.8486 8 79.61971
178.5966 798.919 8 79.65307
179.2574 799.3331 8 79.68642
179.3215 799.5935 8 79.71978
179.7299 798.9251 8 79.75313
178.9162 799.1909 8 79.78649
179.0817 799.5093 8 79.81984
178.9727 799.4381 8 79.8532
178.6768 798.7747 8 79.88656
178.3583 798.682 8 79.91991
178.3787 799.0731 8 79.95327
177.7947 798.0082 8 79.98662
178.1794 798.446 8 80.01998
178.0672 797.7945 8 80.05333
177.4613 797.2137 8 80.08669
177.0268 797.0542 8 80.12004
177.0321 797.0039 8 80.1534
176.6077 796.9033 8 80.18676
177.2067 797.5069 8 80.22011
176.5165 796.7801 8 80.25347
176.5251 796.4779 8 80.28682
175.756 796.093 8 80.32018
175.2684 796.507 8 80.35353
175.7471 795.8186 8 80.38689
175.5234 795.5532 8 80.42024
175.4178 795.8255 8 80.4536
174.9558 795.2554 8 80.48696
174.7684 795.3017 8 80.52031
174.915 795.2493 8 80.55367
174.5765 795.4794 8 80.58702
173.7768 795.2011 8 80.62038
172.4375 794.1604 8 80.65373
172.6742 793.3423 8 80.68709
172.1874 793.024 8 80.72044
171.5707 792.7981 8 80.7538
171.5972 792.3111 8 80.78716
171.528 792.1409 8 80.82051
171.0973 792.1111 8 80.85387
170.6772 791.2264 8 80.88722
169.8693 790.6223 8 80.92058
169.8568 790.6901 8 80.95393
169.0719 790.0374 8 80.98729
168.7606 789.5215 8 81.02064
168.2073 788.4716 8 81.054
167.365 788.0536 8 81.08736
167.316 788.0388 8 81.12071
166.829 787.0911 8 81.15407
165.7188 786.6121 8 81.18742
165.5128 786.0352 8 81.22078
165.4483 786.2829 8 81.25413
165.3204 786.9321 8 81.28749
165.8177 787.4447 8 81.32084
164.9276 786.0188 8 81.3542
164.9921 785.9473 8 81.38756
165.4725 785.6261 8 81.42091
166.1478 785.4513 8 81.45427
165.8514 785.7953 8 81.48762
165.3112 786.0865 8 81.52098
166.2639 786.4457 8 81.55433
165.917 786.4134 8 81.58769
165.5956 787.0412 8 81.62104
166.2789 786.6999 8 81.6544
166.5329 786.9002 8 81.68776
166.1155 786.672 8 81.72111
165.6513 785.676 8 81.75447
164.9113 786.275 8 81.78782
164.8181 785.7477 8 81.82118
164.5701 784.1796 8 81.85453
164.6559 784.4995 8 81.88789
164.5311 784.1188 8 81.92124
164.9809 784.4737 8 81.9546
164.3429 784.2373 8 81.98796
163.8425 784.5285 8 82.02131
162.3296 783.7234 8 82.05467
162.4938 783.759 8 82.08802
162.4824 782.4275 8 82.12138
162.1474 781.9985 8 82.15473
162.4156 782.1038 8 82.18809
162.7287 782.2259 8 82.22144
161.7293 782.0253 8 82.2548
160.769 782.0103 8 82.28816
161.7368 782.4457 8 82.32151
161.9964 781.6722 8 82.35487
161.8132 780.7388 8 82.38822
160.6078 780.0216 8 82.42158
159.9787 779.2716 8 82.45493
158.7947 778.9611 8 82.48829
158.6368 778.2616 8 82.52164
157.772 778.3473 8 82.555
157.4911 777.1294 8 82.58836
156.3822 776.4062 8 82.62171
155.3834 775.8988 8 82.65507
154.6974 775.5135 8 82.68842
153.429 774.8849 8 82.72178
153.0482 774.6278 8 82.75513
152.9251 773.474 8 82.78849
151.8918 772.3081 8 82.82184
151.1162 771.4208 8 82.8552
150.9889 770.723 8 82.88856
150.2024 769.5603 8 82.92191
150.585 768.3962 8 82.95527
149.985 768.6095 8 82.98862
149.5444 768.3774 8 83.02198
148.6297 767.2692 8 83.05533
148.7282 766.7405 8 83.08869
148.0864 765.862 8 83.12204
147.1861 764.2539 8 83.1554
146.1227 763.6509 8 83.18876
144.6987 762.2607 8 83.22211
143.6713 761.2192 8 83.25547
143.6975 760.6925 8 83.28882
141.7231 758.4265 8 83.32218
140.3688 757.4884 8 83.35553
139.8402 757.3021 8 83.38889
138.8838 756.6659 8 83.42224
138.9753 755.6911 8 83.4556
138.7522 754.5937 8 83.48896
138.149 753.8986 8 83.52231
137.7367 753.5468 8 83.55567
137.5729 753.474 8 83.58902
137.4237 753.2782 8 83.62238
136.2419 752.3348 8 83.65573
135.9275 751.3175 8 83.68909
135.737 750.7482 8 83.72244
134.7788 749.2747 8 83.7558
134.5323 748.9273 8 83.78916
134.2532 747.7593 8 83.82251
133.6285 747.8285 8 83.85587
133.1975 747.3049 8 83.88922
132.7153 746.4824 8 83.92258
132.0408 744.792 8 83.95593
131.3003 744.6783 8 83.98929
130.3783 743.4587 8 84.02264
129.6733 742.8767 8 84.056
128.5915 741.7006 8 84.08936
128.0639 740.9809 8 84.12271
127.1741 739.4917 8 84.15607
126.6762 737.958 8 84.18942
126.3937 736.6768 8 84.22278
125.7305 736.0846 8 84.25613
124.8717 735.2028 8 84.28949
124.1494 734.827 8 84.32284
123.8234 733.2677 8 84.3562
123.6899 733.0239 8 84.38956
122.7672 732.2108 8 84.42291
123.3175 732.1837 8 84.45627
122.452 732.1366 8 84.48962
121.8989 732.6416 8 84.52298
122.1285 732.084 8 84.55633
121.5417 731.7308 8 84.58969
120.9447 731.3252 8 84.62304
120.7647 729.8389 8 84.6564
120.4534 729.8981 8 84.68976
119.9677 728.5486 8 84.72311
120.0796 728.2925 8 84.75647
119.6699 727.4868 8 84.78982
118.8612 727.2281 8 84.82318
118.6174 726.5809 8 84.85653
118.908 726.1358 8 84.88989
118.9856 725.5341 8 84.92324
118.3607 725.3805 8 84.9566
118.6176 725.257 8 84.98996
118.0932 724.4534 8 85.02331
117.4586 724.0703 8 85.05667
116.5382 723.2318 8 85.09002
115.938 722.0034 8 85.12338
115.3489 721.2714 8 85.15673
114.637 720.7803 8 85.19009
114.1966 719.9387 8 85.22344
113.7936 719.6061 8 85.2568
113.5921 718.3442 8 85.29016
112.8838 717.6218 8 85.32351
112.7233 717.6361 8 85.35687
112.3593 716.841 8 85.39022
111.8927 716.2073 8 85.42358
111.4548 715.2159 8 85.45693
111.16 714.3572 8 85.49029
111.0889 714.1519 8 85.52364
110.5372 713.8039 8 85.557
110.4435 713.2677 8 85.59036
110.2898 711.9128 8 85.62371
109.8874 711.124 8 85.65707
108.9434 710.3228 8 85.69042
108.0942 708.8325 8 85.72378
108.0295 707.8077 8 85.75713
108.1352 707.2122 8 85.79049
107.8999 707.0768 8 85.82384
107.4177 707.2361 8 85.8572
107.3528 706.1345 8 85.89056
106.8447 705.7656 8 85.92391
106.1251 705.0765 8 85.95727
106.2147 704.5133 8 85.99062
106.0289 704.0252 8 86.02398
105.6507 703.8192 8 86.05733
105.6486 703.6239 8 86.09069
105.6194 703.5067 8 86.12404
105.3894 702.548 8 86.1574
104.6328 702.1893 8 86.19076
104.3252 701.8305 8 86.22411
103.2761 701.1313 8 86.25747
103.3548 701.6348 8 86.29082
103.1658 699.7137 8 86.32418
102.7235 698.5753 8 86.35753
102.7624 698.3533 8 86.39089
102.1074 698.0005 8 86.42424
101.8283 698.2884 8 86.4576
101.842 698.1292 8 86.49096
102.096 698.1555 8 86.52431
101.7854 698.4417 8 86.55767
101.9398 697.5865 8 86.59102
101.4106 696.1055 8 86.62438
101.0813 696.0885 8 86.65773
101.0747 695.9372 8 86.69109
101.1043 695.7221 8 86.72444
100.7863 695.088 8 86.7578
100.1698 693.8202 8 86.79116
100.0582 693.984 8 86.82451
100.1529 693.9364 8 86.85787
100.0733 693.8449 8 86.89122
99.92645 694.3031 8 86.92458
100.0956 694.1071 8 86.95793
100.1185 694.3396 8 86.99129
100.5093 694.0886 8 87.02464
100.4345 694.6282 8 87.058
100.0564 694.2704 8 87.09136
99.3469 692.3804 8 87.12471
99.25489 691.7402 8 87.15807
99.04451 691.1249 8 87.19142
98.81291 691.2795 8 87.22478
99.06583 691.4649 8 87.25813
98.79798 690.9705 8 87.29149
98.72762 690.9344 8 87.32484
98.48435 690.3467 8 87.3582
97.95681 690.0148 8 87.39156
98.35872 690.1519 8 87.42491
97.6332 688.9051 8 87.45827
97.59498 688.074 8 87.49162
97.43128 688.1638 8 87.52498
96.6848 687.4533 8 87.55833
96.73457 687.9063 8 87.59169
96.13329 687.3652 8 87.62504
96.04583 686.5201 8 87.6584
95.64816 685.6719 8 87.69176
94.9013 684.6354 8 87.72511
94.60343 684.0472 8 87.75847
94.17068 683.083 8 87.79182
93.91227 682.8003 8 87.82518
94.02689 682.2021 8 87.85853
94.55255 681.4607 8 87.89189
93.72823 680.4031 8 87.92524
92.50855 680.1708 8 87.9586
92.37182 679.6577 8 87.99196
92.428 679.5031 8 88.02531
92.34871 678.8595 8 88.05867
92.00926 678.4957 8 88.09202
91.1176 677.3936 8 88.12538
91.03056 676.603 8 88.15873
90.74348 675.7754 8 88.19209
90.50427 674.7926 8 88.22544
90.95357 675.3671 8 88.2588
90.41236 674.548 8 88.29216
90.3563 674.2711 8 88.32551
89.63758 673.4494 8 88.35887
89.28534 672.5752 8 88.39222
88.86757 671.8033 8 88.42558
88.98367 671.8808 8 88.45893
88.98359 671.1018 8 88.49229
88.70691 671.4092 8 88.52564
88.60984 671.0486 8 88.559
88.34631 670.2481 8 88.59236
87.70388 669.1756 8 88.62571
87.00406 669.5071 8 88.65907
87.5453 668.4085 8 88.69242
87.37578 667.6168 8 88.72578
86.68615 666.9687 8 88.75913
85.58564 666.5196 8 88.79249
85.5783 665.2354 8 88.82584
85.31809 664.859 8 88.8592
85.27133 663.727 8 88.89256
85.08784 662.599 8 88.92591
84.57884 661.3821 8 88.95927
83.99186 660.1769 8 88.99262
83.20617 660.4269 8 89.02598
83.49095 659.6832 8 89.05933
83.27159 658.8616 8 89.09269
83.20103 658.2818 8 89.12604
83.2152 657.7726 8 89.1594
82.86999 657.7183 8 89.19276
82.91633 657.6754 8 89.22611
82.73875 657.8374 8 89.25947
84.05947 658.4681 8 89.29282
83.64356 658.3037 8 89.32618
83.5138 657.8247 8 89.35953
83.34622 657.6556 8 89.39289
83.6657 657.9295 8 89.42624
83.97318 659.2589 8 89.4596
83.87824 659.7563 8 89.49296
83.9184 660.0024 8 89.52631
84.35886 660.919 8 89.55967
84.86239 661.6345 8 89.59302
84.41441 660.616 8 89.62638
84.30041 660.2246 8 89.65973
84.9127 660.9117 8 89.69309
85.1563 661.5345 8 89.72644
85.75676 663.6301 8 89.7598
86.01461 663.8754 8 89.79316
86.40518 664.1864 8 89.82651
86.65644 665.3764 8 89.85987
87.00265 665.6974 8 89.89322
86.98022 665.8773 8 89.92658
87.06827 665.9931 8 89.95993
87.2046 666.6423 8 89.99329
87.18733 666.8081 8 90.02664
87.6045 668.0465 8 90.06
87.81664 668.4011 8 90.09336
87.94602 668.5201 8 90.12671
88.62799 669.7761 8 90.16007
88.62929 669.4518 8 90.19342
88.66777 670.0659 8 90.22678
88.91966 670.9569 8 90.26013
89.70011 670.5697 8 90.29349
89.54243 671.5259 8 90.32684
89.23837 671.2794 8 90.3602
89.42157 671.1094 8 90.39356
89.54265 671.977 8 90.42691
89.89676 672.6763 8 90.46027
90.42427 672.945 8 90.49362
90.27031 674.1247 8 90.52698
90.67259 675.1415 8 90.56033
90.84573 675.5582 8 90.59369
91.75368 676.6119 8 90.62704
91.99667 677.0194 8 90.6604
92.091 677.711 8 90.69376
92.45397 678.4119 8 90.72711
93.32326 679.7187 8 90.76047
93.64983 679.7891 8 90.79382
93.85209 680.3651 8 90.82718
93.70235 680.0334 8 90.86053
94.50611 680.8268 8 90.89389
95.58416 680.712 8 90.92724
94.9368 681.6641 8 90.9606
95.24722 682.2408 8 90.99396
94.80271 682.1942 8 91.02731
95.30516 682.8608 8 91.06067
95.26682 682.4615 8 91.09402
95.17118 682.3981 8 91.12738
95.23732 683.2121 8 91.16073
95.38457 683.5912 8 91.19409
95.45819 684.1101 8 91.22744
95.97639 684.672 8 91.2608
95.58059 684.8974 8 91.29416
95.93229 685.0272 8 91.32751
95.84257 684.6628 8 91.36087
96.21698 685.0204 8 91.39422
96.3553 684.9903 8 91.42758
96.60548 685.8707 8 91.46093
96.77736 686.3384 8 91.49429
97.48497 687.7891 8 91.52764
97.75917 688.3261 8 91.561
97.96785 689.0439 8 91.59436
98.38164 689.3471 8 91.62771
98.59744 689.675 8 91.66107
98.76415 689.7363 8 91.69442
98.99991 690.6306 8 91.72778
99.00756 690.6578 8 91.76113
99.08319 691.6466 8 91.79449
99.80751 691.9756 8 91.82784
99.99246 691.9748 8 91.8612
99.85889 692.4096 8 91.89456
99.79802 692.2306 8 91.92791
100.3434 693.4102 8 91.96127
100.3205 693.9858 8 91.99462
100.7923 694.0915 8 92.02798
101.5002 694.1586 8 92.06133
101.1044 695.2675 8 92.09469
101.4338 695.7309 8 92.12804
101.5272 695.9547 8 92.1614
101.0692 695.9358 8 92.19476
101.4095 696.3789 8 92.22811
101.6448 696.7633 8 92.26147
102.0489 696.9958 8 92.29482
102.0954 696.7849 8 92.32818
102.1442 697.0007 8 92.36153
102.2775 697.3803 8 92.39489
102.5146 697.7624 8 92.42824
102.319 697.7436 8 92.4616
102.3081 697.5223 8 92.49496
102.3557 697.7888 8 92.52831
102.7774 698.4146 8 92.56167
103.1813 698.5896 8 92.59502
103.2139 698.9188 8 92.62838
103.4414 699.0762 8 92.66173
103.9879 699.5484 8 92.69509
103.6377 700.1583 8 92.72844
103.833 700.4174 8 92.7618
104.0061 700.5591 8 92.79516
104.3529 701.2104 8 92.82851
105.54 702.3263 8 92.86187
105.9197 702.8285 8 92.89522
105.5436 704.1254 8 92.92858
105.9508 703.6102 8 92.96193
106.6278 704.4934 8 92.99529
107.1352 705.1614 8 93.02864
107.0655 705.7727 8 93.062
107.5676 706.5525 8 93.09536
107.6604 706.0661 8 93.12871
107.9751 707.1515 8 93.16207
108.3575 707.8299 8 93.19542
108.5764 708.2565 8 93.22878
108.7109 708.662 8 93.26213
109.1451 708.8765 8 93.29549
109.1247 708.8364 8 93.32884
108.9081 708.9176 8 93.3622
109.6514 710.113 8 93.39556
109.7234 710.1113 8 93.42891
110.2965 711.2822 8 93.46227
110.3304 711.3902 8 93.49562
110.6014 711.5231 8 93.52898
110.5708 711.5635 8 93.56233
110.3597 711.5441 8 93.59569
110.6156 711.9633 8 93.62904
110.6906 712.1492 8 93.6624
110.9049 712.4616 8 93.69576
111.5744 712.2959 8 93.72911
111.957 713.1466 8 93.76247
111.8014 712.9821 8 93.79582
112.092 714.1818 8 93.82918
111.9379 713.6182 8 93.86253
112.2791 713.6896 8 93.89589
111.8605 714.0346 8 93.92924
111.7179 714.1716 8 93.9626
111.9474 713.9033 8 93.99596
111.6413 713.704 8 94.02931
111.6765 713.6624 8 94.06267
112.89 713.404 8 94.09602
111.8069 713.0577 8 94.12938
111.2406 712.7664 8 94.16273
110.8784 713.1625 8 94.19609
111.2891 713.1646 8 94.22944
110.9492 713.3704 8 94.2628
111.6777 713.7471 8 94.29616
111.4181 713.8826 8 94.32951
111.9483 714.0058 8 94.36287
111.878 713.5549 8 94.39622
111.901 713.937 8 94.42958
111.5612 713.8347 8 94.46293
111.7523 713.8628 8 94.49629
111.6463 714.2668 8 94.52964
111.8817 714.3341 8 94.563
112.0434 714.0905 8 94.59636
111.9675 714.8142 8 94.62971
112.6792 715.5584 8 94.66307
112.9531 715.6357 8 94.69642
113.021 715.9793 8 94.72978
113.2118 716.2129 8 94.76313
113.2576 716.1175 8 94.79649
113.1985 715.8951 8 94.82984
113.214 716.5511 8 94.8632
113.4375 716.7732 8 94.89656
113.6553 716.9856 8 94.92991
113.7147 717.3325 8 94.96327
113.8275 717.1077 8 94.99662
114.0501 717.6527 8 95.02998
114.5499 718.5903 8 95.06333
115.0034 718.9985 8 95.09669
114.7328 719.0988 8 95.13004
114.9881 719.1937 8 95.1634
115.4081 720.1233 8 95.19676
115.5476 720.1277 8 95.23011
115.6374 720.8949 8 95.26347
115.75 720.6804 8 95.29682
116.0197 721.5194 8 95.33018
116.2514 721.7559 8 95.36353
117.003 722.7672 8 95.39689
116.667 722.5325 8 95.43024
116.8315 723.5592 8 95.4636
116.6979 723.5234 8 95.49696
116.7032 723.3831 8 95.53031
116.7552 723.3568 8 95.56367
117.5002 723.1395 8 95.59702
117.4736 723.4309 8 95.63038
117.2966 723.4387 8 95.66373
117.3606 723.3361 8 95.69709
117.3009 722.8684 8 95.73044
117.4814 723.248 8 95.7638
117.7819 724.0728 8 95.79716
117.1017 724.4172 8 95.83051
117.3519 724.4483 8 95.86387
117.5015 723.9267 8 95.89722
118.1906 724.0926 8 95.93058
118.0863 723.3722 8 95.96393
118.0431 724.1167 8 95.99729
117.9895 723.8428 8 96.03064
117.7253 724.0647 8 96.064
