553.7187, 172.783, 1, 0
661.4382, 142.1433, 1, 0.03336667
666.368, 138.4924, 1, 0.06673333
671.7724, 134.569, 1, 0.1001
677.9345, 130.6317, 1, 0.1334667
683.2862, 125.9868, 1, 0.1668333
688.8003, 121.4396, 1, 0.2002
693.7027, 116.5841, 1, 0.2335667
695.4138, 116.1872, 1, 0.2669333
696.1185, 115.5296, 1, 0.3003
697.2885, 116.265, 1, 0.3336667
699.2044, 117.2948, 1, 0.3670333
700.6207, 118.3045, 1, 0.4004
701.2525, 119.7763, 1, 0.4337667
704.7785, 120.2279, 1, 0.4671333
707.3625, 123.4989, 1, 0.5005
711.3483, 125.0317, 1, 0.5338667
717.009, 129.7871, 1, 0.5672333
720.9316, 131.6651, 1, 0.6006
722.9261, 133.4027, 1, 0.6339667
726.0793, 136.6138, 1, 0.6673333
730.003, 138.51, 1, 0.7007
733.6911, 141.7797, 1, 0.7340667
737.8507, 144.7131, 1, 0.7674333
741.7592, 145.8519, 1, 0.8008
746.1577, 149.6097, 1, 0.8341667
750.3638, 153.4582, 1, 0.8675333
753.9319, 154.7926, 1, 0.9009
755.9536, 157.5226, 1, 0.9342667
757.7396, 158.1421, 1, 0.9676333
758.1369, 159.6406, 1, 1.001
759.2577, 160.3839, 1, 1.034367
759.9568, 160.4751, 1, 1.067733
759.3899, 160.0408, 1, 1.1011
759.0089, 159.8077, 1, 1.134467
757.6224, 158.6458, 1, 1.167833
756.8808, 157.3281, 1, 1.2012
754.6379, 155.2771, 1, 1.234567
751.4385, 152.1483, 1, 1.267933
746.9329, 149.0047, 1, 1.3013
740.6882, 146.6353, 1, 1.334667
735.7491, 141.3768, 1, 1.368033
731.5356, 137.7489, 1, 1.4014
727.5666, 133.4793, 1, 1.434767
721.6493, 130.6952, 1, 1.468133
715.079, 126.6457, 1, 1.5015
709.5807, 122.3566, 1, 1.534867
703.4983, 119.5677, 1, 1.568233
697.8974, 115.2799, 1, 1.6016
692.1872, 112.5145, 1, 1.634967
687.0855, 109.3001, 1, 1.668333
682.8273, 107.6758, 1, 1.7017
678.6609, 106.3465, 1, 1.735067
681.4544, 107.9779, 1, 1.768433
683.1061, 110.9349, 1, 1.8018
687.5393, 112.0101, 1, 1.835167
692.96, 113.9456, 1, 1.868533
695.2521, 116.0575, 1, 1.9019
698.238, 116.9042, 1, 1.935267
701.2315, 119.5715, 1, 1.968633
704.2951, 120.1318, 1, 2.002
708.4033, 121.3143, 1, 2.035367
709.8448, 122.3059, 1, 2.068733
710.2847, 123.3184, 1, 2.1021
710.2704, 124.038, 1, 2.135467
708.9049, 121.2928, 1, 2.168833
706.1025, 120.1003, 1, 2.2022
701.895, 117.8249, 1, 2.235567
696.0952, 114.4357, 1, 2.268933
691.0466, 111.4314, 1, 2.3023
683.7364, 108.6856, 1, 2.335667
681.343, 107.2622, 1, 2.369033
677.5222, 105.7386, 1, 2.4024
679.3322, 104.9214, 1, 2.435767
681.494, 106.3797, 1, 2.469133
682.9227, 107.6832, 1, 2.5025
685.207, 108.4447, 1, 2.535867
687.1257, 108.8975, 1, 2.569233
688.0398, 109.5972, 1, 2.6026
688.6238, 109.3052, 1, 2.635967
687.4658, 108.7956, 1, 2.669333
687.8364, 108.5216, 1, 2.7027
688.6647, 109.7245, 1, 2.736067
687.3604, 108.7036, 1, 2.769433
686.1625, 110.3982, 1, 2.8028
685.6893, 108.5677, 1, 2.836167
683.9381, 105.127, 1, 2.869533
682.5181, 105.4547, 1, 2.9029
677.9059, 105.033, 1, 2.936267
672.5892, 102.6813, 1, 2.969633
666.2393, 100.479, 1, 3.003
660.799, 98.83824, 1, 3.036367
653.5904, 98.40446, 1, 3.069733
646.5008, 99.68168, 1, 3.1031
638.4821, 100.4868, 1, 3.136467
630.679, 101.7503, 1, 3.169833
622.949, 103.5109, 1, 3.2032
615.2496, 106.0353, 1, 3.236567
608.3491, 109.9529, 1, 3.269933
601.6731, 114.3812, 1, 3.3033
595.5445, 119.0259, 1, 3.336667
589.7876, 123.3446, 1, 3.370033
583.7392, 128.0981, 1, 3.4034
577.8966, 133.9546, 1, 3.436767
572.8116, 140.5308, 1, 3.470133
568.2476, 146.744, 1, 3.5035
564.027, 153.4857, 1, 3.536867
560.307, 160.2714, 1, 3.570233
556.6411, 165.5349, 1, 3.6036
553.7187, 172.783, 1, 3.636967
549.2375, 178.884, 1, 3.670333
547.1227, 186.9608, 1, 3.7037
543.8158, 193.4481, 1, 3.737067
541.1068, 201.459, 1, 3.770433
538.0764, 209.3271, 1, 3.8038
535.4776, 215.847, 1, 3.837167
532.8516, 222.0685, 1, 3.870533
529.4639, 228.3597, 1, 3.9039
527.2142, 235.9473, 1, 3.937267
523.6808, 242.5712, 1, 3.970633
521.4491, 249.1687, 1, 4.004
518.0285, 256.1977, 1, 4.037367
515.2603, 262.6276, 1, 4.070733
512.1381, 269.446, 1, 4.1041
509.0612, 276.1843, 1, 4.137467
506.1875, 281.7673, 1, 4.170833
503.1696, 287.4692, 1, 4.2042
500.6929, 293.9927, 1, 4.237567
497.6238, 301.1683, 1, 4.270933
495.006, 306.6811, 1, 4.3043
492.0181, 312.9731, 1, 4.337667
489.6731, 319.3527, 1, 4.371033
488.0849, 325.178, 1, 4.4044
486.6472, 331.4475, 1, 4.437767
485.418, 338.1284, 1, 4.471133
484.4551, 346.5146, 1, 4.5045
483.8079, 354.365, 1, 4.537867
482.8202, 362.2853, 1, 4.571233
483.0145, 370.078, 1, 4.6046
482.7161, 377.3994, 1, 4.637967
483.5724, 385.1725, 1, 4.671333
484.8477, 393.1458, 1, 4.7047
486.2573, 400.9772, 1, 4.738067
488.2376, 408.9741, 1, 4.771433
490.5089, 416.6602, 1, 4.8048
493.3287, 423.6074, 1, 4.838167
496.2339, 430.7157, 1, 4.871533
500.0196, 437.4595, 1, 4.9049
503.819, 444.1735, 1, 4.938267
508.4088, 450.6281, 1, 4.971633
512.9569, 456.5102, 1, 5.005
518.1519, 462.2883, 1, 5.038367
523.4073, 467.9377, 1, 5.071733
529.1651, 473.3977, 1, 5.1051
535.4326, 478.0933, 1, 5.138467
541.4987, 482.519, 1, 5.171833
548.1125, 486.4361, 1, 5.2052
554.392, 490.58, 1, 5.238567
561.3873, 494.1688, 1, 5.271933
568.2455, 497.1446, 1, 5.3053
566.804, 496.6129, 1, 5.338667
568.3995, 496.398, 1, 5.372033
570.0645, 496.5726, 1, 5.4054
570.8962, 495.9305, 1, 5.438767
570.5701, 494.9978, 1, 5.472133
571.8669, 494.1812, 1, 5.5055
576.175, 493.9308, 1, 5.538867
578.4069, 494.5687, 1, 5.572233
581.8948, 493.4275, 1, 5.6056
587.9035, 492.7891, 1, 5.638967
594.5158, 490.3335, 1, 5.672333
600.0203, 488.8579, 1, 5.7057
605.2007, 486.1427, 1, 5.739067
610.288, 483.336, 1, 5.772433
615.8142, 480.1428, 1, 5.8058
621.368, 476.4118, 1, 5.839167
627.1854, 472.3928, 1, 5.872533
632.623, 467.534, 1, 5.9059
638.5411, 463.177, 1, 5.939267
644.6069, 458.1308, 1, 5.972633
650.0096, 452.8703, 1, 6.006
655.3853, 447.0637, 1, 6.039367
660.1617, 440.9583, 1, 6.072733
664.5108, 434.7912, 1, 6.1061
668.577, 428.5578, 1, 6.139467
672.2314, 422.1057, 1, 6.172833
676.3969, 415.1344, 1, 6.2062
679.4178, 408.9516, 1, 6.239567
682.9642, 402.7664, 1, 6.272933
686.1299, 395.6228, 1, 6.3063
688.8271, 388.4631, 1, 6.339667
691.0641, 381.3408, 1, 6.373033
693.1798, 374.473, 1, 6.4064
695.3106, 368.8664, 1, 6.439767
697.4917, 362.419, 1, 6.473133
699.0848, 355.0563, 1, 6.5065
700.5451, 347.8799, 1, 6.539867
701.659, 340.2153, 1, 6.573233
702.4746, 334.891, 1, 6.6066
702.4106, 328.4849, 1, 6.639967
701.8281, 321.798, 1, 6.673333
700.9538, 314.6637, 1, 6.7067
699.0924, 307.0104, 1, 6.740067
697.3043, 300.2417, 1, 6.773433
694.5289, 292.6953, 1, 6.8068
691.5567, 285.4454, 1, 6.840167
687.6943, 278.2526, 1, 6.873533
683.8355, 271.3697, 1, 6.9069
679.5778, 264.7488, 1, 6.940267
674.9153, 258.4601, 1, 6.973633
670.1502, 252.8277, 1, 7.007
665.5633, 247.1835, 1, 7.040367
660.9261, 241.6756, 1, 7.073733
656.247, 236.4584, 1, 7.1071
651.7992, 231.2048, 1, 7.140467
646.3808, 229.4121, 1, 7.173833
640.723, 226.7339, 1, 7.2072
634.2823, 223.3991, 1, 7.240567
627.6394, 221.959, 1, 7.273933
620.2905, 219.691, 1, 7.3073
613.1448, 217.0101, 1, 7.340667
605.4665, 214.1776, 1, 7.374033
598.1205, 212.14, 1, 7.4074
590.5165, 210.1182, 1, 7.440767
582.5913, 208.3749, 1, 7.474133
575.2716, 207.3856, 1, 7.5075
567.5956, 206.8278, 1, 7.540867
559.7242, 206.7429, 1, 7.574233
551.3381, 207.4371, 1, 7.6076
543.2336, 208.2867, 1, 7.640967
535.5887, 209.7226, 1, 7.674333
527.8028, 211.699, 1, 7.7077
520.8433, 214.2831, 1, 7.741067
513.7871, 217.1535, 1, 7.774433
506.7283, 220.4159, 1, 7.8078
499.8613, 224.4039, 1, 7.841167
493.1312, 228.4519, 1, 7.874533
486.4913, 233.1087, 1, 7.9079
479.9985, 238.1004, 1, 7.941267
473.5488, 243.1817, 1, 7.974633
467.8642, 248.8318, 1, 8.008
462.5555, 254.9085, 1, 8.041367
457.7586, 261.0436, 1, 8.074733
453.2216, 267.3456, 1, 8.1081
449.0181, 273.9861, 1, 8.141467
445.4001, 280.8186, 1, 8.174833
441.9563, 287.7488, 1, 8.2082
438.9278, 295.1895, 1, 8.241567
436.1029, 302.8618, 1, 8.274933
433.4987, 310.7306, 1, 8.3083
431.7943, 318.0945, 1, 8.341667
430.8293, 325.6799, 1, 8.375033
429.9021, 333.2653, 1, 8.4084
429.4633, 340.9657, 1, 8.441767
429.6471, 348.9594, 1, 8.475133
430.2442, 356.9472, 1, 8.5085
431.1642, 364.4301, 1, 8.541867
430.2587, 372.7557, 1, 8.575233
429.1618, 381.4291, 1, 8.6086
428.9815, 390.3444, 1, 8.641967
429.9828, 399.2061, 1, 8.675333
431.2983, 408.4884, 1, 8.7087
432.5681, 416.9291, 1, 8.742067
434.5608, 425.2152, 1, 8.775433
437.2602, 433.376, 1, 8.8088
440.5997, 440.8119, 1, 8.842167
443.4246, 449.0556, 1, 8.875533
446.4432, 457.0966, 1, 8.9089
450.2224, 464.1689, 1, 8.942267
454.7529, 470.7155, 1, 8.975633
459.8566, 476.5461, 1, 9.009
465.4352, 482.3703, 1, 9.042367
471.8489, 488.3486, 1, 9.075733
478.3447, 493.6329, 1, 9.1091
484.7472, 498.7421, 1, 9.142467
490.9336, 503.3764, 1, 9.175833
498.4373, 508.2283, 1, 9.2092
505.1861, 513.25, 1, 9.242567
512.4219, 517.9135, 1, 9.275933
519.7515, 522.6971, 1, 9.3093
526.3146, 527.2253, 1, 9.342667
533.4446, 531.7183, 1, 9.376033
539.5514, 535.5491, 1, 9.4094
546.7764, 539.0084, 1, 9.442767
553.4238, 542.0207, 1, 9.476133
560.7473, 545.2938, 1, 9.5095
568.0352, 547.8774, 1, 9.542867
575.9681, 550.4327, 1, 9.576233
583.5295, 552.4001, 1, 9.6096
591.3845, 554.2109, 1, 9.642967
599.0819, 555.6318, 1, 9.676333
606.4727, 556.4449, 1, 9.7097
613.9672, 557.0357, 1, 9.743067
621.8136, 557.2864, 1, 9.776433
629.3569, 557.1865, 1, 9.8098
636.5408, 556.6638, 1, 9.843167
644.7618, 555.4712, 1, 9.876533
652.1522, 554.1209, 1, 9.9099
659.7798, 551.945, 1, 9.943267
666.4525, 549.6009, 1, 9.976633
673.8456, 546.817, 1, 10.01
680.9189, 543.3531, 1, 10.04337
687.7381, 539.5463, 1, 10.07673
693.9233, 535.0462, 1, 10.1101
699.7792, 530.2106, 1, 10.14347
705.4247, 525.0738, 1, 10.17683
710.6878, 519.4564, 1, 10.2102
715.8174, 513.593, 1, 10.24357
720.735, 507.2753, 1, 10.27693
725.0015, 501.091, 1, 10.3103
728.8705, 494.6191, 1, 10.34367
732.3426, 487.8123, 1, 10.37703
735.6316, 481.01, 1, 10.4104
738.0975, 474.2741, 1, 10.44377
740.1111, 467.1001, 1, 10.47713
742.2936, 460.0362, 1, 10.5105
743.4719, 452.4342, 1, 10.54387
744.1674, 445.6158, 1, 10.57723
744.4021, 438.3088, 1, 10.6106
744.6525, 431.2074, 1, 10.64397
744.5483, 423.5184, 1, 10.67733
743.7839, 415.7407, 1, 10.7107
742.8565, 408.1125, 1, 10.74407
740.9272, 400.4159, 1, 10.77743
739.2538, 393.0643, 1, 10.8108
736.7779, 385.5764, 1, 10.84417
733.7699, 378.433, 1, 10.87753
730.4304, 371.1051, 1, 10.9109
726.4062, 364.063, 1, 10.94427
722.7879, 357.2026, 1, 10.97763
718.4608, 350.8675, 1, 11.011
713.8478, 344.3096, 1, 11.04437
709.058, 338.2299, 1, 11.07773
703.5374, 332.5061, 1, 11.1111
698.043, 326.9193, 1, 11.14447
692.0554, 321.6169, 1, 11.17783
686.266, 316.7358, 1, 11.2112
679.5465, 312.3672, 1, 11.24457
672.9353, 308.3306, 1, 11.27793
665.5434, 304.0096, 1, 11.3113
658.3002, 300.6241, 1, 11.34467
650.7891, 297.4686, 1, 11.37803
643.3377, 294.6216, 1, 11.4114
635.8015, 292.1284, 1, 11.44477
628.0282, 290.2619, 1, 11.47813
620.0312, 288.4461, 1, 11.5115
611.7774, 286.9746, 1, 11.54487
603.6697, 285.9623, 1, 11.57823
595.8468, 285.5219, 1, 11.6116
587.6016, 285.4497, 1, 11.64497
579.7982, 285.8169, 1, 11.67833
571.5827, 286.6673, 1, 11.7117
563.9296, 287.9693, 1, 11.74507
555.8454, 289.8929, 1, 11.77843
547.4702, 292.3282, 1, 11.8118
539.4568, 295.4176, 1, 11.84517
531.95, 298.6989, 1, 11.87853
524.9764, 302.4138, 1, 11.9119
518.0394, 306.4609, 1, 11.94527
511.4584, 311.1103, 1, 11.97863
505.3448, 316.2936, 1, 12.012
499.0978, 321.7284, 1, 12.04537
493.4286, 327.6119, 1, 12.07873
488.1122, 333.6612, 1, 12.1121
483.5005, 340.0889, 1, 12.14547
479.0927, 346.8985, 1, 12.17883
474.7902, 352.846, 1, 12.2122
471.2598, 360.1753, 1, 12.24557
467.7962, 367.4084, 1, 12.27893
464.8296, 375.2553, 1, 12.3123
462.0006, 382.7007, 1, 12.34567
459.6956, 390.4007, 1, 12.37903
457.5816, 397.9839, 1, 12.4124
456.0142, 406.3077, 1, 12.44577
454.5713, 414.621, 1, 12.47913
454.0323, 422.8376, 1, 12.5125
453.8274, 430.564, 1, 12.54587
454.0381, 438.5627, 1, 12.57923
454.8177, 446.4101, 1, 12.6126
455.9347, 454.1987, 1, 12.64597
457.5914, 462.0951, 1, 12.67933
459.4899, 469.4793, 1, 12.7127
462.3939, 476.8192, 1, 12.74607
465.7954, 483.7607, 1, 12.77943
469.9894, 490.9471, 1, 12.8128
474.2212, 493.8081, 1, 12.84617
478.6747, 496.0348, 1, 12.87953
483.8175, 499.1383, 1, 12.9129
489.9251, 502.0078, 1, 12.94627
495.6003, 506.2433, 1, 12.97963
501.1989, 510.6873, 1, 13.013
506.4484, 515.5767, 1, 13.04637
512.293, 520.9316, 1, 13.07973
518.3662, 525.9949, 1, 13.1131
524.459, 530.4497, 1, 13.14647
530.7607, 534.5488, 1, 13.17983
536.3536, 538.0779, 1, 13.2132
542.9609, 541.5214, 1, 13.24657
546.0964, 542.1288, 1, 13.27993
547.9093, 540.7423, 1, 13.3133
550.2235, 538.7327, 1, 13.34667
553.2847, 536.7236, 1, 13.38003
554.9124, 533.5951, 1, 13.4134
557.2641, 530.1001, 1, 13.44677
558.2293, 525.637, 1, 13.48013
560.875, 521.921, 1, 13.5135
562.5279, 516.2915, 1, 13.54687
565.9824, 511.4407, 1, 13.58023
568.8956, 505.7548, 1, 13.6136
570.9908, 500.3332, 1, 13.64697
573.617, 498.3431, 1, 13.68033
575.8837, 495.5141, 1, 13.7137
578.6746, 492.6632, 1, 13.74707
581.7608, 487.7035, 1, 13.78043
583.0938, 480.8148, 1, 13.8138
585.406, 474.0832, 1, 13.84717
588.833, 467.4535, 1, 13.88053
591.7031, 462.288, 1, 13.9139
595.3306, 456.4572, 1, 13.94727
598.1529, 452.508, 1, 13.98063
598.9726, 446.7999, 1, 14.014
599.0944, 440.3989, 1, 14.04737
598.9624, 433.5559, 1, 14.08073
598.3682, 425.9011, 1, 14.1141
597.3519, 418.1918, 1, 14.14747
595.6462, 410.2423, 1, 14.18083
593.1742, 402.504, 1, 14.2142
590.878, 395.1789, 1, 14.24757
587.644, 387.4312, 1, 14.28093
584.3889, 379.7483, 1, 14.3143
580.6202, 372.9116, 1, 14.34767
576.2314, 366.3478, 1, 14.38103
571.6257, 360.2407, 1, 14.4144
566.7001, 354.6543, 1, 14.44777
561.0397, 349.2001, 1, 14.48113
555.4125, 343.6844, 1, 14.5145
548.9184, 338.4856, 1, 14.54787
542.0924, 333.0258, 1, 14.58123
535.579, 328.2039, 1, 14.6146
528.8875, 323.9063, 1, 14.64797
522.0683, 320.0619, 1, 14.68133
515.1406, 316.7272, 1, 14.7147
507.8681, 313.755, 1, 14.74807
500.053, 311.013, 1, 14.78143
492.2639, 308.8843, 1, 14.8148
484.4435, 306.925, 1, 14.84817
476.053, 305.4919, 1, 14.88153
468.0196, 304.6038, 1, 14.9149
460.0055, 303.6931, 1, 14.94827
451.6326, 303.6662, 1, 14.98163
443.709, 304.1125, 1, 15.015
435.8075, 305.1379, 1, 15.04837
428.1347, 306.2535, 1, 15.08173
420.2533, 308.2874, 1, 15.1151
412.6119, 310.835, 1, 15.14847
405.2621, 313.3794, 1, 15.18183
397.5225, 316.4421, 1, 15.2152
389.8769, 320.3156, 1, 15.24857
382.8767, 324.0884, 1, 15.28193
376.1405, 328.469, 1, 15.3153
370.0713, 333.0431, 1, 15.34867
363.8718, 337.7547, 1, 15.38203
357.7844, 343.5577, 1, 15.4154
352.1916, 349.6519, 1, 15.44877
346.7827, 355.9064, 1, 15.48213
341.9699, 362.5516, 1, 15.5155
337.4985, 369.0935, 1, 15.54887
333.0186, 376.4633, 1, 15.58223
329.4639, 384.037, 1, 15.6156
326.2284, 391.3129, 1, 15.64897
323.3984, 398.6177, 1, 15.68233
321.2063, 406.2344, 1, 15.7157
319.2472, 413.9842, 1, 15.74907
318.1623, 422.0385, 1, 15.78243
317.178, 430.2278, 1, 15.8158
316.7956, 438.8475, 1, 15.84917
316.9173, 446.7904, 1, 15.88253
317.2125, 454.6672, 1, 15.9159
318.287, 462.8972, 1, 15.94927
319.481, 470.8558, 1, 15.98263
321.4439, 478.6416, 1, 16.016
323.713, 486.1486, 1, 16.04937
326.4336, 493.8398, 1, 16.08273
330.025, 501.1904, 1, 16.1161
333.9723, 508.245, 1, 16.14947
338.6569, 515.1799, 1, 16.18283
343.1653, 521.3348, 1, 16.2162
348.8085, 527.3822, 1, 16.24957
354.4488, 533.0035, 1, 16.28293
360.6493, 538.1451, 1, 16.3163
367.0725, 543.155, 1, 16.34967
373.7658, 547.5295, 1, 16.38303
380.3943, 551.6715, 1, 16.4164
387.3011, 555.1789, 1, 16.44977
394.3046, 558.285, 1, 16.48313
401.416, 560.8058, 1, 16.5165
408.9151, 562.9738, 1, 16.54987
416.7355, 565.1519, 1, 16.58323
424.1507, 566.6978, 1, 16.6166
432.3996, 567.8236, 1, 16.64997
440.0496, 568.6489, 1, 16.68333
448.0245, 569.0648, 1, 16.7167
455.8053, 569.0153, 1, 16.75007
463.4047, 568.7006, 1, 16.78343
471.8489, 567.6132, 1, 16.8168
479.8047, 566.1439, 1, 16.85017
487.2225, 564.3582, 1, 16.88353
494.4763, 562.2068, 1, 16.9169
501.4445, 559.6998, 1, 16.95027
508.4447, 556.7035, 1, 16.98363
515.2472, 553.3276, 1, 17.017
521.9918, 549.2652, 1, 17.05037
528.2938, 544.9546, 1, 17.08373
534.8116, 540.8425, 1, 17.1171
540.6347, 536.3821, 1, 17.15047
546.2935, 531.5299, 1, 17.18383
551.6439, 526.3297, 1, 17.2172
557.202, 521.1128, 1, 17.25057
562.3984, 515.5991, 1, 17.28393
567.3796, 509.5313, 1, 17.3173
571.9639, 502.8619, 1, 17.35067
576.0992, 496.7196, 1, 17.38403
582.2238, 491.2156, 1, 17.4174
588.5953, 485.3478, 1, 17.45077
593.2802, 479.0232, 1, 17.48413
597.0974, 471.9154, 1, 17.5175
600.3154, 463.899, 1, 17.55087
602.8046, 455.8138, 1, 17.58423
603.9595, 447.34, 1, 17.6176
604.5379, 439.4713, 1, 17.65097
604.4591, 431.6383, 1, 17.68433
604.1326, 423.957, 1, 17.7177
603.0999, 415.9349, 1, 17.75107
601.7806, 408.0636, 1, 17.78443
600.0172, 400.7023, 1, 17.8178
597.5262, 393.2701, 1, 17.85117
595.1993, 385.727, 1, 17.88453
591.8352, 378.4272, 1, 17.9179
588.0913, 371.3037, 1, 17.95127
584.0525, 364.8662, 1, 17.98463
579.3524, 358.3189, 1, 18.018
574.6845, 352.1014, 1, 18.05137
568.7363, 346.3271, 1, 18.08473
563.2469, 341.0212, 1, 18.1181
557.1419, 335.8044, 1, 18.15147
550.7559, 330.2013, 1, 18.18483
542.2508, 326.4633, 1, 18.2182
534.3504, 323.2447, 1, 18.25157
526.8636, 319.6032, 1, 18.28493
519.4377, 315.6582, 1, 18.3183
512.1685, 312.1469, 1, 18.35167
505.0726, 309.0112, 1, 18.38503
497.6501, 306.336, 1, 18.4184
490.1378, 303.1584, 1, 18.45177
482.1516, 300.8594, 1, 18.48513
474.0957, 298.3951, 1, 18.5185
465.7381, 296.399, 1, 18.55187
457.8477, 294.995, 1, 18.58523
449.5404, 293.7406, 1, 18.6186
441.6853, 292.9598, 1, 18.65197
433.3287, 292.9847, 1, 18.68533
425.7681, 293.4145, 1, 18.7187
417.2103, 293.99, 1, 18.75207
409.1614, 294.7295, 1, 18.78543
401.4141, 296.2028, 1, 18.8188
393.5579, 298.3154, 1, 18.85217
385.8826, 300.7345, 1, 18.88553
378.0561, 303.2381, 1, 18.9189
370.8138, 306.3717, 1, 18.95227
362.7699, 310.0386, 1, 18.98563
355.3698, 314.3408, 1, 19.019
348.0487, 318.2318, 1, 19.05237
341.4117, 322.608, 1, 19.08573
338.379, 327.6591, 1, 19.1191
337.6176, 334.2703, 1, 19.15247
337.6009, 341.8162, 1, 19.18583
337.8687, 349.7439, 1, 19.2192
336.7216, 357.9192, 1, 19.25257
336.3084, 366.3279, 1, 19.28593
338.1567, 375.1125, 1, 19.3193
339.1405, 383.9034, 1, 19.35267
339.3886, 392.4611, 1, 19.38603
339.5996, 400.5784, 1, 19.4194
339.5731, 409.2504, 1, 19.45277
339.5053, 417.434, 1, 19.48613
339.9554, 425.6467, 1, 19.5195
340.3284, 434.0849, 1, 19.55287
341.0015, 442.2906, 1, 19.58623
342.0852, 450.2752, 1, 19.6196
343.6639, 457.9738, 1, 19.65297
345.5149, 466.0742, 1, 19.68633
347.7291, 474.0692, 1, 19.7197
350.7803, 481.8515, 1, 19.75307
353.6252, 489.0571, 1, 19.78643
357.4069, 496.2696, 1, 19.8198
360.7576, 503.3034, 1, 19.85317
364.7132, 510.372, 1, 19.88653
368.9011, 516.9354, 1, 19.9199
373.8074, 523.172, 1, 19.95327
378.7852, 529.3385, 1, 19.98663
383.8318, 535.2261, 1, 20.02
389.3042, 541.107, 1, 20.05337
395.1992, 546.3227, 1, 20.08673
401.4736, 551.6046, 1, 20.1201
407.934, 556.7745, 1, 20.15347
414.5407, 561.6768, 1, 20.18683
421.0816, 565.5904, 1, 20.2202
428.5215, 569.6464, 1, 20.25357
435.6823, 573.3581, 1, 20.28693
442.9215, 576.5806, 1, 20.3203
450.3139, 579.5344, 1, 20.35367
457.871, 581.8525, 1, 20.38703
465.8165, 583.8878, 1, 20.4204
474.0768, 586.1089, 1, 20.45377
482.5384, 587.4823, 1, 20.48713
490.9041, 588.3954, 1, 20.5205
498.6379, 588.5485, 1, 20.55387
506.4058, 588.7824, 1, 20.58723
514.18, 588.8289, 1, 20.6206
521.6306, 588.3092, 1, 20.65397
529.878, 587.0978, 1, 20.68733
537.5228, 585.6642, 1, 20.7207
545.4331, 583.787, 1, 20.75407
553.3066, 581.3465, 1, 20.78743
560.6364, 578.6408, 1, 20.8208
567.8293, 575.5876, 1, 20.85417
575.1062, 572.0918, 1, 20.88753
582.1596, 568.034, 1, 20.9209
588.1958, 563.8555, 1, 20.95427
594.9052, 559.5033, 1, 20.98763
601.201, 554.7654, 1, 21.021
606.8405, 549.9651, 1, 21.05437
612.3068, 544.405, 1, 21.08773
617.5742, 538.7731, 1, 21.1211
622.753, 533.1699, 1, 21.15447
627.6178, 527.1326, 1, 21.18783
632.9241, 520.016, 1, 21.2212
637.4966, 513.438, 1, 21.25457
641.3657, 506.7637, 1, 21.28793
645.5554, 499.5373, 1, 21.3213
649.038, 492.1726, 1, 21.35467
652.106, 484.7029, 1, 21.38803
654.6832, 477.1631, 1, 21.4214
656.7406, 469.7956, 1, 21.45477
658.7076, 461.7946, 1, 21.48813
660.5407, 453.6581, 1, 21.5215
661.6754, 445.4716, 1, 21.55487
662.6806, 437.2027, 1, 21.58823
663.2669, 428.715, 1, 21.6216
663.5426, 420.6835, 1, 21.65497
663.2539, 412.609, 1, 21.68833
662.8039, 405.0618, 1, 21.7217
661.6179, 397.2655, 1, 21.75507
660.2288, 389.3166, 1, 21.78843
658.2575, 381.2129, 1, 21.8218
657.9057, 372.3399, 1, 21.85517
657.252, 363.898, 1, 21.88853
655.3385, 355.8885, 1, 21.9219
653.0336, 346.0515, 1, 21.95527
650.0278, 337.7723, 1, 21.98863
646.4411, 330.3827, 1, 22.022
641.8002, 322.7507, 1, 22.05537
637.256, 315.2175, 1, 22.08873
632.7243, 308.1594, 1, 22.1221
627.8046, 301.6879, 1, 22.15547
622.9614, 294.9694, 1, 22.18883
617.8731, 288.811, 1, 22.2222
612.1966, 283.1153, 1, 22.25557
606.4688, 277.6759, 1, 22.28893
600.3472, 272.4925, 1, 22.3223
594.2455, 267.5868, 1, 22.35567
587.5787, 263.0109, 1, 22.38903
580.7232, 258.9674, 1, 22.4224
573.3708, 255.4731, 1, 22.45577
566.0917, 252.2465, 1, 22.48913
558.6751, 249.4559, 1, 22.5225
551.0892, 247.1663, 1, 22.55587
542.95, 245.614, 1, 22.58923
534.5688, 244.3598, 1, 22.6226
526.4554, 243.1033, 1, 22.65597
518.5173, 242.7718, 1, 22.68933
510.1522, 243.0418, 1, 22.7227
502.0999, 243.5823, 1, 22.75607
494.1755, 244.2224, 1, 22.78943
486.2173, 245.7062, 1, 22.8228
478.2828, 247.6304, 1, 22.85617
470.8355, 249.8333, 1, 22.88953
463.4021, 252.4607, 1, 22.9229
455.949, 255.4094, 1, 22.95627
448.7105, 258.9307, 1, 22.98963
441.0705, 263.1044, 1, 23.023
434.0858, 267.2491, 1, 23.05637
427.4228, 271.6793, 1, 23.08973
421.1361, 276.7758, 1, 23.1231
414.8269, 282.1831, 1, 23.15647
409.0071, 287.7716, 1, 23.18983
403.7128, 293.4977, 1, 23.2232
398.3393, 299.6726, 1, 23.25657
393.4045, 306.2307, 1, 23.28993
384.4904, 320.5673, 1, 23.3233
384.4904, 320.5673, 1, 23.35667
380.3562, 327.695, 1, 23.39003
373.4731, 342.4058, 1, 23.4234
373.4731, 342.4058, 1, 23.45677
370.7956, 349.5792, 1, 23.49013
366.0924, 365.2309, 1, 23.5235
366.0924, 365.2309, 1, 23.55687
364.1327, 373.2501, 1, 23.59023
361.6748, 388.8033, 1, 23.6236
361.6748, 388.8033, 1, 23.65697
360.6049, 404.9942, 1, 23.69033
360.8154, 412.9046, 1, 23.7237
360.8154, 412.9046, 1, 23.75707
362.9153, 429.0646, 1, 23.79043
364.5688, 436.88, 1, 23.8238
364.5688, 436.88, 1, 23.85717
361.9841, 452.5441, 1, 23.89053
360.9297, 457.1652, 1, 23.9239
360.1869, 462.0883, 1, 23.95727
358.5334, 465.69, 1, 23.99063
357.8317, 470.5111, 1, 24.024
359.1168, 475.2073, 1, 24.05737
361.922, 479.6271, 1, 24.09073
364.9665, 483.4926, 1, 24.1241
367.231, 488.107, 1, 24.15747
370.6408, 493.2252, 1, 24.19083
372.9947, 499.7246, 1, 24.2242
374.8092, 507.0792, 1, 24.25757
376.9866, 514.277, 1, 24.29093
379.3284, 518.502, 1, 24.3243
383.2797, 519.4078, 1, 24.35767
385.4025, 521.9368, 1, 24.39103
389.0904, 523.9967, 1, 24.4244
392.8887, 527.2727, 1, 24.45777
397.7586, 531.7261, 1, 24.49113
401.9071, 537.8353, 1, 24.5245
405.7259, 544.3004, 1, 24.55787
409.2018, 551.0958, 1, 24.59123
413.1116, 557.3885, 1, 24.6246
417.1727, 563.489, 1, 24.65797
421.5819, 569.6387, 1, 24.69133
428.0354, 573.7946, 1, 24.7247
434.5503, 578.174, 1, 24.75807
440.0204, 583.1888, 1, 24.79143
445.7164, 588.756, 1, 24.8248
451.4858, 593.9825, 1, 24.85817
456.9287, 599.3825, 1, 24.89153
462.8335, 604.7958, 1, 24.9249
468.282, 609.7748, 1, 24.95827
473.9957, 614.4582, 1, 24.99163
480.0652, 619.1163, 1, 25.025
486.0462, 623.5476, 1, 25.05837
493.1307, 627.4624, 1, 25.09173
499.6414, 631.3865, 1, 25.1251
506.4256, 634.8128, 1, 25.15847
513.4382, 637.8765, 1, 25.19183
520.1604, 640.4665, 1, 25.2252
527.8979, 643.1886, 1, 25.25857
535.4285, 645.8212, 1, 25.29193
543.5499, 647.8599, 1, 25.3253
551.5963, 649.5992, 1, 25.35867
559.0661, 651.0284, 1, 25.39203
567.2958, 652.3663, 1, 25.4254
575.0226, 653.4189, 1, 25.45877
582.9489, 654.0708, 1, 25.49213
590.9607, 654.0899, 1, 25.5255
598.3522, 653.7075, 1, 25.55887
606.0924, 653.2134, 1, 25.59223
613.8818, 651.8009, 1, 25.6256
621.2351, 650.3599, 1, 25.65897
629.0222, 648.3148, 1, 25.69233
636.0448, 645.8959, 1, 25.7257
642.5636, 644.4904, 1, 25.75907
649.4966, 642.4937, 1, 25.79243
656.3828, 640.7422, 1, 25.8258
663.4627, 638.4659, 1, 25.85917
670.1641, 636.3666, 1, 25.89253
677.0812, 633.6664, 1, 25.9259
683.915, 630.692, 1, 25.95927
690.6956, 627.4438, 1, 25.99263
697.1918, 623.769, 1, 26.026
703.7768, 620.1797, 1, 26.05937
710.6865, 615.8898, 1, 26.09273
717.035, 611.5875, 1, 26.1261
723.7357, 607.281, 1, 26.15947
729.782, 602.9635, 1, 26.19283
735.6781, 597.9999, 1, 26.2262
741.4848, 592.2646, 1, 26.25957
746.6257, 587.1289, 1, 26.29293
751.3751, 581.5424, 1, 26.3263
755.6191, 575.2365, 1, 26.35967
759.8175, 569.0198, 1, 26.39303
763.7652, 562.2019, 1, 26.4264
767.4123, 555.3547, 1, 26.45977
770.7743, 548.3938, 1, 26.49313
773.7947, 541.0532, 1, 26.5265
776.7295, 533.5261, 1, 26.55987
779.6745, 525.6174, 1, 26.59323
782.4313, 517.0269, 1, 26.6266
784.2096, 509.1119, 1, 26.65997
785.6873, 501.7448, 1, 26.69333
786.5487, 494.2935, 1, 26.7267
787.1408, 487.0076, 1, 26.76007
786.663, 479.2875, 1, 26.79343
785.4941, 471.7291, 1, 26.8268
784.1532, 464.1188, 1, 26.86017
782.4362, 457.1251, 1, 26.89353
780.0759, 449.5956, 1, 26.9269
777.5373, 442.1987, 1, 26.96027
774.4361, 434.7921, 1, 26.99363
771.2871, 427.7599, 1, 27.027
767.6745, 420.6546, 1, 27.06037
763.8718, 414.2571, 1, 27.09373
759.6541, 407.9958, 1, 27.1271
755.0465, 402.2026, 1, 27.16047
750.1602, 396.3202, 1, 27.19383
745.2236, 390.9075, 1, 27.2272
739.3975, 385.5366, 1, 27.26057
733.5778, 380.577, 1, 27.29393
727.2316, 375.8664, 1, 27.3273
720.7277, 371.375, 1, 27.36067
713.7251, 367.233, 1, 27.39403
706.4745, 363.3725, 1, 27.4274
698.7328, 359.8847, 1, 27.46077
690.5441, 356.6161, 1, 27.49413
682.6531, 353.8481, 1, 27.5275
675.0352, 351.9676, 1, 27.56087
667.1265, 350.003, 1, 27.59423
659.8345, 348.9573, 1, 27.6276
651.8143, 348.3216, 1, 27.66097
643.8632, 347.7599, 1, 27.69433
636.2109, 348.0165, 1, 27.7277
627.8915, 347.8432, 1, 27.76107
620.2472, 348.7322, 1, 27.79443
611.8177, 349.948, 1, 27.8278
603.9871, 351.6176, 1, 27.86117
596.323, 353.4296, 1, 27.89453
588.6147, 355.8898, 1, 27.9279
581.1024, 358.9129, 1, 27.96127
574.0534, 362.2173, 1, 27.99463
567.0993, 366.2982, 1, 28.028
560.883, 370.6094, 1, 28.06137
554.4346, 374.9715, 1, 28.09473
548.9738, 380.0059, 1, 28.1281
543.3585, 384.9178, 1, 28.16147
537.9467, 390.064, 1, 28.19483
532.4764, 396.3294, 1, 28.2282
526.9965, 402.472, 1, 28.26157
522.3116, 408.469, 1, 28.29493
518.146, 414.5622, 1, 28.3283
514.2992, 421.1605, 1, 28.36167
510.6563, 427.693, 1, 28.39503
507.5725, 434.7388, 1, 28.4284
504.0843, 442.0353, 1, 28.46177
502.0234, 449.3625, 1, 28.49513
499.3966, 457.2765, 1, 28.5285
497.2773, 464.4807, 1, 28.56187
495.6864, 472.1384, 1, 28.59523
495.4412, 480.1105, 1, 28.6286
493.8413, 487.5261, 1, 28.66197
493.8134, 495.6759, 1, 28.69533
493.8426, 503.3813, 1, 28.7287
493.2591, 511.7455, 1, 28.76207
494.8268, 519.3753, 1, 28.79543
490.7898, 526.9461, 1, 28.8288
489.441, 534.7127, 1, 28.86217
488.6333, 542.23, 1, 28.89553
489.4312, 550.6013, 1, 28.9289
489.9944, 558.4785, 1, 28.96227
491.6642, 566.3351, 1, 28.99563
493.2463, 574.7138, 1, 29.029
494.8701, 582.4618, 1, 29.06237
496.6599, 590.2617, 1, 29.09573
498.6817, 597.6245, 1, 29.1291
501.3964, 604.8435, 1, 29.16247
503.9832, 612.2297, 1, 29.19583
507.1527, 619.7745, 1, 29.2292
510.4517, 626.8434, 1, 29.26257
514.3033, 633.635, 1, 29.29593
518.1957, 640.795, 1, 29.3293
522.5865, 647.1713, 1, 29.36267
526.8532, 653.4107, 1, 29.39603
531.3992, 659.5919, 1, 29.4294
536.4529, 665.7403, 1, 29.46277
541.2207, 671.1798, 1, 29.49613
547.0408, 676.9168, 1, 29.5295
552.9948, 681.8358, 1, 29.56287
558.5994, 686.6108, 1, 29.59623
565.2925, 689.9083, 1, 29.6296
571.1501, 694.1646, 1, 29.66297
578.7057, 697.3047, 1, 29.69633
585.149, 700.0822, 1, 29.7297
592.2691, 702.9338, 1, 29.76307
600.0561, 704.5806, 1, 29.79643
607.1537, 706.5918, 1, 29.8298
614.7431, 708.0434, 1, 29.86317
621.6458, 709.1299, 1, 29.89653
629.8054, 709.9005, 1, 29.9299
637.7105, 709.826, 1, 29.96327
645.596, 709.9687, 1, 29.99663
653.2084, 709.1321, 1, 30.03
660.6191, 708.1522, 1, 30.06337
668.0358, 706.7837, 1, 30.09673
675.729, 704.7811, 1, 30.1301
683.2564, 702.9239, 1, 30.16347
690.4967, 700.3715, 1, 30.19683
697.7369, 697.4627, 1, 30.2302
705.4729, 694.3383, 1, 30.26357
712.5283, 690.6914, 1, 30.29693
719.3141, 687.0505, 1, 30.3303
725.4359, 682.9838, 1, 30.36367
731.131, 678.4298, 1, 30.39703
736.1253, 673.6721, 1, 30.4304
741.4946, 668.5267, 1, 30.46377
746.1962, 663.1199, 1, 30.49713
750.8519, 657.4264, 1, 30.5305
754.6058, 651.8796, 1, 30.56387
756.4432, 644.9978, 1, 30.59723
758.5198, 638.4401, 1, 30.6306
761.7794, 631.1992, 1, 30.66397
764.3783, 623.718, 1, 30.69733
766.1722, 616.0851, 1, 30.7307
768.3616, 608.2938, 1, 30.76407
769.5248, 601.6979, 1, 30.79743
770.8309, 594.0916, 1, 30.8308
771.1815, 586.4627, 1, 30.86417
771.7669, 578.4784, 1, 30.89753
771.4355, 570.7558, 1, 30.9309
771.2606, 563.2406, 1, 30.96427
770.5982, 555.4359, 1, 30.99763
769.4891, 548.5922, 1, 31.031
767.6821, 541.0477, 1, 31.06437
765.7521, 534.5157, 1, 31.09773
763.5678, 527.2621, 1, 31.1311
760.9433, 520.623, 1, 31.16447
757.5061, 514.1924, 1, 31.19783
754.0055, 507.9502, 1, 31.2312
750.0348, 501.8101, 1, 31.26457
745.5197, 496.5637, 1, 31.29793
740.0613, 494.1766, 1, 31.3313
735.2619, 490.3468, 1, 31.36467
729.9777, 486.021, 1, 31.39803
725.3981, 480.2299, 1, 31.4314
719.8282, 474.8406, 1, 31.46477
714.4981, 469.1475, 1, 31.49813
708.7642, 463.4147, 1, 31.5315
702.6814, 457.355, 1, 31.56487
696.9572, 452.5039, 1, 31.59823
690.357, 446.6322, 1, 31.6316
684.2336, 441.6433, 1, 31.66497
676.8219, 436.4341, 1, 31.69833
670.2404, 431.663, 1, 31.7317
663.1792, 427.371, 1, 31.76507
660.6098, 422.6468, 1, 31.79843
656.5318, 418.6331, 1, 31.8318
652.7387, 413.3634, 1, 31.86517
648.8495, 408.2136, 1, 31.89853
645.5654, 402.3568, 1, 31.9319
641.6336, 396.8608, 1, 31.96527
637.7355, 391.36, 1, 31.99863
634.1613, 386.0568, 1, 32.032
629.8276, 381.0576, 1, 32.06537
625.108, 375.4038, 1, 32.09873
619.9748, 369.8374, 1, 32.1321
615.217, 364.7574, 1, 32.16547
610.6717, 361.7416, 1, 32.19883
606.0889, 358.9415, 1, 32.2322
599.9239, 358.7508, 1, 32.26557
593.2637, 358.2626, 1, 32.29893
585.7635, 356.4625, 1, 32.3323
578.5908, 354.4155, 1, 32.36567
570.7924, 354.5419, 1, 32.39903
561.9794, 353.6234, 1, 32.4324
553.7444, 352.2887, 1, 32.46577
545.1277, 350.0166, 1, 32.49913
536.277, 348.3691, 1, 32.5325
528.5489, 346.7043, 1, 32.56587
519.5987, 343.8751, 1, 32.59923
511.4501, 342.164, 1, 32.6326
502.6843, 339.4133, 1, 32.66597
496.2649, 338.337, 1, 32.69933
489.55, 336.8044, 1, 32.7327
482.4148, 335.9406, 1, 32.76607
474.7517, 335.9328, 1, 32.79943
466.8739, 335.5264, 1, 32.8328
459.5591, 336.0105, 1, 32.86617
451.9081, 335.9696, 1, 32.89953
444.6646, 336.757, 1, 32.9329
437.123, 337.6452, 1, 32.96627
429.8523, 339.3412, 1, 32.99963
422.3322, 341.2198, 1, 33.033
414.744, 343.1748, 1, 33.06637
407.3747, 345.6287, 1, 33.09973
400.4353, 348.4177, 1, 33.1331
393.4531, 351.7327, 1, 33.16647
386.4556, 355.2337, 1, 33.19983
380.0273, 358.8421, 1, 33.2332
373.7713, 362.5383, 1, 33.26657
367.5764, 366.4149, 1, 33.29993
360.1635, 370.9212, 1, 33.3333
354.2112, 375.2877, 1, 33.36667
348.191, 380.2195, 1, 33.40003
342.5316, 385.4948, 1, 33.4334
337.6954, 391.4184, 1, 33.46677
332.1865, 397.1289, 1, 33.50013
329.4704, 403.8479, 1, 33.5335
325.2336, 410.1262, 1, 33.56687
321.9497, 416.7257, 1, 33.60023
319.584, 423.7463, 1, 33.6336
315.5664, 430.3178, 1, 33.66697
313.8881, 438.1669, 1, 33.70033
310.7736, 444.9609, 1, 33.7337
309.6795, 452.9749, 1, 33.76707
308.1371, 459.5511, 1, 33.80043
307.762, 467.1749, 1, 33.8338
307.2619, 475.3021, 1, 33.86717
307.569, 482.0093, 1, 33.90053
308.3593, 489.5962, 1, 33.9339
308.8272, 497.4951, 1, 33.96727
309.681, 505.1883, 1, 34.00063
309.7662, 512.6221, 1, 34.034
311.4986, 519.3346, 1, 34.06737
312.4889, 526.4214, 1, 34.10073
313.7337, 533.4478, 1, 34.1341
315.3852, 539.5788, 1, 34.16747
318.6977, 541.8963, 1, 34.20083
322.0715, 545.9363, 1, 34.2342
325.3236, 551.4305, 1, 34.26757
329.4168, 557.5171, 1, 34.30093
333.3449, 563.657, 1, 34.3343
338.1888, 569.5179, 1, 34.36767
342.8004, 575.4824, 1, 34.40103
348.054, 581.357, 1, 34.4344
353.384, 586.2827, 1, 34.46777
358.4764, 591.5295, 1, 34.50113
364.3458, 595.9934, 1, 34.5345
370.9382, 600.1942, 1, 34.56787
375.914, 604.2818, 1, 34.60123
384.2504, 606.0304, 1, 34.6346
390.7029, 608.567, 1, 34.66797
398.4142, 610.2431, 1, 34.70133
406.0033, 612.5026, 1, 34.7347
414.0098, 613.8442, 1, 34.76807
422.3987, 614.6068, 1, 34.80143
429.773, 615.2446, 1, 34.8348
437.8506, 614.7856, 1, 34.86817
444.9515, 614.2975, 1, 34.90153
453.102, 612.8666, 1, 34.9349
461.109, 611.2818, 1, 34.96827
469.4415, 609.079, 1, 35.00163
477.2735, 606.3825, 1, 35.035
484.8753, 603.7881, 1, 35.06837
489.8691, 598.823, 1, 35.10173
491.1427, 592.0822, 1, 35.1351
494.4237, 584.8878, 1, 35.16847
497.7504, 577.7473, 1, 35.20183
498.6442, 568.701, 1, 35.2352
499.9849, 560.5598, 1, 35.26857
502.281, 552.3428, 1, 35.30193
504.7062, 544.5099, 1, 35.3353
507.09, 537.1512, 1, 35.36867
510.0715, 529.5168, 1, 35.40203
512.5222, 522.0886, 1, 35.4354
514.4148, 514.067, 1, 35.46877
515.3788, 506.4226, 1, 35.50213
518.1866, 499.017, 1, 35.5355
517.8722, 490.9587, 1, 35.56887
519.0253, 484.0641, 1, 35.60223
518.5331, 475.903, 1, 35.6356
517.9525, 468.3872, 1, 35.66897
517.0781, 460.5522, 1, 35.70233
515.512, 452.6143, 1, 35.7357
514.4274, 445.0678, 1, 35.76907
511.5911, 436.7794, 1, 35.80243
509.7175, 431.9842, 1, 35.8358
505.8023, 432.9454, 1, 35.86917
502.2338, 434.5667, 1, 35.90253
497.131, 436.2279, 1, 35.9359
491.7872, 437.0847, 1, 35.96927
486.2799, 438.0066, 1, 36.00263
479.4266, 437.4729, 1, 36.036
474.7677, 439.0597, 1, 36.06937
471.9032, 439.6113, 1, 36.10273
469.9075, 442.27, 1, 36.1361
469.0073, 444.9876, 1, 36.16947
470.3865, 446.962, 1, 36.20283
470.4535, 448.7306, 1, 36.2362
470.8249, 451.4654, 1, 36.26957
470.2508, 453.8669, 1, 36.30293
467.8971, 456.4066, 1, 36.3363
466.6151, 458.5992, 1, 36.36967
464.6125, 461.0377, 1, 36.40303
461.0171, 462.1073, 1, 36.4364
458.7605, 465.6931, 1, 36.46977
453.605, 467.2178, 1, 36.50313
448.6141, 467.2173, 1, 36.5365
444.1649, 467.3813, 1, 36.56987
437.4983, 469.1068, 1, 36.60323
431.9873, 472.0246, 1, 36.6366
427.869, 475.5796, 1, 36.66997
422.5991, 479.8216, 1, 36.70333
417.4465, 483.0431, 1, 36.7367
411.6794, 487.8361, 1, 36.77007
406.1471, 492.4016, 1, 36.80343
401.1812, 497.4152, 1, 36.8368
396.5458, 502.4947, 1, 36.87017
391.6841, 507.827, 1, 36.90353
387.2158, 514.0012, 1, 36.9369
382.2727, 519.8122, 1, 36.97027
378.2612, 526.6855, 1, 37.00363
374.5034, 533.5237, 1, 37.037
371.0047, 540.2543, 1, 37.07037
368.3535, 547.5882, 1, 37.10373
365.8387, 554.9055, 1, 37.1371
363.9821, 562.4457, 1, 37.17047
361.9839, 569.7078, 1, 37.20383
360.636, 577.5227, 1, 37.2372
359.7288, 585.465, 1, 37.27057
359.3472, 593.13, 1, 37.30393
359.3813, 600.583, 1, 37.3373
359.7485, 608.1517, 1, 37.37067
361.1702, 615.257, 1, 37.40403
362.2865, 622.7969, 1, 37.4374
365.2874, 630.941, 1, 37.47077
366.8482, 639.5233, 1, 37.50413
368.4556, 648.1412, 1, 37.5375
372.2479, 655.5545, 1, 37.57087
374.2102, 663.7677, 1, 37.60423
378.5626, 671.0125, 1, 37.6376
381.9513, 678.0985, 1, 37.67097
386.5215, 684.6054, 1, 37.70433
391.0047, 690.8711, 1, 37.7377
395.967, 697.1535, 1, 37.77107
401.1609, 703.6254, 1, 37.80443
405.9568, 709.2757, 1, 37.8378
411.9626, 714.0913, 1, 37.87117
417.5545, 719.4803, 1, 37.90453
424.103, 724.0231, 1, 37.9379
430.7566, 727.6715, 1, 37.97127
437.948, 730.8844, 1, 38.00463
445.4034, 733.535, 1, 38.038
453.1809, 735.691, 1, 38.07137
461.0519, 736.9779, 1, 38.10473
469.3569, 738.1629, 1, 38.1381
477.8324, 739.297, 1, 38.17147
486.3848, 739.5475, 1, 38.20483
494.35, 740.1346, 1, 38.2382
502.1503, 740.3013, 1, 38.27157
510.1092, 739.767, 1, 38.30493
517.3453, 739.083, 1, 38.3383
524.9284, 737.7961, 1, 38.37167
532.8557, 736.3987, 1, 38.40503
540.427, 734.0826, 1, 38.4384
548.5235, 732.1942, 1, 38.47177
555.197, 729.7748, 1, 38.50513
560.7179, 725.5477, 1, 38.5385
562.0557, 721.1017, 1, 38.57187
566.1605, 716.1263, 1, 38.60523
569.9026, 709.5164, 1, 38.6386
573.6577, 703.5963, 1, 38.67197
579.3616, 697.9174, 1, 38.70533
584.7816, 691.9063, 1, 38.7387
590.4416, 686.261, 1, 38.77207
595.1259, 680.6291, 1, 38.80543
599.8997, 674.3049, 1, 38.8388
603.8719, 668.5724, 1, 38.87217
608.3038, 661.8799, 1, 38.90553
612.1811, 655.5347, 1, 38.9389
615.8927, 648.3168, 1, 38.97227
618.893, 641.1685, 1, 39.00563
621.6894, 634.0404, 1, 39.039
623.9525, 626.5026, 1, 39.07237
625.7985, 619.361, 1, 39.10573
627.3536, 611.6568, 1, 39.1391
628.0352, 604.1863, 1, 39.17247
627.9903, 596.6854, 1, 39.20583
627.6015, 589.2625, 1, 39.2392
627.1551, 582.0561, 1, 39.27257
625.9474, 574.4416, 1, 39.30593
624.6898, 567.2056, 1, 39.3393
622.8654, 559.4467, 1, 39.37267
620.3166, 551.8388, 1, 39.40603
617.8813, 543.7514, 1, 39.4394
614.214, 536.2724, 1, 39.47277
611.487, 528.1849, 1, 39.50613
606.8031, 520.9352, 1, 39.5395
602.5579, 513.4933, 1, 39.57287
597.4821, 506.2112, 1, 39.60623
592.2272, 499.6106, 1, 39.6396
587.2977, 493.5318, 1, 39.67297
581.7328, 488.0634, 1, 39.70633
576.4058, 482.3494, 1, 39.7397
569.9178, 477.0139, 1, 39.77307
563.8573, 472.2819, 1, 39.80643
556.8411, 467.5259, 1, 39.8398
550.5263, 463.4368, 1, 39.87317
543.0262, 459.1978, 1, 39.90653
535.6421, 455.8465, 1, 39.9399
527.9903, 452.3454, 1, 39.97327
520.3001, 449.6087, 1, 40.00663
512.7591, 447.5207, 1, 40.04
505.1669, 445.7199, 1, 40.07337
497.5458, 444.5383, 1, 40.10673
489.1556, 443.5758, 1, 40.1401
481.32, 443.1188, 1, 40.17347
473.3223, 442.6072, 1, 40.20683
465.559, 443.067, 1, 40.2402
457.6539, 443.9591, 1, 40.27357
449.3412, 445.2448, 1, 40.30693
441.239, 447.0637, 1, 40.3403
433.7177, 449.2676, 1, 40.37367
426.3774, 451.734, 1, 40.40703
419.5074, 454.7828, 1, 40.4404
412.8958, 458.1129, 1, 40.47377
406.0635, 462.278, 1, 40.50713
400.0852, 466.5271, 1, 40.5405
397.6538, 470.9187, 1, 40.57387
396.0487, 475.6155, 1, 40.60723
394.1471, 481.8672, 1, 40.6406
390.8253, 488.1772, 1, 40.67397
389.3339, 494.3935, 1, 40.70733
388.6315, 500.1544, 1, 40.7407
386.996, 506.5457, 1, 40.77407
387.3128, 512.4552, 1, 40.80743
387.2442, 519.3234, 1, 40.8408
386.4096, 526.3981, 1, 40.87417
386.2308, 533.5982, 1, 40.90753
387.1331, 540.2637, 1, 40.9409
387.9672, 548.1426, 1, 40.97427
389.5563, 555.1703, 1, 41.00763
391.4399, 561.7174, 1, 41.041
392.7174, 568.7951, 1, 41.07437
393.8265, 575.9987, 1, 41.10773
395.3727, 583.4192, 1, 41.1411
399.6469, 588.8831, 1, 41.17447
403.7969, 594.734, 1, 41.20783
407.2462, 601.2978, 1, 41.2412
410.8799, 608.0473, 1, 41.27457
414.6628, 614.2829, 1, 41.30793
418.5563, 621.2507, 1, 41.3413
422.831, 628.0401, 1, 41.37467
427.3255, 634.5263, 1, 41.40803
432.037, 640.5231, 1, 41.4414
437.043, 645.9372, 1, 41.47477
442.1669, 651.4833, 1, 41.50813
448.1001, 656.7972, 1, 41.5415
454.195, 662.1575, 1, 41.57487
460.4035, 669.5169, 1, 41.60823
466.5864, 675.2494, 1, 41.6416
472.6416, 679.8589, 1, 41.67497
479.4524, 684.1832, 1, 41.70833
486.5335, 687.6048, 1, 41.7417
493.7558, 690.8832, 1, 41.77507
501.2919, 693.6338, 1, 41.80843
508.8463, 696.0072, 1, 41.8418
516.8499, 698.0607, 1, 41.87517
524.6059, 699.4361, 1, 41.90853
532.6949, 700.5134, 1, 41.9419
540.9205, 700.9217, 1, 41.97527
549.1184, 701.2015, 1, 42.00863
556.8822, 700.6932, 1, 42.042
565.3639, 699.9197, 1, 42.07537
573.1463, 698.3456, 1, 42.10873
580.9354, 696.7614, 1, 42.1421
588.8159, 694.5937, 1, 42.17547
597.4851, 693.9535, 1, 42.20883
606.0052, 694.3873, 1, 42.2422
614.4489, 693.3657, 1, 42.27557
622.6606, 691.3302, 1, 42.30893
632.3053, 691.4354, 1, 42.3423
640.8627, 689.9936, 1, 42.37567
648.3893, 687.1018, 1, 42.40903
655.7256, 683.4403, 1, 42.4424
664.3147, 680.9728, 1, 42.47577
672.6507, 678.0698, 1, 42.50913
679.6645, 673.9622, 1, 42.5425
685.5843, 669.4784, 1, 42.57587
691.3565, 664.4783, 1, 42.60923
696.9471, 659.2393, 1, 42.6426
703.4865, 653.9896, 1, 42.67597
709.0842, 648.6431, 1, 42.70933
714.5729, 643.6177, 1, 42.7427
721.0006, 638.6638, 1, 42.77607
726.1506, 632.9964, 1, 42.80943
730.8613, 627.1187, 1, 42.8428
735.0656, 620.8103, 1, 42.87617
739.7065, 614.5961, 1, 42.90953
744.1525, 608.1902, 1, 42.9429
747.8624, 601.8569, 1, 42.97627
751.8979, 594.6283, 1, 43.00963
756.3167, 587.9311, 1, 43.043
760.6412, 581.4742, 1, 43.07637
764.0125, 574.5907, 1, 43.10973
766.5113, 567.0942, 1, 43.1431
768.7657, 560.1321, 1, 43.17647
774.5627, 554.7693, 1, 43.20983
778.4283, 548.4511, 1, 43.2432
780.24, 541.9334, 1, 43.27657
781.2701, 535.2112, 1, 43.30993
785.0358, 528.7979, 1, 43.3433
786.6886, 522.032, 1, 43.37667
788.8643, 515.3868, 1, 43.41003
791.8373, 509.1893, 1, 43.4434
793.1944, 502.4616, 1, 43.47677
796.5154, 495.9897, 1, 43.51013
801.42, 491.1255, 1, 43.5435
806.3924, 486.9326, 1, 43.57687
812.1196, 483.7092, 1, 43.61023
818.5283, 480.6889, 1, 43.6436
825.2057, 477.1938, 1, 43.67697
831.8003, 473.6966, 1, 43.71033
839.5691, 472.1323, 1, 43.7437
846.8915, 469.5793, 1, 43.77707
853.4621, 466.565, 1, 43.81043
860.2315, 462.9591, 1, 43.8438
866.6046, 459.194, 1, 43.87717
872.598, 455.047, 1, 43.91053
877.9941, 450.5997, 1, 43.9439
883.6866, 445.9618, 1, 43.97727
889.2659, 440.885, 1, 44.01063
894.6719, 435.5182, 1, 44.044
899.6965, 430.086, 1, 44.07737
904.2968, 424.4798, 1, 44.11073
908.6896, 418.8426, 1, 44.1441
911.0999, 413.4326, 1, 44.17747
910.2983, 409.4681, 1, 44.21083
909.4799, 405.1194, 1, 44.2442
909.0875, 401.0449, 1, 44.27757
907.7111, 395.9759, 1, 44.31093
905.6521, 389.9229, 1, 44.3443
903.7536, 384.435, 1, 44.37767
902.2359, 380.3603, 1, 44.41103
900.8758, 375.5976, 1, 44.4444
899.4892, 373.424, 1, 44.47777
900.3454, 371.7966, 1, 44.51113
900.1529, 373.9723, 1, 44.5445
901.8468, 376.8887, 1, 44.57787
902.6739, 380.5025, 1, 44.61123
904.01, 386.096, 1, 44.6446
905.4682, 391.3709, 1, 44.67797
906.6104, 396.8584, 1, 44.71133
907.3075, 401.9582, 1, 44.7447
908.6723, 407.0903, 1, 44.77807
909.4852, 412.0875, 1, 44.81143
909.7436, 417.3477, 1, 44.8448
911.5836, 420.7818, 1, 44.87817
911.8519, 423.0345, 1, 44.91153
912.4723, 427.2132, 1, 44.9449
913.2904, 429.4496, 1, 44.97827
913.6444, 432.0723, 1, 45.01163
913.3986, 432.9303, 1, 45.045
913.3234, 432.1258, 1, 45.07837
914.1998, 431.5269, 1, 45.11173
912.9151, 429.3721, 1, 45.1451
912.7027, 426.2278, 1, 45.17847
912.033, 423.599, 1, 45.21183
911.8133, 420.5152, 1, 45.2452
910.7641, 417.4145, 1, 45.27857
909.446, 414.2946, 1, 45.31193
908.7781, 409.7132, 1, 45.3453
909.1859, 406.3591, 1, 45.37867
907.7031, 403.1694, 1, 45.41203
907.2154, 400.3006, 1, 45.4454
906.6474, 397.1145, 1, 45.47877
905.1737, 394.803, 1, 45.51213
905.5123, 393.3867, 1, 45.5455
905.7328, 392.6966, 1, 45.57887
905.0752, 395.3733, 1, 45.61223
906.5275, 397.9415, 1, 45.6456
905.9155, 403.2078, 1, 45.67897
907.3169, 406.3781, 1, 45.71233
909.4554, 409.6046, 1, 45.7457
909.5489, 414.0131, 1, 45.77907
910.3108, 418.6688, 1, 45.81243
911.2848, 425.0178, 1, 45.8458
912.3052, 428.9117, 1, 45.87917
912.781, 432.3061, 1, 45.91253
913.2756, 437.4036, 1, 45.9459
915.5598, 442.1644, 1, 45.97927
914.3605, 447.7295, 1, 46.01263
915.2063, 454.3483, 1, 46.046
917.9289, 459.8599, 1, 46.07937
917.9454, 465.0968, 1, 46.11273
918.8115, 470.307, 1, 46.1461
918.9708, 475.2925, 1, 46.17947
919.3429, 480.6103, 1, 46.21283
918.8674, 486.5103, 1, 46.2462
918.4206, 492.2974, 1, 46.27957
919.0891, 497.1027, 1, 46.31293
917.6038, 503.4194, 1, 46.3463
918.5717, 509.0347, 1, 46.37967
919.5964, 515.3352, 1, 46.41303
919.0281, 520.996, 1, 46.4464
917.4333, 528.1255, 1, 46.47977
916.3014, 534.9835, 1, 46.51313
917.2743, 541.3975, 1, 46.5465
915.2293, 546.4113, 1, 46.57987
916.4102, 551.0798, 1, 46.61323
914.5905, 556.7543, 1, 46.6466
914.3436, 561.4039, 1, 46.67997
913.4408, 565.5814, 1, 46.71333
914.1807, 563.8446, 1, 46.7467
914.4641, 562.1138, 1, 46.78007
916.204, 560.1186, 1, 46.81343
914.7061, 557.2006, 1, 46.8468
914.1844, 554.0277, 1, 46.88017
917.2071, 552.3847, 1, 46.91353
918.2666, 551.3255, 1, 46.9469
919.1455, 551.2613, 1, 46.98027
918.6413, 549.6319, 1, 47.01363
917.3639, 548.2966, 1, 47.047
915.426, 545.2332, 1, 47.08037
912.137, 545.5224, 1, 47.11373
909.216, 545.2786, 1, 47.1471
909.7908, 543.7996, 1, 47.18047
911.7988, 543.1926, 1, 47.21383
913.4588, 540.3718, 1, 47.2472
914.2548, 536.8937, 1, 47.28057
916.6048, 531.1419, 1, 47.31393
916.2219, 524.4439, 1, 47.3473
917.2923, 518.0355, 1, 47.38067
918.9059, 512.5499, 1, 47.41403
921.705, 508.8042, 1, 47.4474
920.8918, 505.2476, 1, 47.48077
920.9391, 503.1362, 1, 47.51413
921.345, 500.5122, 1, 47.5475
919.8085, 499.1223, 1, 47.58087
916.2649, 496.5475, 1, 47.61423
913.4435, 494.2474, 1, 47.6476
910.4771, 493.5154, 1, 47.68097
906.1604, 489.9906, 1, 47.71433
903.8623, 485.5981, 1, 47.7477
904.5801, 482.63, 1, 47.78107
904.3439, 479.49, 1, 47.81443
903.7358, 475.9074, 1, 47.8478
902.9739, 472.6106, 1, 47.88117
902.9623, 468.4323, 1, 47.91453
901.6229, 464.5893, 1, 47.9479
901.5326, 460.7898, 1, 47.98127
898.2411, 460.4681, 1, 48.01463
895.4758, 458.3069, 1, 48.048
891.806, 456.5019, 1, 48.08137
887.168, 454.7198, 1, 48.11473
882.9992, 454.7828, 1, 48.1481
877.9701, 452.8382, 1, 48.18147
872.4106, 452.0595, 1, 48.21483
867.8793, 450.3937, 1, 48.2482
861.774, 448.7186, 1, 48.28157
856.5302, 447.0663, 1, 48.31493
850.4684, 444.7169, 1, 48.3483
843.1832, 442.1108, 1, 48.38167
836.6509, 440.4005, 1, 48.41503
830.5757, 438.5453, 1, 48.4484
823.2069, 437.03, 1, 48.48177
816.2609, 435.0924, 1, 48.51513
808.305, 433.4275, 1, 48.5485
800.3574, 432.011, 1, 48.58187
791.9133, 430.6205, 1, 48.61523
784.1736, 429.9807, 1, 48.6486
776.6342, 429.4994, 1, 48.68197
768.8803, 429.8633, 1, 48.71533
761.7536, 430.2111, 1, 48.7487
754.245, 431.259, 1, 48.78207
746.6097, 432.6423, 1, 48.81543
738.9964, 434.64, 1, 48.8488
730.2385, 436.2319, 1, 48.88217
722.4543, 438.5313, 1, 48.91553
714.6508, 441.064, 1, 48.9489
707.4043, 444.098, 1, 48.98227
700.4177, 447.4806, 1, 49.01563
693.8287, 451.1752, 1, 49.049
687.4413, 455.0137, 1, 49.08237
681.4372, 459.5037, 1, 49.11573
675.7753, 464.3008, 1, 49.1491
670.6995, 469.5121, 1, 49.18247
666.0109, 475.0265, 1, 49.21583
666.8689, 482.1155, 1, 49.2492
665.6473, 488.9918, 1, 49.28257
661.7347, 495.5798, 1, 49.31593
658.8355, 502.1133, 1, 49.3493
656.8728, 510.6461, 1, 49.38267
653.6259, 517.7373, 1, 49.41603
650.4711, 525.8058, 1, 49.4494
647.3367, 533.7711, 1, 49.48277
644.7487, 541.254, 1, 49.51613
643.7375, 547.6516, 1, 49.5495
644.3165, 553.4674, 1, 49.58287
641.9971, 559.8444, 1, 49.61623
640.6022, 564.4007, 1, 49.6496
639.9643, 569.8212, 1, 49.68297
642.5976, 574.5553, 1, 49.71633
643.493, 579.8108, 1, 49.7497
645.7318, 584.0941, 1, 49.78307
647.4399, 585.7573, 1, 49.81643
648.5329, 588.0273, 1, 49.8498
648.7447, 589.6087, 1, 49.88317
650.5234, 592.0218, 1, 49.91653
652.3279, 594.3331, 1, 49.9499
654.626, 597.0565, 1, 49.98327
655.0995, 601.2609, 1, 50.01663
655.1359, 605.2915, 1, 50.05
653.7231, 606.8609, 1, 50.08337
651.3526, 609.7618, 1, 50.11673
648.1167, 614.0811, 1, 50.1501
646.3602, 619.5271, 1, 50.18347
644.6043, 625.2358, 1, 50.21683
643.4568, 631.113, 1, 50.2502
642.1844, 637.2494, 1, 50.28357
641.0127, 644.523, 1, 50.31693
639.2293, 651.7693, 1, 50.3503
637.564, 660.0145, 1, 50.38367
636.2028, 667.6148, 1, 50.41703
636.5913, 674.7985, 1, 50.4504
635.7466, 683.1442, 1, 50.48377
636.2308, 690.0455, 1, 50.51713
636.2514, 698.4629, 1, 50.5505
637.4727, 705.7453, 1, 50.58387
638.4663, 714.1111, 1, 50.61723
639.6357, 721.3734, 1, 50.6506
641.4263, 729.2013, 1, 50.68397
643.3237, 737.0935, 1, 50.71733
645.9372, 744.3021, 1, 50.7507
648.4776, 751.9464, 1, 50.78407
651.9288, 759.5028, 1, 50.81743
655.073, 767.3012, 1, 50.8508
658.6646, 774.0106, 1, 50.88417
662.0356, 781.2973, 1, 50.91753
665.5842, 788.474, 1, 50.9509
669.8873, 794.9078, 1, 50.98427
674.1861, 801.2183, 1, 51.01763
677.1963, 807.3296, 1, 51.051
679.1431, 812.1834, 1, 51.08437
683.0575, 817.2529, 1, 51.11773
683.7221, 815.902, 1, 51.1511
685.8969, 814.7015, 1, 51.18447
690.6697, 813.7829, 1, 51.21783
693.5895, 813.4215, 1, 51.2512
695.9061, 813.0223, 1, 51.28457
699.4896, 813.114, 1, 51.31793
699.5943, 809.0702, 1, 51.3513
702.0886, 806.2995, 1, 51.38467
704.4976, 802.0383, 1, 51.41803
709.226, 799.7054, 1, 51.4514
714.2537, 799.6673, 1, 51.48477
721.7887, 797.575, 1, 51.51813
729.1557, 796.7274, 1, 51.5515
737.2522, 794.999, 1, 51.58487
745.0459, 793.055, 1, 51.61823
752.5503, 791.5019, 1, 51.6516
760.0925, 788.9844, 1, 51.68497
765.8929, 788.956, 1, 51.71833
771.0639, 790.7514, 1, 51.7517
778.2766, 790.9345, 1, 51.78507
786.5134, 790.1626, 1, 51.81843
794.4228, 788.01, 1, 51.8518
798.4327, 789.8617, 1, 51.88517
801.5168, 793.2429, 1, 51.91853
801.0268, 796.5049, 1, 51.9519
798.9425, 796.6332, 1, 51.98527
797.3693, 797.9067, 1, 52.01863
797.0621, 799.2018, 1, 52.052
795.5544, 800.2937, 1, 52.08537
794.4023, 803.4113, 1, 52.11873
793.3152, 805.9294, 1, 52.1521
793.2264, 808.0684, 1, 52.18547
794.2879, 808.6204, 1, 52.21883
793.5698, 809.1862, 1, 52.2522
792.3307, 809.2125, 1, 52.28557
791.6696, 808.5468, 1, 52.31893
792.1063, 807.8228, 1, 52.3523
792.9263, 807.5494, 1, 52.38567
795.4182, 804.6745, 1, 52.41903
796.8902, 804.4523, 1, 52.4524
797.9747, 798.4021, 1, 52.48577
799.2554, 794.7214, 1, 52.51913
799.2589, 792.6701, 1, 52.5525
797.6777, 790.4851, 1, 52.58587
792.55, 787.6225, 1, 52.61923
790.674, 783.5571, 1, 52.6526
784.7771, 780.6488, 1, 52.68597
780.2785, 775.9953, 1, 52.71933
775.3772, 773.4129, 1, 52.7527
769.9551, 771.9527, 1, 52.78607
764.422, 769.4689, 1, 52.81943
760.2805, 765.8171, 1, 52.8528
754.6913, 760.7734, 1, 52.88617
748.0063, 760.465, 1, 52.91953
741.6069, 759.5068, 1, 52.9529
735.2977, 758.8481, 1, 52.98627
728.1394, 758.2308, 1, 53.01963
720.816, 758.0777, 1, 53.053
712.9843, 758.5814, 1, 53.08637
705.86, 758.8848, 1, 53.11973
698.3899, 759.7419, 1, 53.1531
691.4935, 760.3708, 1, 53.18647
684.1694, 761.6404, 1, 53.21983
677.2238, 763.3496, 1, 53.2532
669.4935, 765.6237, 1, 53.28657
662.173, 767.9276, 1, 53.31993
654.7975, 770.2417, 1, 53.3533
647.3156, 773.7706, 1, 53.38667
640.7173, 776.7311, 1, 53.42003
632.2053, 781.1558, 1, 53.4534
626.2789, 783.9756, 1, 53.48677
618.1718, 788.9901, 1, 53.52013
611.3785, 793.3038, 1, 53.5535
604.8689, 797.7961, 1, 53.58687
599.244, 801.5744, 1, 53.62023
594.2067, 804.9076, 1, 53.6536
589.4097, 807.0479, 1, 53.68697
584.9413, 807.6785, 1, 53.72033
580.6, 809.7393, 1, 53.7537
575.8815, 814.4703, 1, 53.78707
571.4977, 817.741, 1, 53.82043
570.0796, 820.4295, 1, 53.8538
567.8804, 823.5677, 1, 53.88717
567.261, 828.1983, 1, 53.92053
566.5013, 834.389, 1, 53.9539
564.4946, 840.0463, 1, 53.98727
561.2102, 844.2105, 1, 54.02063
556.8253, 847.5998, 1, 54.054
551.9192, 851.6496, 1, 54.08737
549.2372, 851.611, 1, 54.12073
546.9408, 851.8187, 1, 54.1541
543.7458, 852.5285, 1, 54.18747
540.4217, 852.3522, 1, 54.22083
535.3814, 851.6693, 1, 54.2542
529.9798, 849.3586, 1, 54.28757
525.3653, 846.9862, 1, 54.32093
519.8966, 845.7838, 1, 54.3543
515.7835, 844.228, 1, 54.38767
516.3065, 840.5994, 1, 54.42103
516.2678, 840.1251, 1, 54.4544
515.9753, 840.0982, 1, 54.48777
514.2717, 841.1045, 1, 54.52113
512.489, 844.3755, 1, 54.5545
511.3294, 846.3262, 1, 54.58787
509.2596, 850.9113, 1, 54.62123
508.1392, 854.282, 1, 54.6546
507.6113, 856.7848, 1, 54.68797
506.0632, 859.2777, 1, 54.72133
503.3409, 860.7543, 1, 54.7547
500.5891, 859.9098, 1, 54.78807
499.1597, 857.777, 1, 54.82143
496.485, 855.8502, 1, 54.8548
495.4939, 854.7359, 1, 54.88817
492.4263, 851.6968, 1, 54.92153
487.5348, 848.7222, 1, 54.9549
484.6018, 844.7028, 1, 54.98827
480.0817, 840.4095, 1, 55.02163
475.5426, 835.309, 1, 55.055
471.1558, 829.6279, 1, 55.08837
466.3608, 823.9512, 1, 55.12173
461.7958, 817.8037, 1, 55.1551
457.0207, 811.316, 1, 55.18847
451.246, 804.6044, 1, 55.22183
445.5292, 798.1702, 1, 55.2552
440.3562, 791.6945, 1, 55.28857
434.3397, 785.9328, 1, 55.32193
428.7592, 780.3013, 1, 55.3553
422.792, 775.2736, 1, 55.38867
416.1072, 770.7393, 1, 55.42203
410.2806, 766.2674, 1, 55.4554
404.7797, 764.4745, 1, 55.48877
404.0431, 765.9216, 1, 55.52213
401.6124, 770.3358, 1, 55.5555
399.0507, 773.4095, 1, 55.58887
395.9299, 778.7264, 1, 55.62223
390.5363, 783.6557, 1, 55.6556
385.7448, 790.1118, 1, 55.68897
378.329, 794.2936, 1, 55.72233
371.5379, 798.0607, 1, 55.7557
363.822, 802.0613, 1, 55.78907
356.8552, 805.9816, 1, 55.82243
349.9035, 809.8959, 1, 55.8558
343.4519, 814.5597, 1, 55.88917
336.934, 819.3398, 1, 55.92253
330.6064, 824.5971, 1, 55.9559
325.2511, 829.8725, 1, 55.98927
319.5381, 836.3133, 1, 56.02263
314.4265, 842.3773, 1, 56.056
309.4684, 848.6737, 1, 56.08937
305.5048, 854.8857, 1, 56.12273
301.6142, 861.6484, 1, 56.1561
297.8843, 868.5626, 1, 56.18947
294.9052, 876.0653, 1, 56.22283
291.7839, 884.3068, 1, 56.2562
288.9832, 892.2152, 1, 56.28957
290.0202, 893.824, 1, 56.32293
291.7439, 894.0496, 1, 56.3563
294.596, 895.0647, 1, 56.38967
296.4588, 897.1128, 1, 56.42303
298.2783, 898.7821, 1, 56.4564
302.924, 899.3626, 1, 56.48977
304.9812, 900.6305, 1, 56.52313
307.5408, 901.5924, 1, 56.5565
308.2556, 903.0722, 1, 56.58987
308.7435, 902.1524, 1, 56.62323
307.4321, 901.5185, 1, 56.6566
304.9507, 899.3671, 1, 56.68997
296.3222, 896.6939, 1, 56.72333
296.3222, 896.6939, 1, 56.7567
291.9299, 893.7991, 1, 56.79007
282.9482, 890.983, 1, 56.82343
282.9482, 890.983, 1, 56.8568
280.3901, 889.1221, 1, 56.89017
270.7217, 885.1368, 1, 56.92353
270.7217, 885.1368, 1, 56.9569
264.598, 880.3096, 1, 56.99027
261.7763, 878.9151, 1, 57.02363
261.7763, 878.9151, 1, 57.057
256.8301, 876.8565, 1, 57.09037
256.1203, 876.7553, 1, 57.12373
256.1203, 876.7553, 1, 57.1571
257.6887, 876.1256, 1, 57.19047
261.7063, 877.467, 1, 57.22383
261.7063, 877.467, 1, 57.2572
268.9474, 883.4908, 1, 57.29057
275.3808, 886.2188, 1, 57.32393
281.8376, 889.6405, 1, 57.3573
289.5312, 892.4711, 1, 57.39067
296.0951, 895.4885, 1, 57.42403
300.8197, 898.7144, 1, 57.4574
303.5617, 899.7033, 1, 57.49077
306.2686, 901.6487, 1, 57.52413
306.9937, 901.0425, 1, 57.5575
306.1183, 901.0393, 1, 57.59087
304.634, 898.2882, 1, 57.62423
301.2147, 898.0883, 1, 57.6576
297.9193, 895.6998, 1, 57.69097
293.1866, 894.58, 1, 57.72433
287.034, 890.9262, 1, 57.7577
282.4625, 889.6952, 1, 57.79107
278.9454, 886.4139, 1, 57.82443
274.5418, 886.3737, 1, 57.8578
270.4664, 884.2963, 1, 57.89117
265.6961, 881.5794, 1, 57.92453
261.504, 879.029, 1, 57.9579
256.0211, 876.6871, 1, 57.99127
253.2992, 874.3246, 1, 58.02463
247.8925, 873.8866, 1, 58.058
246.5801, 871.5211, 1, 58.09137
246.6775, 871.024, 1, 58.12473
248.2866, 871.2178, 1, 58.1581
251.3949, 873.6657, 1, 58.19147
255.814, 875.389, 1, 58.22483
261.2212, 878.5496, 1, 58.2582
268.2097, 881.7492, 1, 58.29157
273.2521, 885.3747, 1, 58.32493
279.3983, 886.8572, 1, 58.3583
283.5117, 890.724, 1, 58.39167
288.7229, 892.2396, 1, 58.42503
294.6964, 896.519, 1, 58.4584
301.562, 898.8853, 1, 58.49177
306.2423, 900.1368, 1, 58.52513
306.3187, 900.4135, 1, 58.5585
308.0016, 900.0898, 1, 58.59187
308.8538, 901.0583, 1, 58.62523
308.2448, 900.8867, 1, 58.6586
306.6035, 901.9086, 1, 58.69197
306.7302, 901.5951, 1, 58.72533
307.4902, 902.6334, 1, 58.7587
306.0309, 902.1758, 1, 58.79207
305.2503, 902.852, 1, 58.82543
304.8644, 902.5352, 1, 58.8588
304.9347, 900.0769, 1, 58.89217
306.2843, 898.6301, 1, 58.92553
307.4529, 897.4417, 1, 58.9589
309.0935, 895.5928, 1, 58.99227
310.0637, 896.617, 1, 59.02563
308.8227, 897.481, 1, 59.059
311.2749, 899.1673, 1, 59.09237
312.5662, 900.2549, 1, 59.12573
314.1065, 901.7062, 1, 59.1591
315.0661, 903.3453, 1, 59.19247
315.5948, 905.8271, 1, 59.22583
318.1861, 907.1014, 1, 59.2592
319.9759, 910.334, 1, 59.29257
320.8406, 909.7965, 1, 59.32593
322.2018, 910.6762, 1, 59.3593
323.4357, 912.088, 1, 59.39267
326.7603, 911.3434, 1, 59.42603
329.9872, 912.2577, 1, 59.4594
334.5466, 913.763, 1, 59.49277
332.5138, 912.278, 1, 59.52613
332.3419, 909.2907, 1, 59.5595
330.4229, 907.5222, 1, 59.59287
331.1251, 904.543, 1, 59.62623
331.0981, 902.734, 1, 59.6596
331.57, 899.3375, 1, 59.69297
331.6285, 894.4634, 1, 59.72633
332.2866, 889.5177, 1, 59.7597
334.933, 884.1573, 1, 59.79307
338.6993, 879.005, 1, 59.82643
341.7584, 872.609, 1, 59.8598
345.5882, 865.6791, 1, 59.89317
350.5586, 858.7415, 1, 59.92653
354.8991, 852.4455, 1, 59.9599
359.3444, 845.6025, 1, 59.99327
364.5, 838.2737, 1, 60.02663
368.5995, 831.1844, 1, 60.06
372.6416, 824.087, 1, 60.09337
376.1272, 816.9359, 1, 60.12673
379.1763, 809.5824, 1, 60.1601
381.3715, 801.2794, 1, 60.19347
383.7045, 793.2256, 1, 60.22683
384.7362, 785.1062, 1, 60.2602
382.3838, 780.8291, 1, 60.29357
379.9819, 777.6297, 1, 60.32693
377.6421, 771.0151, 1, 60.3603
375.8804, 763.2554, 1, 60.39367
374.2673, 755.367, 1, 60.42703
372.6706, 747.0215, 1, 60.4604
370.8218, 739.2844, 1, 60.49377
368.7584, 731.5218, 1, 60.52713
365.6713, 724.1018, 1, 60.5605
362.6753, 716.5259, 1, 60.59387
359.0005, 709.2757, 1, 60.62723
355.4687, 702.391, 1, 60.6606
352.9033, 694.3705, 1, 60.69397
354.1935, 684.0767, 1, 60.72733
353.6567, 674.4309, 1, 60.7607
352.997, 663.7109, 1, 60.79407
350.8742, 653.9254, 1, 60.82743
347.2558, 645.5929, 1, 60.8608
343.1035, 638.6312, 1, 60.89417
337.518, 632.4248, 1, 60.92753
331.9311, 626.6791, 1, 60.9609
325.7455, 621.6927, 1, 60.99427
319.4693, 617.2341, 1, 61.02763
312.7874, 613.3335, 1, 61.061
305.8345, 609.7894, 1, 61.09437
300.6483, 608.3972, 1, 61.12773
298.789, 608.8627, 1, 61.1611
294.95, 610.1544, 1, 61.19447
295.9023, 610.4266, 1, 61.22783
296.3115, 608.0912, 1, 61.2612
299.0029, 604.024, 1, 61.29457
302.4686, 600.1895, 1, 61.32793
304.8324, 594.0588, 1, 61.3613
308.6224, 588.8263, 1, 61.39467
310.219, 584.2033, 1, 61.42803
315.1448, 578.2639, 1, 61.4614
314.3092, 572.5916, 1, 61.49477
310.4123, 563.759, 1, 61.52813
310.374, 554.9706, 1, 61.5615
308.2748, 546.2678, 1, 61.59487
304.8987, 537.9692, 1, 61.62823
300.0925, 532.2627, 1, 61.6616
296.5575, 526.8527, 1, 61.69497
292.8474, 522.8854, 1, 61.72833
291.2092, 519.1166, 1, 61.7617
288.6336, 516.2912, 1, 61.79507
284.8472, 511.9704, 1, 61.82843
278.3689, 508.6645, 1, 61.8618
271.8693, 505.2268, 1, 61.89517
264.6608, 502.7621, 1, 61.92853
257.4097, 502.3083, 1, 61.9619
251.0174, 501.8325, 1, 61.99527
244.0486, 502.5502, 1, 62.02863
238.1882, 504.0923, 1, 62.062
231.612, 506.4954, 1, 62.09537
225.9216, 510.3305, 1, 62.12873
219.3267, 514.3548, 1, 62.1621
213.0669, 519.9688, 1, 62.19547
207.0488, 525.602, 1, 62.22883
202.9795, 532.5239, 1, 62.2622
198.8117, 540.1878, 1, 62.29557
197.3422, 547.0123, 1, 62.32893
197.5258, 554.4848, 1, 62.3623
196.2864, 561.3296, 1, 62.39567
197.2967, 569.2679, 1, 62.42903
199.4316, 576.4956, 1, 62.4624
200.3893, 584.1179, 1, 62.49577
204.2676, 591.8442, 1, 62.52913
206.7661, 598.6998, 1, 62.5625
210.8641, 606.1048, 1, 62.59587
214.4975, 612.8619, 1, 62.62923
219.6104, 619.4153, 1, 62.6626
224.7977, 625.2162, 1, 62.69597
230.043, 630.9772, 1, 62.72933
235.7998, 636.2855, 1, 62.7627
241.3562, 640.6587, 1, 62.79607
248.6867, 645.0622, 1, 62.82943
255.5228, 648.7669, 1, 62.8628
262.6893, 652.1269, 1, 62.89617
269.5805, 654.609, 1, 62.92953
277.3431, 656.2973, 1, 62.9629
284.0797, 656.0328, 1, 62.99627
288.7493, 651.9645, 1, 63.02963
294.6951, 647.6138, 1, 63.063
301.4223, 644.2267, 1, 63.09637
308.8512, 641.4983, 1, 63.12973
316.8258, 639.4016, 1, 63.1631
324.9216, 636.6974, 1, 63.19647
332.4225, 634.4758, 1, 63.22983
338.2714, 630.8273, 1, 63.2632
340.0943, 623.7897, 1, 63.29657
344.2198, 617.5649, 1, 63.32993
349.4043, 612.2358, 1, 63.3633
355.0616, 606.7722, 1, 63.39667
361.1323, 601.2069, 1, 63.43003
365.4317, 595.517, 1, 63.4634
370.6395, 589.8791, 1, 63.49677
375.1588, 583.8493, 1, 63.53013
379.5575, 577.5587, 1, 63.5635
383.6073, 570.8169, 1, 63.59687
386.9968, 563.9727, 1, 63.63023
390.3765, 557.1486, 1, 63.6636
392.9988, 550.0358, 1, 63.69697
395.4931, 542.9844, 1, 63.73033
397.1453, 535.4006, 1, 63.7637
399.0174, 527.9439, 1, 63.79707
400.0743, 520.8203, 1, 63.83043
400.6393, 513.7893, 1, 63.8638
400.5957, 506.5753, 1, 63.89717
400.0694, 498.6657, 1, 63.93053
399.1102, 491.2633, 1, 63.9639
397.976, 483.9639, 1, 63.99727
395.875, 475.5393, 1, 64.03063
394.0855, 468.1163, 1, 64.064
391.6698, 460.786, 1, 64.09737
388.8482, 453.3039, 1, 64.13073
385.4207, 445.7248, 1, 64.1641
383.3736, 444.0927, 1, 64.19747
381.6699, 443.3019, 1, 64.23083
378.9096, 442.4075, 1, 64.2642
376.4557, 442.1509, 1, 64.29757
374.0217, 440.2739, 1, 64.33093
369.4455, 440.8291, 1, 64.3643
363.8933, 438.213, 1, 64.39767
357.5959, 433.6602, 1, 64.43103
351.5042, 428.4, 1, 64.4644
345.649, 422.9396, 1, 64.49777
340.1139, 417.8784, 1, 64.53113
333.8056, 412.8664, 1, 64.5645
327.3636, 408.1552, 1, 64.59787
320.9012, 403.7351, 1, 64.63123
313.7102, 399.7637, 1, 64.6646
306.7479, 396.1796, 1, 64.69797
299.4124, 392.7545, 1, 64.73133
291.7614, 390.1199, 1, 64.7647
283.9505, 387.6221, 1, 64.79807
275.9236, 385.5969, 1, 64.83143
268.1174, 384.6777, 1, 64.8648
259.9742, 383.9021, 1, 64.89817
252.1276, 383.7602, 1, 64.93153
243.8334, 383.7019, 1, 64.9649
235.4417, 384.3313, 1, 64.99827
227.0941, 385.6558, 1, 65.03163
218.8819, 387.0628, 1, 65.065
210.5841, 389.1405, 1, 65.09837
203.0849, 391.3871, 1, 65.13173
195.7763, 394.3182, 1, 65.1651
188.1974, 397.6889, 1, 65.19847
181.4898, 401.706, 1, 65.23183
174.6816, 405.9606, 1, 65.2652
167.8544, 410.8739, 1, 65.29857
161.8537, 415.9864, 1, 65.33193
158.5567, 419.252, 1, 65.3653
160.1923, 421.2821, 1, 65.39867
160.566, 421.8822, 1, 65.43203
161.1478, 424.8166, 1, 65.4654
164.6631, 429.4395, 1, 65.49877
168.6689, 434.9253, 1, 65.53213
173.3681, 441.2239, 1, 65.5655
177.3807, 446.3444, 1, 65.59887
182.8541, 451.4902, 1, 65.63223
186.033, 459.4102, 1, 65.6656
189.8096, 467.3153, 1, 65.69897
193.7051, 473.6594, 1, 65.73233
198.1511, 480.3494, 1, 65.7657
202.093, 486.8753, 1, 65.79907
206.7819, 493.2498, 1, 65.83243
212.0669, 499.011, 1, 65.8658
217.1159, 504.7977, 1, 65.89917
222.4024, 510.2151, 1, 65.93253
228.1624, 512.5791, 1, 65.9659
233.9995, 512.1432, 1, 65.99927
238.9781, 510.9964, 1, 66.03263
245.3657, 509.7127, 1, 66.066
252.7883, 509.0878, 1, 66.09937
258.2605, 505.3666, 1, 66.13273
260.8708, 499.5996, 1, 66.1661
260.6722, 500.6085, 1, 66.19947
262.2814, 499.3023, 1, 66.23283
264.2649, 496.9806, 1, 66.2662
263.8012, 493.8251, 1, 66.29957
265.8306, 492.7455, 1, 66.33293
269.6595, 493.1594, 1, 66.3663
273.8636, 491.9976, 1, 66.39967
276.923, 488.9399, 1, 66.43303
281.4866, 488.3011, 1, 66.4664
285.6836, 486.6079, 1, 66.49977
289.9808, 483.7796, 1, 66.53313
295.9661, 480.7147, 1, 66.5665
302.2441, 477.669, 1, 66.59987
308.7479, 472.1865, 1, 66.63323
314.5438, 466.54, 1, 66.6666
321.3338, 461.3027, 1, 66.69997
327.172, 456.5021, 1, 66.73333
333.2257, 451.3927, 1, 66.7667
338.7585, 446.0636, 1, 66.80007
344.3985, 440.535, 1, 66.83343
350.027, 434.8282, 1, 66.8668
354.4619, 428.7997, 1, 66.90017
359.5802, 423.0299, 1, 66.93353
363.2825, 416.5304, 1, 66.9669
367.2549, 410.1806, 1, 67.00027
370.6823, 402.9849, 1, 67.03363
374.0516, 395.958, 1, 67.067
376.7974, 388.33, 1, 67.10037
379.3429, 380.5617, 1, 67.13373
381.433, 373.1382, 1, 67.1671
382.7694, 364.7019, 1, 67.20047
384.1692, 357.0255, 1, 67.23383
384.7449, 348.8166, 1, 67.2672
385.2016, 340.9243, 1, 67.30057
384.912, 333.2562, 1, 67.33393
383.9915, 325.7068, 1, 67.3673
382.8896, 317.7807, 1, 67.40067
380.8349, 310.3732, 1, 67.43403
378.4695, 302.6404, 1, 67.4674
375.6078, 295.0596, 1, 67.50077
372.2804, 287.6604, 1, 67.53413
368.6597, 280.6877, 1, 67.5675
364.3079, 273.8299, 1, 67.60087
359.7419, 267.3816, 1, 67.63423
354.6183, 260.9553, 1, 67.6676
349.1245, 255.3881, 1, 67.70097
343.5794, 249.8702, 1, 67.73433
337.3204, 244.6504, 1, 67.7677
330.6167, 239.6197, 1, 67.80107
323.7757, 235.1664, 1, 67.83443
316.8499, 230.9879, 1, 67.8678
309.3924, 226.9268, 1, 67.90117
304.6922, 226.3005, 1, 67.93453
299.594, 223.0833, 1, 67.9679
293.5572, 219.6178, 1, 68.00127
286.0784, 215.0054, 1, 68.03463
279.3314, 210.4494, 1, 68.068
272.5841, 206.1034, 1, 68.10137
265.7794, 201.5788, 1, 68.13473
258.9251, 197.4111, 1, 68.1681
252.0014, 193.696, 1, 68.20147
250.7299, 194.2616, 1, 68.23483
246.4643, 193.3051, 1, 68.2682
242.6604, 193.4742, 1, 68.30157
240.054, 195.0673, 1, 68.33493
238.8231, 198.5099, 1, 68.3683
235.0242, 202.6571, 1, 68.40167
231.0145, 205.8599, 1, 68.43503
229.1255, 207.5652, 1, 68.4684
223.5966, 209.2141, 1, 68.50177
219.3686, 210.4241, 1, 68.53513
216.3653, 209.9292, 1, 68.5685
218.773, 211.7685, 1, 68.60187
218.9749, 212.2924, 1, 68.63523
220.5717, 212.3128, 1, 68.6686
220.8114, 213.3232, 1, 68.70197
222.412, 213.0628, 1, 68.73533
224.6751, 211.6057, 1, 68.7687
227.807, 207.4975, 1, 68.80207
232.357, 203.0374, 1, 68.83543
237.4267, 199.3157, 1, 68.8688
242.6339, 194.6469, 1, 68.90217
248.5685, 190.3625, 1, 68.93553
254.4636, 186.9022, 1, 68.9689
258.8129, 182.9553, 1, 69.00227
264.3277, 179.0796, 1, 69.03563
268.8988, 176.977, 1, 69.069
275.1189, 175.4923, 1, 69.10237
281.7204, 172.6195, 1, 69.13573
288.1304, 170.1123, 1, 69.1691
293.8834, 167.8876, 1, 69.20247
299.3583, 165.903, 1, 69.23583
305.8118, 163.112, 1, 69.2692
312.0894, 159.8766, 1, 69.30257
319.6416, 157.0837, 1, 69.33593
324.7479, 150.858, 1, 69.3693
330.1915, 144.4321, 1, 69.40267
335.4754, 137.8744, 1, 69.43603
341.6546, 134.405, 1, 69.4694
347.241, 129.9223, 1, 69.50277
352.3341, 124.5454, 1, 69.53613
357.4798, 118.8573, 1, 69.5695
362.4155, 112.0998, 1, 69.60287
367.1225, 104.3581, 1, 69.63623
372.2375, 97.39064, 1, 69.6696
377.6371, 90.5108, 1, 69.70297
382.7122, 83.85512, 1, 69.73633
386.4838, 77.4022, 1, 69.7697
386.1077, 70.90409, 1, 69.80307
385.6605, 64.90943, 1, 69.83643
386.89, 65.654, 1, 69.8698
390.9674, 63.98193, 1, 69.90317
390.9954, 62.98697, 1, 69.93653
393.1201, 63.11125, 1, 69.9699
396.2982, 62.5437, 1, 70.00327
398.1278, 61.02641, 1, 70.03663
402.5136, 60.78936, 1, 70.07
405.516, 59.9509, 1, 70.10337
408.793, 59.38702, 1, 70.13673
413.1156, 59.17311, 1, 70.1701
420.4741, 59.38605, 1, 70.20347
426.2338, 58.63791, 1, 70.23683
428.6128, 58.52496, 1, 70.2702
432.6751, 57.71314, 1, 70.30357
436.6896, 57.54554, 1, 70.33693
441.6638, 57.4094, 1, 70.3703
446.182, 58.07215, 1, 70.40367
450.1748, 56.83297, 1, 70.43703
455.5785, 58.07015, 1, 70.4704
461.07, 57.12566, 1, 70.50377
467.6839, 56.4094, 1, 70.53713
474.8243, 57.23634, 1, 70.5705
480.6025, 56.15244, 1, 70.60387
488.2934, 57.94899, 1, 70.63723
497.3649, 57.54578, 1, 70.6706
504.1017, 59.86877, 1, 70.70397
509.8177, 58.61389, 1, 70.73733
516.623, 58.43987, 1, 70.7707
520.6836, 58.51696, 1, 70.80407
525.7961, 58.94615, 1, 70.83743
531.0799, 59.76459, 1, 70.8708
536.1097, 61.6106, 1, 70.90417
540.8854, 61.9797, 1, 70.93753
545.9456, 63.56687, 1, 70.9709
548.3708, 62.55828, 1, 71.00427
552.3286, 63.0381, 1, 71.03763
552.8597, 64.19916, 1, 71.071
554.4986, 62.84966, 1, 71.10437
556.7143, 63.09704, 1, 71.13773
557.6227, 62.23366, 1, 71.1711
559.1601, 61.62354, 1, 71.20447
559.351, 61.86589, 1, 71.23783
559.6357, 64.2205, 1, 71.2712
560.214, 64.27012, 1, 71.30457
560.3347, 62.82233, 1, 71.33793
558.8509, 63.51991, 1, 71.3713
559.4681, 64.93553, 1, 71.40467
558.4927, 63.92227, 1, 71.43803
558.6869, 63.26867, 1, 71.4714
558.7304, 62.08318, 1, 71.50477
557.1713, 64.15085, 1, 71.53813
556.7611, 66.63198, 1, 71.5715
555.8701, 66.10152, 1, 71.60487
554.8683, 67.3576, 1, 71.63823
552.9953, 69.49031, 1, 71.6716
551.4665, 70.03709, 1, 71.70497
550.6293, 71.63131, 1, 71.73833
549.1029, 73.69172, 1, 71.7717
548.9055, 77.02468, 1, 71.80507
549.2847, 81.20756, 1, 71.83843
547.3051, 86.83244, 1, 71.8718
545.469, 91.84668, 1, 71.90517
544.8019, 98.12241, 1, 71.93853
545.1398, 104.9548, 1, 71.9719
545.224, 112.139, 1, 72.00527
545.8533, 119.5874, 1, 72.03863
546.7965, 126.9995, 1, 72.072
548.5526, 134.6397, 1, 72.10537
550.6788, 141.9696, 1, 72.13873
553.1075, 149.1768, 1, 72.1721
556.1326, 155.7461, 1, 72.20547
559.7227, 162.974, 1, 72.23883
563.6471, 170.0005, 1, 72.2722
569.0467, 176.7636, 1, 72.30557
573.8555, 182.5636, 1, 72.33893
579.4087, 188.5312, 1, 72.3723
585.8062, 193.8508, 1, 72.40567
592.0088, 199.198, 1, 72.43903
598.4689, 202.8445, 1, 72.4724
605.0639, 206.8182, 1, 72.50577
611.9828, 210.086, 1, 72.53913
619.559, 212.9574, 1, 72.5725
626.9004, 215.5106, 1, 72.60587
634.825, 217.0773, 1, 72.63923
642.6911, 218.4871, 1, 72.6726
650.3113, 219.0662, 1, 72.70597
658.5582, 219.5339, 1, 72.73933
666.3671, 219.7292, 1, 72.7727
674.2211, 219.1324, 1, 72.80607
681.5661, 218.1204, 1, 72.83943
688.7306, 216.3086, 1, 72.8728
695.9977, 214.5505, 1, 72.90617
702.6602, 212.0405, 1, 72.93953
709.945, 208.5105, 1, 72.9729
716.0713, 205.1768, 1, 73.00627
722.27, 200.6966, 1, 73.03963
728.1755, 196.1799, 1, 73.073
733.6777, 191.2088, 1, 73.10637
738.9471, 185.9042, 1, 73.13973
743.9882, 180.4274, 1, 73.1731
748.7971, 174.3828, 1, 73.20647
753.5623, 167.9636, 1, 73.23983
758.077, 161.2558, 1, 73.2732
758.2143, 159.1935, 1, 73.30657
757.9513, 157.599, 1, 73.33993
753.7036, 155.5853, 1, 73.3733
751.3977, 152.4457, 1, 73.40667
746.3734, 149.5879, 1, 73.44003
741.8726, 146.0336, 1, 73.4734
737.6799, 141.8661, 1, 73.50677
733.2143, 138.6221, 1, 73.54013
727.2735, 134.4788, 1, 73.5735
722.2582, 131.3834, 1, 73.60687
717.0126, 129.6799, 1, 73.64023
714.4874, 128.4968, 1, 73.6736
714.4511, 128.253, 1, 73.70697
715.615, 128.9261, 1, 73.74033
718.7479, 129.3847, 1, 73.7737
721.8133, 132.196, 1, 73.80707
727.0377, 135.0663, 1, 73.84043
731.1396, 139.5961, 1, 73.8738
736.0012, 142.0723, 1, 73.90717
739.0968, 145.2976, 1, 73.94053
742.5415, 147.7969, 1, 73.9739
743.9871, 147.305, 1, 74.00727
745.9255, 149.2161, 1, 74.04063
745.6227, 151.9524, 1, 74.074
750.5162, 153.8283, 1, 74.10737
754.8022, 155.2709, 1, 74.14073
756.5336, 157.6035, 1, 74.1741
759.4956, 161.4435, 1, 74.20747
763.9199, 163.3496, 1, 74.24083
767.7834, 167.7987, 1, 74.2742
772.2868, 171.061, 1, 74.30757
777.6006, 175.4571, 1, 74.34093
780.8374, 181.3446, 1, 74.3743
785.7029, 185.0301, 1, 74.40767
790.8667, 188.9709, 1, 74.44103
793.8529, 195.1027, 1, 74.4744
798.7812, 199.6552, 1, 74.50777
804.6693, 202.801, 1, 74.54113
807.7089, 208.1075, 1, 74.5745
812.3708, 211.9855, 1, 74.60787
812.8851, 213.5209, 1, 74.64123
813.6132, 215.0092, 1, 74.6746
816.1315, 216.4712, 1, 74.70797
816.1381, 218.0403, 1, 74.74133
816.2677, 218.4239, 1, 74.7747
818.1641, 219.4234, 1, 74.80807
820.23, 220.5094, 1, 74.84143
820.391, 220.5527, 1, 74.8748
820.8647, 222.8738, 1, 74.90817
820.9379, 224.2645, 1, 74.94153
822.6443, 224.4225, 1, 74.9749
822.1878, 222.8508, 1, 75.00827
823.0916, 223.9387, 1, 75.04163
824.0662, 225.8721, 1, 75.075
827.5249, 228.854, 1, 75.10837
829.867, 230.6936, 1, 75.14173
831.4918, 233.0513, 1, 75.1751
833.0966, 235.824, 1, 75.20847
834.4984, 239.2179, 1, 75.24183
836.1076, 241.8811, 1, 75.2752
837.0641, 243.463, 1, 75.30857
836.5275, 245.1124, 1, 75.34193
838.328, 248.7216, 1, 75.3753
841.7155, 248.9297, 1, 75.40867
841.9816, 249.0389, 1, 75.44203
843.5263, 251.3135, 1, 75.4754
844.7218, 252.7214, 1, 75.50877
846.6847, 256.7601, 1, 75.54213
849.2482, 260.8674, 1, 75.5755
852.4159, 263.5949, 1, 75.60887
852.1859, 262.4428, 1, 75.64223
851.0899, 264.8868, 1, 75.6756
849.6908, 267.2503, 1, 75.70897
845.3706, 269.491, 1, 75.74233
843.1797, 273.8109, 1, 75.7757
837.1373, 275.5927, 1, 75.80907
835.6291, 279.9814, 1, 75.84243
830.4013, 282.61, 1, 75.8758
826.7063, 286.9738, 1, 75.90917
822.855, 290.8292, 1, 75.94253
819.5047, 295.4406, 1, 75.9759
816.2275, 301.0382, 1, 76.00927
813.7879, 307.3057, 1, 76.04263
811.6164, 314.6086, 1, 76.076
809.6899, 322.1624, 1, 76.10937
808.2343, 329.3461, 1, 76.14273
806.7916, 337.301, 1, 76.1761
805.7633, 344.3341, 1, 76.20947
805.4482, 351.989, 1, 76.24283
805.219, 359.3321, 1, 76.2762
805.1793, 366.3009, 1, 76.30957
805.575, 374.2229, 1, 76.34293
806.2382, 381.6371, 1, 76.3763
807.3495, 389.3643, 1, 76.40967
808.8107, 396.3516, 1, 76.44303
811.0363, 403.636, 1, 76.4764
813.0084, 410.7747, 1, 76.50977
815.527, 417.2185, 1, 76.54313
818.5266, 424.6011, 1, 76.5765
822.0058, 431.2861, 1, 76.60987
825.5156, 437.6254, 1, 76.64323
829.6931, 443.8295, 1, 76.6766
834.351, 449.6279, 1, 76.70997
839.2013, 455.6657, 1, 76.74333
844.6691, 461.2029, 1, 76.7767
850.0047, 466.3954, 1, 76.81007
855.7037, 471.1946, 1, 76.84343
861.5996, 475.2871, 1, 76.8768
867.8475, 478.8926, 1, 76.91017
874.49, 482.2403, 1, 76.94353
881.0553, 485.3085, 1, 76.9769
888.1755, 487.9412, 1, 77.01027
894.0405, 492.2936, 1, 77.04363
899.6837, 496.8619, 1, 77.077
906.1809, 500.4401, 1, 77.11037
912.8488, 503.1271, 1, 77.14373
918.3526, 506.4299, 1, 77.1771
916.2649, 511.0152, 1, 77.21047
917.4251, 515.6855, 1, 77.24383
918.1984, 518.4729, 1, 77.2772
917.1698, 520.714, 1, 77.31057
917.8977, 522.5839, 1, 77.34393
917.9066, 527.2711, 1, 77.3773
917.3442, 531.3169, 1, 77.41067
917.5248, 535.3543, 1, 77.44403
917.1892, 538.3031, 1, 77.4774
918.2943, 542.6985, 1, 77.51077
917.5877, 544.8259, 1, 77.54413
917.3256, 548.0045, 1, 77.5775
918.0257, 550.5584, 1, 77.61087
918.1357, 553.5932, 1, 77.64423
915.8956, 555.3439, 1, 77.6776
914.9951, 557.8328, 1, 77.71097
915.9234, 561.8587, 1, 77.74433
915.7828, 565.6768, 1, 77.7777
915.5786, 568.8989, 1, 77.81107
915.2176, 572.3776, 1, 77.84443
914.8793, 575.398, 1, 77.8778
914.345, 579.4796, 1, 77.91117
913.1171, 583.7323, 1, 77.94453
912.4504, 587.1032, 1, 77.9779
911.5556, 588.9744, 1, 78.01127
910.8469, 592.4738, 1, 78.04463
909.1156, 596.0048, 1, 78.078
908.4236, 598.9343, 1, 78.11137
906.5836, 602.4801, 1, 78.14473
904.5128, 605.7446, 1, 78.1781
903.4847, 608.73, 1, 78.21147
902.9925, 611.6553, 1, 78.24483
903.5153, 614.9869, 1, 78.2782
903.8442, 617.5865, 1, 78.31157
901.7322, 618.2853, 1, 78.34493
901.2291, 619.3721, 1, 78.3783
900.8701, 621.4002, 1, 78.41167
901.4542, 624.1575, 1, 78.44503
902.0552, 626.4525, 1, 78.4784
901.7254, 628.2136, 1, 78.51177
900.5246, 630.1359, 1, 78.54513
899.0328, 632.2144, 1, 78.5785
898.3827, 634.799, 1, 78.61187
898.1335, 636.5484, 1, 78.64523
898.3922, 638.1232, 1, 78.6786
898.1004, 637.9406, 1, 78.71197
897.5489, 639.4532, 1, 78.74533
897.4374, 640.6577, 1, 78.7787
897.0286, 641.6286, 1, 78.81207
897.5907, 642.8431, 1, 78.84543
895.7319, 642.196, 1, 78.8788
893.1301, 641.5796, 1, 78.91217
889.7127, 641.8734, 1, 78.94553
884.4771, 642.4625, 1, 78.9789
880.6945, 642.1871, 1, 79.01227
877.7573, 641.8806, 1, 79.04563
874.9655, 641.4547, 1, 79.079
872.1082, 641.786, 1, 79.11237
868.068, 642.2418, 1, 79.14573
864.3, 641.4778, 1, 79.1791
860.0347, 640.4401, 1, 79.21247
856.7068, 637.7748, 1, 79.24583
851.1549, 633.5809, 1, 79.2792
845.0198, 629.2718, 1, 79.31257
838.5191, 625.1935, 1, 79.34593
832.2088, 621.2139, 1, 79.3793
829.1557, 617.8816, 1, 79.41267
826.0195, 615.1484, 1, 79.44603
822.7471, 612.7284, 1, 79.4794
819.3029, 609.8895, 1, 79.51277
814.2024, 606.992, 1, 79.54613
809.6323, 604.7919, 1, 79.5795
804.4701, 602.5894, 1, 79.61287
798.5342, 600.6742, 1, 79.64623
792.1709, 598.2678, 1, 79.6796
785.1549, 595.8551, 1, 79.71297
778.2721, 594.0309, 1, 79.74633
770.7661, 592.9351, 1, 79.7797
763.9053, 592.2677, 1, 79.81307
756.3911, 591.9315, 1, 79.84643
748.6831, 591.9338, 1, 79.8798
741.5207, 592.3384, 1, 79.91317
733.9524, 593.5185, 1, 79.94653
726.3695, 594.7795, 1, 79.9799
718.7706, 596.7024, 1, 80.01327
711.1749, 598.6058, 1, 80.04663
703.8322, 601.0557, 1, 80.08
696.3985, 603.8916, 1, 80.11337
689.1498, 606.9237, 1, 80.14673
682.0676, 610.4603, 1, 80.1801
675.4215, 614.2208, 1, 80.21347
668.3153, 618.6272, 1, 80.24683
661.5878, 623.4015, 1, 80.2802
654.9911, 628.0947, 1, 80.31357
649.1025, 633.0293, 1, 80.34693
643.5283, 638.1349, 1, 80.3803
638.2392, 643.6798, 1, 80.41367
633.3465, 649.4921, 1, 80.44703
629.458, 655.4814, 1, 80.4804
625.6156, 661.9545, 1, 80.51377
622.3102, 668.7367, 1, 80.54713
619.223, 675.4868, 1, 80.5805
616.2772, 682.47, 1, 80.61387
614.1679, 689.5657, 1, 80.64723
612.2912, 696.953, 1, 80.6806
610.5848, 704.4136, 1, 80.71397
609.7916, 711.8103, 1, 80.74733
609.0234, 719.3848, 1, 80.7807
608.9346, 726.9905, 1, 80.81407
609.2919, 734.8333, 1, 80.84743
609.7481, 742.6033, 1, 80.8808
613.1526, 748.8626, 1, 80.91417
618.2174, 754.2257, 1, 80.94753
622.4224, 759.9929, 1, 80.9809
628.2997, 765.271, 1, 81.01427
633.0943, 771.3715, 1, 81.04763
638.7679, 777.2645, 1, 81.081
643.4727, 783.5874, 1, 81.11437
647.8123, 790.1796, 1, 81.14773
652.0938, 797.0956, 1, 81.1811
656.2913, 803.7264, 1, 81.21447
660.4973, 810.498, 1, 81.24783
664.8104, 816.8328, 1, 81.2812
669.4439, 822.895, 1, 81.31457
674.5322, 829.3941, 1, 81.34793
680.3744, 835.116, 1, 81.3813
686.2523, 840.0578, 1, 81.41467
692.76, 845.5208, 1, 81.44803
698.5342, 850.004, 1, 81.4814
