33.30943 509.7543 12 0
33.91908 466.519 12 0.03336667
33.63306 467.6514 12 0.06673333
33.72084 470.9748 12 0.1001
33.04298 474.7192 12 0.1334667
32.77849 478.7404 12 0.1668333
31.897 483.9651 12 0.2002
32.13938 489.3324 12 0.2335667
32.60399 494.695 12 0.2669333
32.75874 499.0598 12 0.3003
32.54864 502.4914 12 0.3336667
32.02541 505.3463 12 0.3670333
32.6947 507.2877 12 0.4004
32.79786 509.671 12 0.4337667
33.39932 511.5345 12 0.4671333
32.9064 513.1523 12 0.5005
33.26162 514.0461 12 0.5338667
32.49247 516.138 12 0.5672333
33.5987 517.0196 12 0.6006
32.64189 518.637 12 0.6339667
32.97648 520.3287 12 0.6673333
33.33067 522.9807 12 0.7007
33.96373 526.6427 12 0.7340667
34.18582 530.8476 12 0.7674333
35.19605 535.2047 12 0.8008
35.34691 539.6167 12 0.8341667
36.13589 544.4275 12 0.8675333
36.55994 549.0735 12 0.9009
38.06034 553.8968 12 0.9342667
37.79756 557.3136 12 0.9676333
37.28549 559.4582 12 1.001
38.05059 560.206 12 1.034367
37.33092 559.9384 12 1.067733
37.91917 559.4713 12 1.1011
36.78046 559.0701 12 1.134467
36.27478 557.9822 12 1.167833
36.89182 556.2994 12 1.2012
37.57058 553.7118 12 1.234567
37.19452 552.8348 12 1.267933
37.14799 552.1055 12 1.3013
37.25014 552.1629 12 1.334667
36.67336 552.752 12 1.368033
37.19728 554.5229 12 1.4014
37.80592 556.1842 12 1.434767
37.74295 557.1025 12 1.468133
38.07947 558.3783 12 1.5015
37.8595 559.9784 12 1.534867
38.74233 562.4295 12 1.568233
38.59974 565.6175 12 1.6016
39.3104 569.3986 12 1.634967
40.47927 574.3819 12 1.668333
40.59149 576.6505 12 1.7017
41.48892 578.1423 12 1.735067
41.12622 580.1117 12 1.768433
42.28206 582.3779 12 1.8018
41.68189 584.4355 12 1.835167
42.87186 586.7061 12 1.868533
42.91867 588.9402 12 1.9019
44.15545 591.47 12 1.935267
44.91668 595.0296 12 1.968633
45.52194 599.5583 12 2.002
47.09688 604.2926 12 2.035367
49.0133 609.5881 12 2.068733
49.62919 613.1987 12 2.1021
50.13309 615.0837 12 2.135467
50.96413 616.056 12 2.168833
51.10903 616.6829 12 2.2022
51.18288 617.6946 12 2.235567
51.80814 619.1554 12 2.268933
51.69821 620.7288 12 2.3023
52.99756 622.4642 12 2.335667
52.72239 624.3195 12 2.369033
54.20112 626.3134 12 2.4024
55.74183 629.7904 12 2.435767
57.39975 634.1236 12 2.469133
57.60783 637.7341 12 2.5025
59.38534 640.6742 12 2.535867
59.85952 643.6901 12 2.569233
61.05866 645.5526 12 2.6026
60.29623 648.5378 12 2.635967
61.97273 651.0774 12 2.669333
63.12634 652.6539 12 2.7027
63.96229 653.4551 12 2.736067
63.78192 655.0678 12 2.769433
63.79472 655.2406 12 2.8028
62.96351 655.0387 12 2.836167
64.25191 654.0891 12 2.869533
64.09566 653.8448 12 2.9029
63.81277 652.883 12 2.936267
64.20607 653.0689 12 2.969633
64.02593 653.8886 12 3.003
66.15126 655.4671 12 3.036367
66.43154 658.4341 12 3.069733
66.27696 661.9375 12 3.1031
69.24099 665.5819 12 3.136467
70.2072 669.4709 12 3.169833
72.72225 672.0394 12 3.2032
73.38569 674.9385 12 3.236567
74.45699 677.4545 12 3.269933
75.21535 680.731 12 3.3033
75.9425 682.5108 12 3.336667
74.73962 683.4861 12 3.370033
76.56336 682.8059 12 3.4034
75.77046 683.4836 12 3.436767
74.94548 681.4544 12 3.470133
73.17034 678.8555 12 3.5035
73.2966 675.6548 12 3.536867
71.56958 673.6195 12 3.570233
71.16859 671.4327 12 3.6036
70.93988 670.0967 12 3.636967
71.80987 670.6704 12 3.670333
71.23133 672.6606 12 3.7037
73.85745 675.3841 12 3.737067
73.52318 678.839 12 3.770433
76.25458 681.842 12 3.8038
77.25737 684.5456 12 3.837167
79.30125 687.2115 12 3.870533
78.89103 689.1514 12 3.9039
80.09006 690.0687 12 3.937267
79.79622 690.458 12 3.970633
80.0286 690.1398 12 4.004
80.85515 691.1906 12 4.037367
80.81016 692.2104 12 4.070733
82.2134 693.0087 12 4.1041
81.9476 694.3605 12 4.137467
84.46228 695.6619 12 4.170833
84.69194 697.8823 12 4.2042
84.95455 700.3717 12 4.237567
86.96799 703.165 12 4.270933
87.76261 704.5133 12 4.3043
88.22258 705.8796 12 4.337667
88.58306 706.7774 12 4.371033
89.25782 707.2452 12 4.4044
89.04678 708.5457 12 4.437767
90.3786 708.4339 12 4.471133
89.71935 708.9407 12 4.5045
90.68808 709.1398 12 4.537867
90.99237 710.0991 12 4.571233
91.57035 711.9602 12 4.6046
91.98274 712.7032 12 4.637967
92.39209 712.7982 12 4.671333
92.74681 713.4159 12 4.7047
92.91708 713.7926 12 4.738067
91.39395 714.026 12 4.771433
92.91443 713.4306 12 4.8048
92.74055 714.5272 12 4.838167
93.94064 715.9102 12 4.871533
95.68877 717.8128 12 4.9049
96.16022 719.8835 12 4.938267
97.4277 721.7418 12 4.971633
98.95851 723.6638 12 5.005
99.19644 725.3477 12 5.038367
100.6735 725.878 12 5.071733
101.2444 726.9237 12 5.1051
102.3507 728.4416 12 5.138467
102.2592 729.2972 12 5.171833
102.0023 729.4041 12 5.2052
102.656 729.3218 12 5.238567
102.3806 729.4925 12 5.271933
102.6596 729.9526 12 5.3053
103.1501 730.2973 12 5.338667
103.6438 731.6065 12 5.372033
104.7537 733.2184 12 5.4054
104.4008 735.0032 12 5.438767
106.2887 736.3298 12 5.472133
107.38 737.8666 12 5.5055
107.4566 739.3093 12 5.538867
108.7672 738.807 12 5.572233
107.9474 739.2933 12 5.6056
107.4745 739.6874 12 5.638967
106.2362 737.8564 12 5.672333
106.9999 736.6113 12 5.7057
105.493 735.1807 12 5.739067
105.0253 734.8281 12 5.772433
105.4862 734.076 12 5.8058
104.989 734.356 12 5.839167
104.9467 734.6295 12 5.872533
105.8017 735.5977 12 5.9059
107.259 736.9547 12 5.939267
108.8398 738.8885 12 5.972633
109.4343 741.1213 12 6.006
111.6447 743.3071 12 6.039367
112.6891 745.0981 12 6.072733
113.424 746.8203 12 6.1061
114.4777 749.2417 12 6.139467
115.4962 750.572 12 6.172833
117.4736 751.7028 12 6.2062
117.7438 753.4334 12 6.239567
119.7495 755.8661 12 6.272933
122.7152 757.6552 12 6.3063
122.0113 760.2547 12 6.339667
124.2349 760.7516 12 6.373033
124.401 762.938 12 6.4064
126.4557 763.4999 12 6.439767
125.3643 764.6876 12 6.473133
125.9831 764.5857 12 6.5065
125.9884 764.4078 12 6.539867
126.41 763.7499 12 6.573233
126.2967 763.4918 12 6.6066
126.7156 763.5275 12 6.639967
126.881 764.0812 12 6.673333
127.0445 764.4829 12 6.7067
127.37 764.794 12 6.740067
127.4513 765.7877 12 6.773433
128.1576 766.182 12 6.8068
128.9143 766.7712 12 6.840167
130.2144 767.6443 12 6.873533
130.6834 769.391 12 6.9069
133.3258 771.7253 12 6.940267
135.0358 773.8004 12 6.973633
136.093 775.9007 12 7.007
138.0904 777.9055 12 7.040367
139.0627 781.1449 12 7.073733
141.2783 782.8171 12 7.1071
142.6942 784.4082 12 7.140467
144.882 785.807 12 7.173833
145.6631 787.8128 12 7.2072
147.8155 788.7062 12 7.240567
148.5687 790.2689 12 7.273933
150.8143 792.818 12 7.3073
153.4674 795.077 12 7.340667
154.326 797.1382 12 7.374033
157.1177 799.6233 12 7.4074
158.0678 800.2594 12 7.440767
159.6863 801.5716 12 7.474133
159.5127 802.7586 12 7.5075
159.6708 801.7268 12 7.540867
158.6699 800.5162 12 7.574233
155.286 799.2661 12 7.6076
153.9049 795.9345 12 7.640967
150.5351 792.1849 12 7.674333
147.3983 788.7814 12 7.7077
143.3345 784.1762 12 7.741067
140.3841 781.2889 12 7.774433
138.7351 779.2072 12 7.8078
138.5661 779.1055 12 7.841167
139.0737 779.7556 12 7.874533
140.2527 780.7698 12 7.9079
141.3672 782.6827 12 7.941267
143.1537 784.7242 12 7.974633
145.2684 787.109 12 8.008
148.4336 790.0935 12 8.041367
151.3281 792.9662 12 8.074733
153.7723 796.2363 12 8.1081
156.6238 799.0125 12 8.141467
159.1437 802.2524 12 8.174833
162.6205 804.7912 12 8.2082
165.0422 806.692 12 8.241567
166.6092 808.5659 12 8.274933
167.5311 809.6619 12 8.3083
168.0155 809.9214 12 8.341667
167.9775 809.9791 12 8.375033
167.8899 809.9639 12 8.4084
167.7941 810.678 12 8.441767
168.4717 811.4026 12 8.475133
170.3977 812.3678 12 8.5085
171.5372 813.7113 12 8.541867
173.7197 815.6469 12 8.575233
175.6939 817.8995 12 8.6086
178.6617 820.511 12 8.641967
181.9142 822.771 12 8.675333
185.1856 825.913 12 8.7087
188.5279 829.0252 12 8.742067
192.2674 831.6262 12 8.775433
194.5409 834.6314 12 8.8088
197.8157 836.6988 12 8.842167
199.5859 837.6928 12 8.875533
201.0778 839.1991 12 8.9089
201.9291 839.2672 12 8.942267
200.5009 839.6417 12 8.975633
200.7969 838.2679 12 9.009
198.9719 837.9562 12 9.042367
197.6647 835.9165 12 9.075733
196.0724 835.1567 12 9.1091
195.2813 834.2209 12 9.142467
194.4789 833.3863 12 9.175833
194.0588 833.3554 12 9.2092
193.9691 833.8958 12 9.242567
195.1408 834.2427 12 9.275933
196.9394 835.501 12 9.3093
198.9446 837.8198 12 9.342667
203.4745 840.5095 12 9.376033
206.7082 843.0742 12 9.4094
210.1417 845.6293 12 9.442767
213.1697 848.3159 12 9.476133
216.2382 850.5472 12 9.5095
218.0642 851.7828 12 9.542867
218.373 852.0211 12 9.576233
219.1436 853.1605 12 9.6096
221.3413 853.277 12 9.642967
222.7825 855.3633 12 9.676333
224.3918 856.2793 12 9.7097
225.5101 857.509 12 9.743067
227.6793 859.0196 12 9.776433
230.9046 860.9736 12 9.8098
233.6097 863.0028 12 9.843167
237.1328 864.9959 12 9.876533
239.6792 866.9161 12 9.9099
243.4476 868.903 12 9.943267
246.6845 871.1738 12 9.976633
250.4584 872.8503 12 10.01
252.493 874.1043 12 10.04337
253.0873 874.7975 12 10.07673
253.6664 875.3108 12 10.1101
254.5706 875.8604 12 10.14347
255.1457 875.954 12 10.17683
256.5526 876.7934 12 10.2102
258.3846 878.1169 12 10.24357
261.3664 879.1306 12 10.27693
263.3185 880.4931 12 10.3103
265.171 881.4036 12 10.34367
266.8761 882.5968 12 10.37703
268.7073 883.472 12 10.4104
270.4526 885.1937 12 10.44377
273.2082 886.3931 12 10.47713
275.3933 887.1864 12 10.5105
276.5662 887.338 12 10.54387
277.1124 888.0239 12 10.57723
278.1752 888.5558 12 10.6106
279.1377 889.1547 12 10.64397
279.6506 889.0516 12 10.67733
279.4658 889.6478 12 10.7107
280.7059 890.4219 12 10.74407
282.6315 890.915 12 10.77743
283.9517 891.7073 12 10.8108
286.414 892.2707 12 10.84417
287.9426 893.4257 12 10.87753
289.8055 894.7578 12 10.9109
293.0716 895.7537 12 10.94427
295.2525 897.2523 12 10.97763
298.2716 897.7901 12 11.011
299.9944 898.7348 12 11.04437
301.2496 899.244 12 11.07773
302.7719 899.788 12 11.1111
304.1648 900.3118 12 11.14447
305.2463 900.8247 12 11.17783
306.0672 901.2121 12 11.2112
309.7206 902.7487 12 11.24457
313.0117 904.1009 12 11.27793
317.523 905.8958 12 11.3113
320.8794 907.0437 12 11.34467
325.1616 908.4252 12 11.37803
329.6778 910.8739 12 11.4114
333.5824 912.3362 12 11.44477
336.7085 913.3245 12 11.47813
338.3359 913.5521 12 11.5115
338.7403 914.4005 12 11.54487
341.1234 915.2481 12 11.57823
341.0892 914.3426 12 11.6116
341.075 915.5614 12 11.64497
341.1377 912.4116 12 11.67833
337.1128 909.6479 12 11.7117
332.893 909.3645 12 11.74507
326.7332 906.7137 12 11.77843
319.777 904.8663 12 11.8118
313.1443 902.693 12 11.84517
306.9224 899.738 12 11.87853
300.3449 897.0788 12 11.9119
294.4221 894.065 12 11.94527
287.5231 891.6415 12 11.97863
280.5678 889.1194 12 12.012
273.6831 887.0073 12 12.04537
267.5622 883.7557 12 12.07873
261.563 880.2884 12 12.1121
255.7873 875.9351 12 12.14547
249.5119 870.9045 12 12.17883
243.073 867.8277 12 12.2122
242.6897 868.4064 12 12.24557
242.7184 868.1624 12 12.27893
243.5472 865.6147 12 12.3123
241.9493 864.4079 12 12.34567
240.5633 863.8922 12 12.37903
237.4235 864.4389 12 12.4124
233.4363 864.3998 12 12.44577
229.6052 861.1494 12 12.47913
224.8971 858.6901 12 12.5125
221.4246 855.371 12 12.54587
216.9107 851.4325 12 12.57923
211.4134 848.3389 12 12.6126
205.6914 844.6606 12 12.64597
202.6476 838.5959 12 12.67933
198.4912 833.2662 12 12.7127
193.4138 829.0776 12 12.74607
188.3158 825.564 12 12.77943
182.9451 821.6771 12 12.8128
177.5601 817.226 12 12.84617
171.2358 812.3824 12 12.87953
165.0097 807.638 12 12.9129
158.6652 803.163 12 12.94627
156.0585 795.8583 12 12.97963
151.6342 789.746 12 13.013
146.0695 784.9223 12 13.04637
139.9052 780.8921 12 13.07973
137.3421 773.2007 12 13.1131
133.1919 766.6083 12 13.14647
127.8869 761.4796 12 13.17983
121.7224 757.0739 12 13.2132
117.8813 751.8332 12 13.24657
114.2988 746.3157 12 13.27993
110.1081 740.6426 12 13.3133
105.6851 734.7165 12 13.34667
102.5557 729.6511 12 13.38003
102.5404 730.547 12 13.4134
102.1462 729.3666 12 13.44677
101.1788 727.349 12 13.48013
99.46722 726.39 12 13.5135
99.21638 724.078 12 13.54687
97.643 722.1873 12 13.58023
95.35032 720.6842 12 13.6136
96.60673 719.6997 12 13.64697
96.35716 722.7612 12 13.68033
97.20217 722.4983 12 13.7137
98.45346 722.8683 12 13.74707
98.29005 723.2427 12 13.78043
99.14595 724.3572 12 13.8138
98.81017 726.2706 12 13.84717
100.6755 727.5886 12 13.88053
101.8862 728.843 12 13.9139
102.5943 730.0736 12 13.94727
102.8782 730.4782 12 13.98063
102.7871 731.4705 12 14.014
104.6774 733.0045 12 14.04737
105.1885 734.0618 12 14.08073
103.9807 734.1661 12 14.1141
103.9117 734.8987 12 14.14747
105.4446 735.8483 12 14.18083
106.357 736.0671 12 14.2142
105.4452 734.2016 12 14.24757
103.6371 731.2013 12 14.28093
102.4486 727.9455 12 14.3143
99.15146 724.528 12 14.34767
96.66111 718.6834 12 14.38103
94.03383 711.9787 12 14.4144
89.47317 706.5351 12 14.44777
87.03324 700.1625 12 14.48113
84.93314 696.9003 12 14.5145
82.69955 697.8042 12 14.54787
82.05427 696.2227 12 14.58123
83.3839 695.8537 12 14.6146
84.44907 693.454 12 14.64797
83.40687 691.4352 12 14.68133
81.67112 688.9247 12 14.7147
80.72249 687.3566 12 14.74807
80.41744 686.4786 12 14.78143
79.84409 687.7651 12 14.8148
79.33453 686.6679 12 14.84817
78.49816 687.1885 12 14.88153
75.26361 687.9475 12 14.9149
76.06034 688.6265 12 14.94827
75.50888 689.0534 12 14.98163
75.02596 688.9183 12 15.015
75.94133 688.2768 12 15.04837
76.11336 687.2489 12 15.08173
76.09277 687.2093 12 15.1151
76.99094 687.0374 12 15.14847
75.88339 686.3163 12 15.18183
76.94478 685.267 12 15.2152
77.39639 686.0906 12 15.24857
77.36976 686.2325 12 15.28193
75.58546 685.4797 12 15.3153
75.58296 683.8803 12 15.34867
75.04937 680.9818 12 15.38203
74.14508 677.8617 12 15.4154
72.2087 674.2626 12 15.44877
70.52777 670.3379 12 15.48213
68.81482 666.8498 12 15.5155
66.69132 662.3323 12 15.54887
65.20424 656.7582 12 15.58223
63.78403 649.8813 12 15.6156
62.11909 642.8878 12 15.64897
60.09836 635.799 12 15.68233
57.88806 629.3373 12 15.7157
54.53412 622.7346 12 15.74907
51.42207 616.3284 12 15.78243
47.28305 610.3263 12 15.8158
45.93438 604.724 12 15.84917
45.5975 597.8315 12 15.88253
45.07183 590.5199 12 15.9159
43.73551 589.093 12 15.94927
43.02523 586.9292 12 15.98263
41.80932 584.8864 12 16.016
41.45699 582.8995 12 16.04937
41.83452 580.7431 12 16.08273
40.11253 576.9395 12 16.1161
40.01305 574.1631 12 16.14947
39.03153 571.7899 12 16.18283
38.95238 568.9076 12 16.2162
38.70596 566.7074 12 16.24957
38.95914 566.4546 12 16.28293
37.90527 564.9747 12 16.3163
38.53297 563.9968 12 16.34967
38.04821 562.3931 12 16.38303
39.64666 560.3984 12 16.4164
38.93437 558.2781 12 16.44977
37.29706 555.8245 12 16.48313
36.92797 554.238 12 16.5165
35.80882 552.1418 12 16.54987
35.06902 549.3302 12 16.58323
34.61404 546.1116 12 16.6166
34.82169 542.9238 12 16.64997
34.29817 539.1838 12 16.68333
34.04816 535.5978 12 16.7167
33.39358 531.1135 12 16.75007
32.91101 527.0662 12 16.78343
33.61878 522.7557 12 16.8168
33.13466 518.3509 12 16.85017
33.37769 514.2683 12 16.88353
33.58054 509.7286 12 16.9169
32.4135 504.626 12 16.95027
33.16635 499.8168 12 16.98363
32.13424 495.9929 12 17.017
31.2709 493.1678 12 17.05037
32.61487 492.3238 12 17.08373
32.03714 493.3739 12 17.1171
31.61558 494.9246 12 17.15047
31.99876 497.5827 12 17.18383
31.79695 501.2003 12 17.2172
32.34991 505.1124 12 17.25057
31.9877 508.9222 12 17.28393
32.98854 513.3395 12 17.3173
33.82177 518.1725 12 17.35067
33.447 523.9365 12 17.38403
34.25038 529.9477 12 17.4174
35.31325 535.9844 12 17.45077
35.55737 541.8046 12 17.48413
36.66278 546.9439 12 17.5175
36.98598 551.0637 12 17.55087
37.41818 553.3838 12 17.58423
37.65866 555.0476 12 17.6176
37.79255 555.8336 12 17.65097
37.76206 556.1554 12 17.68433
37.90846 556.3371 12 17.7177
37.72844 556.554 12 17.75107
37.76742 557.3116 12 17.78443
37.73676 559.1325 12 17.8178
38.10799 562.0962 12 17.85117
39.20951 565.5448 12 17.88453
39.97187 569.3832 12 17.9179
40.70291 572.8801 12 17.95127
40.87003 575.747 12 17.98463
41.08119 577.3257 12 18.018
41.67216 578.3574 12 18.05137
41.73627 579.5541 12 18.08473
41.34438 581.2085 12 18.1181
42.41551 582.5677 12 18.15147
42.07554 583.975 12 18.18483
42.87631 586.2148 12 18.2182
43.27208 589.3119 12 18.25157
44.40237 593.1594 12 18.28493
45.95446 597.869 12 18.3183
47.84986 603.4473 12 18.35167
48.70543 609.7501 12 18.38503
50.20084 614.2515 12 18.4184
50.85361 616.9731 12 18.45177
51.39676 618.3451 12 18.48513
52.09138 619.7487 12 18.5185
52.42971 621.3571 12 18.55187
53.40342 623.4616 12 18.58523
53.36052 625.8802 12 18.6186
54.85705 628.1343 12 18.65197
55.07081 631.3781 12 18.68533
55.71107 634.0265 12 18.7187
57.25864 636.5833 12 18.75207
57.89936 639.5046 12 18.78543
59.92848 644.361 12 18.8188
62.08533 649.3742 12 18.85217
64.16669 654.0949 12 18.88553
65.99786 657.8251 12 18.9189
67.10234 661.6831 12 18.95227
67.70686 663.5573 12 18.98563
68.44 664.7044 12 19.019
68.91292 664.8401 12 19.05237
67.82768 664.7805 12 19.08573
67.62509 663.6794 12 19.1191
68.29982 660.8164 12 19.15247
67.72202 659.3788 12 19.18583
64.66422 657.7045 12 19.2192
63.76162 655.355 12 19.25257
62.38633 653.569 12 19.28593
62.29192 651.0183 12 19.3193
62.09323 648.5107 12 19.35267
61.13328 646.2477 12 19.38603
60.56261 645.2955 12 19.4194
60.00873 644.8402 12 19.45277
60.28439 645.7694 12 19.48613
61.51595 647.9757 12 19.5195
61.79671 650.6407 12 19.55287
63.36919 654.7758 12 19.58623
62.72387 654.3616 12 19.6196
63.8415 653.0713 12 19.65297
61.2665 650.1387 12 19.68633
60.37114 651.1735 12 19.7197
61.02942 651.4773 12 19.75307
61.56741 653.183 12 19.78643
64.13629 654.1985 12 19.8198
65.70064 657.263 12 19.85317
66.87959 663.008 12 19.88653
69.01873 667.8052 12 19.9199
71.42752 673.1948 12 19.95327
73.85519 679.409 12 19.98663
77.28395 685.1398 12 20.02
80.84727 691.2284 12 20.05337
84.5943 697.6809 12 20.08673
88.11057 703.4857 12 20.1201
91.92774 709.6994 12 20.15347
95.89639 715.5106 12 20.18683
100.1461 721.0149 12 20.2202
104.8521 726.3269 12 20.25357
110.0089 731.5529 12 20.28693
115.5981 736.6345 12 20.3203
121.0259 741.0873 12 20.35367
126.4263 744.8747 12 20.38703
131.8027 748.2004 12 20.4204
138.1935 751.1591 12 20.45377
144.4531 753.7566 12 20.48713
149.4043 752.0702 12 20.5205
153.3169 747.9853 12 20.55387
159.2382 745.7578 12 20.58723
165.8534 744.0155 12 20.6206
172.528 742.4159 12 20.65397
179.1625 740.2149 12 20.68733
185.4436 738.0169 12 20.7207
191.4724 735.8579 12 20.75407
198.286 733.0146 12 20.78743
204.6658 729.132 12 20.8208
210.5072 725.2129 12 20.85417
216.3194 720.9844 12 20.88753
221.8958 716.2516 12 20.9209
226.2445 711.7185 12 20.95427
230.7209 706.2253 12 20.98763
234.9944 700.7553 12 21.021
238.459 694.9685 12 21.05437
242.0562 688.6432 12 21.08773
244.8005 682.1043 12 21.1211
247.1269 675.601 12 21.15447
248.6539 668.5104 12 21.18783
250.2168 660.7488 12 21.2212
251.0013 654.1998 12 21.25457
251.4001 646.7853 12 21.28793
251.6622 639.6079 12 21.3213
251.4293 632.5023 12 21.35467
251.0446 625.0548 12 21.38803
249.8443 617.7127 12 21.4214
249.185 610.9302 12 21.45477
247.4853 603.8444 12 21.48813
245.8507 596.4875 12 21.5215
243.6461 589.2569 12 21.55487
241.4921 582.7138 12 21.58823
238.5835 576.4382 12 21.6216
235.6567 570.0107 12 21.65497
232.58 563.866 12 21.68833
228.6928 558.196 12 21.7217
224.9796 552.1821 12 21.75507
220.593 545.9608 12 21.78843
215.6105 539.9096 12 21.8218
210.7538 534.7214 12 21.85517
205.789 529.3401 12 21.88853
200.886 524.5821 12 21.9219
195.1832 519.637 12 21.95527
189.3135 515.5684 12 21.98863
183.0899 511.3243 12 22.022
176.9394 507.7529 12 22.05537
170.5409 504.3704 12 22.08873
164.4958 501.585 12 22.1221
157.9962 499.1117 12 22.15547
151.4543 496.9646 12 22.18883
144.6287 494.857 12 22.2222
137.5496 493.4895 12 22.25557
130.2096 492.3643 12 22.28893
122.8194 491.7593 12 22.3223
115.5905 491.3579 12 22.35567
108.2498 491.5135 12 22.38903
101.0051 492.0626 12 22.4224
93.23707 492.801 12 22.45577
86.85342 493.3237 12 22.48913
86.90959 491.1616 12 22.5225
86.06161 489.4324 12 22.55587
84.96738 488.0485 12 22.58923
84.55086 486.1518 12 22.6226
84.08342 485.1076 12 22.65597
83.38796 485.9883 12 22.68933
81.47866 488.9023 12 22.7227
79.26646 493.1007 12 22.75607
76.80284 498.1045 12 22.78943
75.07174 503.1909 12 22.8228
75.40008 509.0016 12 22.85617
75.6548 515.6198 12 22.88953
75.61091 522.8804 12 22.9229
75.85576 529.9275 12 22.95627
74.26753 536.3365 12 22.98963
70.40772 542.8948 12 23.023
66.30889 547.6855 12 23.05637
61.84374 551.543 12 23.08973
57.94475 553.562 12 23.1231
52.19268 553.8027 12 23.15647
46.06067 554.0794 12 23.18983
39.49854 552.0604 12 23.2232
35.87431 548.8697 12 23.25657
35.78002 543.9544 12 23.28993
35.41433 532.9595 12 23.3233
35.41433 532.9595 12 23.35667
34.83149 528.0042 12 23.39003
33.94584 520.8024 12 23.4234
33.94584 520.8024 12 23.45677
33.61283 518.3574 12 23.49013
33.01057 518.4781 12 23.5235
33.01057 518.4781 12 23.55687
33.18345 521.4922 12 23.59023
33.91657 528.1803 12 23.6236
33.91657 528.1803 12 23.65697
34.93744 537.1238 12 23.69033
36.35673 541.6737 12 23.7237
36.35673 541.6737 12 23.75707
36.34798 550.7539 12 23.79043
37.31411 554.2844 12 23.8238
37.31411 554.2844 12 23.85717
37.6004 555.4387 12 23.89053
37.84231 555.186 12 23.9239
37.25139 556.1419 12 23.95727
37.3449 557.4275 12 23.99063
38.01586 559.0493 12 24.024
38.34769 560.1798 12 24.05737
38.44086 561.8551 12 24.09073
38.66962 564.077 12 24.1241
38.55833 564.9186 12 24.15747
39.51172 566.9623 12 24.19083
39.30306 569.12 12 24.2242
38.7551 569.7264 12 24.25757
38.70948 569.2648 12 24.29093
38.71995 570.1678 12 24.3243
38.73705 570.4928 12 24.35767
39.41944 571.0156 12 24.39103
40.06254 571.1858 12 24.4244
39.84723 573.195 12 24.45777
40.93203 575.5533 12 24.49113
42.12151 577.4037 12 24.5245
42.42564 578.9364 12 24.55787
43.02208 580.6156 12 24.59123
43.13959 581.3039 12 24.6246
44.11894 582.6119 12 24.65797
45.74841 584.6803 12 24.69133
45.2976 585.0805 12 24.7247
47.64969 585.0088 12 24.75807
51.71405 587.6088 12 24.79143
53.75869 586.0222 12 24.8248
57.02077 587.0383 12 24.85817
62.90634 589.7654 12 24.89153
67.83005 591.9542 12 24.9249
71.52344 592.6504 12 24.95827
76.97529 594.6119 12 24.99163
84.23638 596.1382 12 25.025
87.9129 597.049 12 25.05837
92.94547 596.6376 12 25.09173
98.9236 596.9936 12 25.1251
105.5207 596.5748 12 25.15847
112.2267 595.2745 12 25.19183
119.0245 593.9834 12 25.2252
124.7465 592.9384 12 25.25857
129.5557 591.9171 12 25.29193
136.1022 590.6289 12 25.3253
143.1261 588.3922 12 25.35867
148.669 589.5492 12 25.39203
154.039 593.0159 12 25.4254
160.1517 594.8278 12 25.45877
166.3645 598.6203 12 25.49213
174.3325 602.7528 12 25.5255
182.5366 606.1581 12 25.55887
190.2007 607.9783 12 25.59223
197.9784 608.6545 12 25.6256
205.0288 608.6652 12 25.65897
211.8805 608.0984 12 25.69233
218.4492 606.824 12 25.7257
224.844 605.3546 12 25.75907
232.6833 603.0842 12 25.79243
239.1479 601.1415 12 25.8258
246.4975 598.422 12 25.85917
252.9587 595.3135 12 25.89253
259.312 591.7804 12 25.9259
265.1044 588.2344 12 25.95927
270.5319 584.4823 12 25.99263
275.9121 579.901 12 26.026
281.2059 575.3967 12 26.05937
286.5004 570.0602 12 26.09273
287.881 568.902 12 26.1261
289.1433 569.0654 12 26.15947
290.9763 567.5333 12 26.19283
291.3631 567.5393 12 26.2262
293.9553 565.234 12 26.25957
298.8196 562.2202 12 26.29293
303.6345 556.8326 12 26.3263
308.284 551.824 12 26.35967
312.4868 546.9407 12 26.39303
317.1026 541.9605 12 26.4264
321.7657 536.7086 12 26.45977
326.088 531.0009 12 26.49313
330.3504 525.1484 12 26.5265
334.6152 519.4365 12 26.55987
338.8501 513.4356 12 26.59323
342.4348 507.463 12 26.6266
345.4192 501.5862 12 26.65997
348.6326 495.6845 12 26.69333
351.0269 489.6383 12 26.7267
352.7174 482.8903 12 26.76007
353.679 485.5199 12 26.79343
354.9874 484.6851 12 26.8268
357.2156 482.432 12 26.86017
358.0977 481.1676 12 26.89353
359.3944 480.4691 12 26.9269
360.2893 481.3275 12 26.96027
360.6026 482.7309 12 26.99363
359.9458 482.8226 12 27.027
358.8641 483.1104 12 27.06037
356.3715 482.1449 12 27.09373
355.0267 481.6142 12 27.1271
351.8176 478.8074 12 27.16047
346.1509 477.126 12 27.19383
341.081 472.8521 12 27.2272
335.6223 469.0219 12 27.26057
330.2074 465.3698 12 27.29393
324.4326 460.9542 12 27.3273
319.3372 455.9697 12 27.36067
314.7769 450.3297 12 27.39403
309.7869 445.0436 12 27.4274
305.4598 440.064 12 27.46077
299.7918 435.1078 12 27.49413
294.5528 430.5267 12 27.5275
289.5407 426.4528 12 27.56087
283.9957 421.7926 12 27.59423
278.4955 417.832 12 27.6276
272.6315 413.8918 12 27.66097
266.182 409.9393 12 27.69433
260.7475 406.3133 12 27.7277
254.6914 402.3019 12 27.76107
254.3342 397.5518 12 27.79443
255.049 392.2956 12 27.8278
254.5409 387.012 12 27.86117
255.8378 381.2389 12 27.89453
256.3179 374.5109 12 27.9279
255.7195 366.5498 12 27.96127
258.5199 358.9569 12 27.99463
259.8613 351.0563 12 28.028
261.7431 343.747 12 28.06137
263.9682 336.7146 12 28.09473
262.0712 334.3587 12 28.1281
262.8318 331.8393 12 28.16147
261.2364 330.1364 12 28.19483
258.4783 328.2409 12 28.2282
255.0953 325.2286 12 28.26157
250.8143 322.3557 12 28.29493
245.6057 319.485 12 28.3283
242.0507 315.2167 12 28.36167
239.7157 308.9616 12 28.39503
239.8001 303.0524 12 28.4284
233.6874 296.6468 12 28.46177
232.2033 290.5999 12 28.49513
228.4246 283.1451 12 28.5285
228.0144 278.8863 12 28.56187
232.6291 277.5638 12 28.59523
235.971 274.724 12 28.6286
237.9964 269.0734 12 28.66197
243.023 265.4065 12 28.69533
247.248 261.9621 12 28.7287
252.9146 258.0528 12 28.76207
258.1099 253.2017 12 28.79543
262.4851 248.1084 12 28.8288
266.5762 242.7643 12 28.86217
270.8602 236.8165 12 28.89553
275.0141 231.4254 12 28.9289
278.6944 225.372 12 28.96227
282.8169 219.6597 12 28.99563
285.4767 213.2484 12 29.029
288.8464 207.6955 12 29.06237
290.3059 202.1497 12 29.09573
293.0303 195.0478 12 29.1291
294.9265 188.3282 12 29.16247
296.5923 183.2323 12 29.19583
298.3671 179.9707 12 29.2292
299.817 174.9597 12 29.26257
301.3254 169.0872 12 29.29593
301.8147 162.433 12 29.3293
302.2936 156.6701 12 29.36267
301.1241 152.1674 12 29.39603
300.1669 147.2059 12 29.4294
295.655 144.5508 12 29.46277
290.8002 140.5348 12 29.49613
286.0818 136.3641 12 29.5295
280.475 130.9556 12 29.56287
276.2175 127.4893 12 29.59623
271.702 121.2906 12 29.6296
270.0694 117.6235 12 29.66297
265.0423 112.6062 12 29.69633
261.4185 108.3431 12 29.7297
261.6347 109.3858 12 29.76307
261.0323 109.5154 12 29.79643
260.3321 109.479 12 29.8298
259.4094 110.0057 12 29.86317
257.4242 111.3329 12 29.89653
254.1115 112.5651 12 29.9299
249.5377 116.3874 12 29.96327
243.4243 119.5579 12 29.99663
238.1595 122.6397 12 30.03
234.3324 125.9678 12 30.06337
230.2505 127.9404 12 30.09673
226.9828 129.9974 12 30.1301
225.1063 131.8295 12 30.16347
222.0345 133.1189 12 30.19683
220.324 134.3981 12 30.2302
218.0524 135.9692 12 30.26357
216.4756 138.1045 12 30.29693
215.114 140.0103 12 30.3303
216.0913 142.3442 12 30.36367
215.4081 143.785 12 30.39703
215.7452 144.7573 12 30.4304
215.3476 145.6373 12 30.46377
214.258 145.6852 12 30.49713
208.7697 145.7581 12 30.5305
208.4827 146.1812 12 30.56387
204.3187 146.2487 12 30.59723
199.8706 145.9952 12 30.6306
197.9767 147.6692 12 30.66397
193.6443 149.4473 12 30.69733
189.8982 151.5463 12 30.7307
184.9405 153.6654 12 30.76407
182.7829 155.6935 12 30.79743
179.8008 156.1563 12 30.8308
178.6082 156.5215 12 30.86417
177.6794 158.4233 12 30.89753
174.6556 158.5885 12 30.9309
173.0831 160.228 12 30.96427
171.0983 159.9353 12 30.99763
171.0447 161.1532 12 31.031
169.3938 161.4432 12 31.06437
168.2519 162.4584 12 31.09773
166.2618 162.724 12 31.1311
165.8741 164.2838 12 31.16447
164.2325 165.4171 12 31.19783
162.8478 165.6756 12 31.2312
162.1762 165.8563 12 31.26457
161.3257 165.8035 12 31.29793
160.7737 165.6278 12 31.3313
160.0045 166.0765 12 31.36467
159.5291 166.3305 12 31.39803
160.1897 165.6119 12 31.4314
159.1801 166.5547 12 31.46477
159.1173 167.2867 12 31.49813
156.9866 167.1363 12 31.5315
157.7855 167.5924 12 31.56487
157.4659 168.3016 12 31.59823
158.1884 166.2653 12 31.6316
160.5392 165.8617 12 31.66497
161.3149 164.7844 12 31.69833
163.4932 163.2286 12 31.7317
164.1811 162.2729 12 31.76507
164.8552 160.6017 12 31.79843
163.0064 161.731 12 31.8318
162.9867 163.451 12 31.86517
163.5483 165.034 12 31.89853
164.0487 169.8888 12 31.9319
164.0251 171.4826 12 31.96527
165.3386 171.3844 12 31.99863
165.9015 172.1532 12 32.032
166.7996 174.7527 12 32.06537
166.2409 174.4613 12 32.09873
166.6082 174.9383 12 32.1321
167.6919 176.0298 12 32.16547
168.5868 177.0769 12 32.19883
167.0712 177.0354 12 32.2322
167.1619 176.4035 12 32.26557
167.1538 177.8526 12 32.29893
170.687 181.2067 12 32.3323
170.763 181.3879 12 32.36567
170.6454 181.3218 12 32.39903
170.5056 181.944 12 32.4324
170.0068 182.1252 12 32.46577
170.6445 183.0467 12 32.49913
171.0083 185.7653 12 32.5325
172.0866 187.2921 12 32.56587
169.975 186.152 12 32.59923
171.4445 187.6345 12 32.6326
170.9317 186.727 12 32.66597
172.4611 187.9685 12 32.69933
174.4218 188.441 12 32.7327
176.2317 189.9129 12 32.76607
177.682 191.9267 12 32.79943
179.9527 193.908 12 32.8328
185.1032 197.8206 12 32.86617
188.662 202.0081 12 32.89953
192.3553 206.9394 12 32.9329
195.5389 211.7996 12 32.96627
199.2905 216.2145 12 32.99963
203.3333 220.7083 12 33.033
207.4121 224.5338 12 33.06637
212.1406 228.6199 12 33.09973
216.8489 231.9014 12 33.1331
221.8664 236.2881 12 33.16647
226.7563 241.0303 12 33.19983
231.7144 245.1696 12 33.2332
236.7684 249.9451 12 33.26657
242.4869 253.7483 12 33.29993
247.9518 257.5337 12 33.3333
253.914 261.1337 12 33.36667
259.7611 264.2147 12 33.40003
265.6167 266.6141 12 33.4334
272.4784 269.1707 12 33.46677
278.7985 270.2971 12 33.50013
286.589 272.5704 12 33.5335
292.4414 272.0674 12 33.56687
299.9579 272.754 12 33.60023
307.287 272.3473 12 33.6336
313.6396 270.8376 12 33.66697
320.7291 269.7843 12 33.70033
326.0902 266.6998 12 33.7337
332.8162 264.4395 12 33.76707
337.801 260.4249 12 33.80043
343.8453 256.7273 12 33.8338
345.2731 253.5092 12 33.86717
347.8397 249.3256 12 33.90053
349.8268 244.5091 12 33.9339
351.8777 237.7367 12 33.96727
353.5284 230.7146 12 34.00063
354.643 223.8052 12 34.034
354.5843 218.4528 12 34.06737
352.2493 213.4128 12 34.10073
350.8681 207.4976 12 34.1341
349.0806 200.9202 12 34.16747
346.7801 193.8482 12 34.20083
343.8742 187.5829 12 34.2342
341.2076 181.7465 12 34.26757
337.6319 175.7737 12 34.30093
334.1781 169.9036 12 34.3343
329.9202 164.1701 12 34.36767
325.3237 159.2492 12 34.40103
321.1105 154.8144 12 34.4344
315.3258 149.2538 12 34.46777
309.227 145.6458 12 34.50113
304.1571 146.644 12 34.5345
295.8368 147.8506 12 34.56787
289.0843 148.4389 12 34.60123
281.3168 147.2841 12 34.6346
274.1768 146.9435 12 34.66797
267.6181 145.9752 12 34.70133
260.0568 145.73 12 34.7347
253.7919 145.587 12 34.76807
246.3233 145.7837 12 34.80143
240.0077 147.1564 12 34.8348
232.8729 148.2267 12 34.86817
226.8721 150.7175 12 34.90153
220.6767 153.0613 12 34.9349
214.2684 156.3615 12 34.96827
208.5856 159.6211 12 35.00163
207.3337 160.1755 12 35.035
212.1276 163.8662 12 35.06837
216.132 167.3801 12 35.10173
215.7539 171.5236 12 35.1351
214.61 177.2534 12 35.16847
214.3202 183.1183 12 35.20183
214.8647 188.7407 12 35.2352
215.9614 192.3349 12 35.26857
217.0001 195.8812 12 35.30193
218.1749 200.0531 12 35.3353
220.0568 205.0078 12 35.36867
220.6188 209.3987 12 35.40203
219.766 214.6296 12 35.4354
217.6316 219.718 12 35.46877
222.4041 224.3882 12 35.50213
226.4016 231.4047 12 35.5355
227.474 235.281 12 35.56887
231.1513 241.2662 12 35.60223
229.6168 246.94 12 35.6356
231.6953 254.6993 12 35.66897
231.6975 261.274 12 35.70233
231.4994 268.1398 12 35.7357
231.2725 275.2451 12 35.76907
229.6613 280.8115 12 35.80243
228.6507 288.4184 12 35.8358
226.3201 294.6868 12 35.86917
224.8077 302.2971 12 35.90253
222.9112 309.3053 12 35.9359
222.0269 316.3908 12 35.96927
221.1652 323.1359 12 36.00263
220.8379 329.9135 12 36.036
221.3244 337.4093 12 36.06937
221.6975 344.3822 12 36.10273
222.7851 351.4703 12 36.1361
223.9823 358.6235 12 36.16947
225.9495 364.9649 12 36.20283
227.9626 371.4681 12 36.2362
230.9813 377.9589 12 36.26957
233.7901 384.287 12 36.30293
236.9841 390.5695 12 36.3363
240.8425 396.5052 12 36.36967
244.9104 402.0937 12 36.40303
249.6698 407.4863 12 36.4364
254.5838 412.7698 12 36.46977
260.5103 417.3388 12 36.50313
264.0358 422.3311 12 36.5365
269.9507 426.1138 12 36.56987
270.3053 425.6773 12 36.60323
271.9544 425.7641 12 36.6366
274.0706 423.7868 12 36.66997
277.1247 424.3455 12 36.70333
282.5407 424.1697 12 36.7367
282.465 425.0568 12 36.77007
284.677 428.5813 12 36.80343
287.0389 429.7436 12 36.8368
290.4464 432.315 12 36.87017
292.2929 434.3177 12 36.90353
295.1123 438.3014 12 36.9369
297.6875 442.6966 12 36.97027
298.4825 448.6842 12 37.00363
298.5334 455.5089 12 37.037
298.8655 462.3445 12 37.07037
298.5971 470.1326 12 37.10373
299.0313 477.8644 12 37.1371
299.9533 485.2804 12 37.17047
301.0727 492.8498 12 37.20383
301.8453 499.7269 12 37.2372
302.7333 507.4155 12 37.27057
303.7035 514.1909 12 37.30393
305.0535 521.1338 12 37.3373
306.2916 528.2925 12 37.37067
308.3185 535.545 12 37.40403
310.1306 542.0498 12 37.4374
313.7836 548.5207 12 37.47077
315.5034 554.3098 12 37.50413
318.9015 560.497 12 37.5375
323.5386 565.7343 12 37.57087
326.4649 571.2775 12 37.60423
331.8574 576.1988 12 37.6376
335.4017 580.7737 12 37.67097
341.3815 585.5551 12 37.70433
346.0944 589.4587 12 37.7377
351.5275 592.9032 12 37.77107
357.5599 595.8471 12 37.80443
363.0496 598.8029 12 37.8378
369.2425 601.1612 12 37.87117
375.1492 603.4617 12 37.90453
381.7735 605.2497 12 37.9379
387.8223 606.7601 12 37.97127
394.2757 607.8337 12 38.00463
401.4816 608.4813 12 38.038
408.7594 608.7369 12 38.07137
415.9606 608.7865 12 38.10473
422.6502 608.672 12 38.1381
429.8116 608.2654 12 38.17147
436.62 607.1544 12 38.20483
443.3565 605.9924 12 38.2382
449.5712 604.38 12 38.27157
456.6721 602.2846 12 38.30493
463.053 599.8039 12 38.3383
469.2042 597.0294 12 38.37167
475.6239 593.8419 12 38.40503
481.7512 589.7562 12 38.4384
487.6736 586.5562 12 38.47177
492.097 582.3205 12 38.50513
498.232 577.9396 12 38.5385
502.093 573.5655 12 38.57187
506.9943 568.0711 12 38.60523
511.2592 563.1656 12 38.6386
514.9486 557.2322 12 38.67197
518.5437 551.6317 12 38.70533
521.2495 545.2931 12 38.7387
524.0575 539.5329 12 38.77207
525.7478 533.1288 12 38.80543
527.7369 526.5515 12 38.8388
529.174 520.3861 12 38.87217
530.2043 513.4158 12 38.90553
530.4019 507.1814 12 38.9389
530.5058 500.5413 12 38.97227
529.6965 493.7133 12 39.00563
529.3018 487.4599 12 39.039
528.3269 480.7319 12 39.07237
526.9486 474.31 12 39.10573
525.1633 467.4831 12 39.1391
522.9854 461.0073 12 39.17247
520.4637 454.7878 12 39.20583
517.212 448.9001 12 39.2392
514.3896 443.0892 12 39.27257
510.2643 437.0888 12 39.30593
505.9895 431.7573 12 39.3393
501.5495 426.7118 12 39.37267
497.0563 422.6283 12 39.40603
492.0986 417.9762 12 39.4394
486.5152 414.0072 12 39.47277
482.0356 409.7772 12 39.50613
474.7021 406.304 12 39.5395
469.7645 403.3978 12 39.57287
463.1007 400.3224 12 39.60623
457.232 398.0772 12 39.6396
450.7318 395.8303 12 39.67297
444.3184 394.3628 12 39.70633
438.1884 392.6638 12 39.7397
430.9319 391.663 12 39.77307
424.5161 391.2849 12 39.80643
417.4139 391.1507 12 39.8398
411.1045 391.4377 12 39.87317
403.8761 392.0057 12 39.90653
397.7818 394.0477 12 39.9399
391.2173 395.699 12 39.97327
384.8011 397.7047 12 40.00663
378.5836 400.4506 12 40.04
372.4486 403.3834 12 40.07337
367.1792 407.0562 12 40.10673
361.6244 411.078 12 40.1401
356.7254 415.4803 12 40.17347
351.5745 419.4576 12 40.20683
346.7158 424.5463 12 40.2402
342.9496 430.3112 12 40.27357
339.2246 435.8669 12 40.30693
337.0604 442.2148 12 40.3403
337.4046 448.1548 12 40.37367
336.9999 454.2392 12 40.40703
336.4398 461.1292 12 40.4404
337.7302 467.826 12 40.47377
338.581 474.9758 12 40.50713
339.4573 481.8835 12 40.5405
336.1161 489.5949 12 40.57387
333.4727 496.6307 12 40.60723
332.5458 503.4691 12 40.6406
332.5517 510.0451 12 40.67397
332.2795 518.0567 12 40.70733
331.9504 525.8121 12 40.7407
332.5197 533.0151 12 40.77407
331.0415 541.4783 12 40.80743
330.9665 548.4128 12 40.8408
331.8051 555.4698 12 40.87417
333.233 562.7997 12 40.90753
333.8439 570.7692 12 40.9409
335.1738 577.4494 12 40.97427
335.7767 584.9393 12 41.00763
336.7428 592.429 12 41.041
338.3577 598.9856 12 41.07437
340.4442 605.5246 12 41.10773
342.9227 611.6703 12 41.1411
343.5701 619.2322 12 41.17447
344.4545 626.3548 12 41.20783
346.1519 633.2419 12 41.2412
348.5622 639.4828 12 41.27457
351.6592 645.5811 12 41.30793
355.0676 651.1264 12 41.3413
359.0304 656.856 12 41.37467
363.5334 662.3381 12 41.40803
368.3098 667.3356 12 41.4414
374.0567 672.6811 12 41.47477
379.6585 677.7308 12 41.50813
385.373 682.4432 12 41.5415
391.04 686.7086 12 41.57487
396.578 690.5475 12 41.60823
402.5576 693.713 12 41.6416
408.2066 696.6436 12 41.67497
414.26 699.3444 12 41.70833
420.8063 701.6763 12 41.7417
427.2276 703.3511 12 41.77507
434.1076 704.7665 12 41.80843
440.544 705.6932 12 41.8418
447.1297 706.4711 12 41.87517
453.7436 706.8224 12 41.90853
461.2755 706.6738 12 41.9419
467.9093 706.0223 12 41.97527
474.5914 705.1685 12 42.00863
481.5683 704.0682 12 42.042
488.2021 702.1481 12 42.07537
495.0502 700.2224 12 42.10873
501.1861 697.7793 12 42.1421
507.4035 694.9255 12 42.17547
513.1948 691.7088 12 42.20883
519.0454 688.3918 12 42.2422
524.8158 684.1871 12 42.27557
530.4091 679.606 12 42.30893
534.66 675.4176 12 42.3423
538.903 670.297 12 42.37567
542.9746 664.8678 12 42.40903
546.4413 659.1309 12 42.4424
549.4836 653.3344 12 42.47577
552.286 647.2223 12 42.50913
554.3375 641.0276 12 42.5425
556.33 634.9746 12 42.57587
558.0177 628.5834 12 42.60923
559.0131 622.096 12 42.6426
559.9739 615.5065 12 42.67597
560.2734 608.7781 12 42.70933
560.2916 601.8775 12 42.7427
560.1138 594.8178 12 42.77607
559.252 587.859 12 42.80943
558.5141 581.2646 12 42.8428
557.1746 574.6145 12 42.87617
555.0936 568.2709 12 42.90953
552.8062 561.6843 12 42.9429
550.3837 555.3779 12 42.97627
547.2277 549.4353 12 43.00963
543.6624 543.2413 12 43.043
540.1693 538.0235 12 43.07637
535.648 533.1804 12 43.10973
530.6805 528.1436 12 43.1431
525.5999 523.9502 12 43.17647
522.092 519.021 12 43.20983
519.5961 511.3813 12 43.2432
515.0107 504.7222 12 43.27657
510.0581 499.3346 12 43.30993
506.1261 492.9486 12 43.3433
501.3321 486.4702 12 43.37667
496.1633 480.9654 12 43.41003
490.4377 477.0245 12 43.4434
485 475.6386 12 43.47677
478.195 473.9923 12 43.51013
470.2827 471.2823 12 43.5435
463.3378 469.4831 12 43.57687
457.1626 466.9525 12 43.61023
448.3681 466.6079 12 43.6436
440.8992 465.2595 12 43.67697
433.6364 463.428 12 43.71033
426.912 461.0011 12 43.7437
420.3937 458.669 12 43.77707
412.2521 456.7955 12 43.81043
404.2457 455.7611 12 43.8438
397.3395 454.7838 12 43.87717
390.3312 453.482 12 43.91053
383.0084 452.1157 12 43.9439
377.6664 451.165 12 43.97727
377.3708 452.0099 12 44.01063
374.975 451.4896 12 44.044
370.6168 450.8607 12 44.07737
363.8775 450.0946 12 44.11073
359.1995 448.3387 12 44.1441
353.2449 447.247 12 44.17747
346.8271 446.7635 12 44.21083
341.3743 445.3159 12 44.2442
335.0471 445.0528 12 44.27757
326.5458 445.7735 12 44.31093
318.9937 445.2183 12 44.3443
312.5491 445.337 12 44.37767
305.8682 446.6718 12 44.41103
298.9072 448.3067 12 44.4444
292.125 451.6903 12 44.47777
286.126 454.3425 12 44.51113
280.0526 458.7146 12 44.5445
274.2297 462.9874 12 44.57787
269.1744 467.2907 12 44.61123
264.3553 473.5801 12 44.6446
260.6945 479.8608 12 44.67797
258.0235 485.8638 12 44.71133
255.461 492.1164 12 44.7447
253.5096 498.6108 12 44.77807
252.1824 505.264 12 44.81143
250.8655 511.796 12 44.8448
250.9183 518.6407 12 44.87817
251.0353 525.371 12 44.91153
251.4475 532.1703 12 44.9449
252.3737 539.2987 12 44.97827
253.5977 546.1305 12 45.01163
257.2641 551.5427 12 45.045
262.2553 556.7068 12 45.07837
266.3047 562.5128 12 45.11173
269.6049 568.5776 12 45.1451
272.6462 575.1402 12 45.17847
275.6256 581.3809 12 45.21183
278.8833 587.9991 12 45.2452
282.4411 594.1058 12 45.27857
285.7341 600.5221 12 45.31193
289.6448 606.2593 12 45.3453
293.9676 610.0368 12 45.37867
299.307 610.0087 12 45.41203
306.3311 611.3423 12 45.4454
313.7511 610.4367 12 45.47877
321.2873 609.3158 12 45.51213
328.1599 608.8722 12 45.5455
334.9187 609.1802 12 45.57887
342.5286 608.3173 12 45.61223
349.4624 607.275 12 45.6456
356.1399 606.1825 12 45.67897
363.6682 604.6844 12 45.71233
370.3582 602.9495 12 45.7457
376.8572 601.0845 12 45.77907
383.6026 598.4054 12 45.81243
389.6125 595.5425 12 45.8458
395.4438 592.5032 12 45.87917
401.5368 588.6428 12 45.91253
406.9306 584.9528 12 45.9459
412.1024 581.041 12 45.97927
417.0889 576.6767 12 46.01263
422.0299 571.7798 12 46.046
426.3672 566.7627 12 46.07937
431.827 562.3477 12 46.11273
437.4344 557.5122 12 46.1461
445.0296 554.1199 12 46.17947
450.4638 549.6564 12 46.21283
455.452 544.5083 12 46.2462
461.4046 539.6836 12 46.27957
465.6717 533.4785 12 46.31293
471.5631 527.6134 12 46.3463
475.9464 520.736 12 46.37967
477.8049 514.7888 12 46.41303
483.408 507.0818 12 46.4464
484.7965 500.9783 12 46.47977
488.6446 493.3717 12 46.51313
489.562 486.5732 12 46.5465
491.5611 478.9522 12 46.57987
491.8314 471.3621 12 46.61323
490.3948 464.4876 12 46.6466
489.0948 457.5436 12 46.67997
486.3136 451.5102 12 46.71333
483.8589 444.9788 12 46.7467
480.6269 439.0609 12 46.78007
477.3371 433.0342 12 46.81343
473.4728 426.9968 12 46.8468
469.4081 421.7254 12 46.88017
464.1493 415.8359 12 46.91353
459.3443 410.9014 12 46.9469
454.3426 405.6663 12 46.98027
449.1134 401.2702 12 47.01363
444.6868 397.6443 12 47.047
442.8896 394.3324 12 47.08037
438.8063 391.1165 12 47.11373
432.9994 386.8669 12 47.1471
427.6498 383.0214 12 47.18047
421.572 379.336 12 47.21383
415.7255 375.8455 12 47.2472
409.1217 373.0005 12 47.28057
402.8493 370.1484 12 47.31393
396.4923 367.2031 12 47.3473
390.4362 365.5849 12 47.38067
382.7345 363.2253 12 47.41403
376.3446 362.1772 12 47.4474
368.611 361.0762 12 47.48077
361.1368 359.8932 12 47.51413
354.4746 359.8114 12 47.5475
347.1139 359.4996 12 47.58087
340.6978 360.6388 12 47.61423
333.1724 361.4542 12 47.6476
326.3183 363.5157 12 47.68097
318.7144 365.4086 12 47.71433
312.4852 367.5739 12 47.7477
305.9144 370.5707 12 47.78107
299.9144 373.8451 12 47.81443
293.7775 377.53 12 47.8478
288.0133 381.479 12 47.88117
282.4581 385.6863 12 47.91453
277.2347 390.5031 12 47.9479
272.6618 395.3855 12 47.98127
267.9287 400.3863 12 48.01463
263.507 406.1216 12 48.048
259.4522 411.9872 12 48.08137
255.6218 418.2288 12 48.11473
252.1139 424.5952 12 48.1481
248.753 430.8469 12 48.18147
246.3066 437.0756 12 48.21483
243.6733 444.0383 12 48.2482
241.207 451.008 12 48.28157
238.6996 458.0876 12 48.31493
237.8353 465.0766 12 48.3483
236.175 471.2331 12 48.38167
234.0396 478.5698 12 48.41503
235.3189 485.0964 12 48.4484
233.4779 491.9201 12 48.48177
234.866 498.5668 12 48.51513
234.7531 505.1384 12 48.5485
236.5481 511.6214 12 48.58187
238.2521 517.5119 12 48.61523
240.1624 523.9711 12 48.6486
243.5736 530.2139 12 48.68197
246.173 536.56 12 48.71533
249.9349 542.9103 12 48.7487
253.5605 548.3549 12 48.78207
258.0576 554.3857 12 48.81543
262.6319 560.1339 12 48.8488
266.8751 565.4598 12 48.88217
271.7833 570.2334 12 48.91553
276.7365 575.0608 12 48.9489
281.8665 579.2491 12 48.98227
287.6698 582.8948 12 49.01563
293.4759 586.7895 12 49.049
299.295 589.8848 12 49.08237
305.5434 593.0653 12 49.11573
312.1407 596.0009 12 49.1491
318.2636 598.628 12 49.18247
324.8021 600.2813 12 49.21583
331.1908 602.1201 12 49.2492
338.1452 603.3273 12 49.28257
344.3838 604.1255 12 49.31593
350.5392 604.2077 12 49.3493
359.1734 604.4135 12 49.38267
364.1691 603.8799 12 49.41603
371.5073 603.5763 12 49.4494
377.7426 602.0011 12 49.48277
384.6556 600.8647 12 49.51613
391.1825 598.897 12 49.5495
397.6401 596.3153 12 49.58287
404.0344 594.1586 12 49.61623
409.7499 591.2982 12 49.6496
415.5687 588.3125 12 49.68297
420.6368 584.7034 12 49.71633
426.1038 580.9617 12 49.7497
430.6367 577.2912 12 49.78307
435.4284 572.201 12 49.81643
440.2526 567.4474 12 49.8498
443.8474 562.1339 12 49.88317
447.6283 556.9627 12 49.91653
450.9489 551.2303 12 49.9499
454.2321 544.7818 12 49.98327
456.8905 538.7026 12 50.01663
459.8038 532.3345 12 50.05
461.6785 526.0434 12 50.08337
463.4765 519.2581 12 50.11673
464.7624 512.4862 12 50.1501
465.7907 506.4712 12 50.18347
466.1196 499.5695 12 50.21683
465.9418 493.3605 12 50.2502
465.8637 486.9421 12 50.28357
464.7856 480.815 12 50.31693
463.9959 474.485 12 50.3503
461.543 468.587 12 50.38367
459.8924 462.4667 12 50.41703
457.6397 456.6942 12 50.4504
453.9693 450.6212 12 50.48377
451.3082 444.9249 12 50.51713
446.6893 439.9533 12 50.5505
443.6281 434.8141 12 50.58387
438.6503 430.442 12 50.61723
434.3206 425.9352 12 50.6506
428.8125 421.453 12 50.68397
423.6675 417.389 12 50.71733
417.605 413.2054 12 50.7507
412.1636 409.9767 12 50.78407
405.6351 406.5438 12 50.81743
399.4677 403.4397 12 50.8508
393.4788 400.7809 12 50.88417
387.3418 398.3376 12 50.91753
382.9651 396.0683 12 50.9509
376.9782 394.4115 12 50.98427
371.1293 393.7001 12 51.01763
363.7743 393.3991 12 51.051
357.4772 393.6699 12 51.08437
349.9952 394.252 12 51.11773
343.4294 394.3397 12 51.1511
336.8885 395.2933 12 51.18447
329.0815 396.0232 12 51.21783
322.3046 397.5224 12 51.2512
314.9729 398.9948 12 51.28457
309.6067 401.4069 12 51.31793
301.9129 403.5857 12 51.3513
295.6991 406.1781 12 51.38467
290.5817 410.258 12 51.41803
282.4495 413.7011 12 51.4514
278.1424 418.7211 12 51.48477
270.8787 422.8571 12 51.51813
265.8974 427.2725 12 51.5515
260.9126 431.4981 12 51.58487
255.9133 436.2996 12 51.61823
251.7405 442.1221 12 51.6516
246.8815 446.9704 12 51.68497
243.4674 452.8316 12 51.71833
238.9098 458.6229 12 51.7517
236.0065 464.4957 12 51.78507
232.4528 470.3874 12 51.81843
230.0092 476.296 12 51.8518
227.1805 482.7937 12 51.88517
224.6351 488.9307 12 51.91853
222.8679 495.4584 12 51.9519
221.0168 502.1119 12 51.98527
219.9469 509.0151 12 52.01863
218.4996 515.7466 12 52.052
218.1221 522.0981 12 52.08537
218.023 528.8738 12 52.11873
218.4876 535.4323 12 52.1521
219.224 542.6124 12 52.18547
220.6403 549.0954 12 52.21883
221.6144 555.6543 12 52.2522
223.3423 562.7098 12 52.28557
224.972 569.2785 12 52.31893
227.2379 575.9689 12 52.3523
229.8992 582.2589 12 52.38567
233.2183 588.6137 12 52.41903
234.0718 595.8969 12 52.4524
239.85 601.1027 12 52.48577
241.8032 608.2887 12 52.51913
246.4567 613.5604 12 52.5525
249.7779 619.6979 12 52.58587
253.0595 625.3822 12 52.61923
257.4561 630.5931 12 52.6526
261.1349 636.3131 12 52.68597
265.9968 640.8716 12 52.71933
270.141 645.8621 12 52.7527
275.616 650.2128 12 52.78607
280.1025 654.4166 12 52.81943
285.7586 658.4214 12 52.8528
291.0556 661.9934 12 52.88617
297.4146 666.0001 12 52.91953
303.4186 668.8662 12 52.9529
309.4286 672.5519 12 52.98627
316.4859 675.6429 12 53.01963
322.5356 678.582 12 53.053
328.8834 681.5801 12 53.08637
334.7635 683.7505 12 53.11973
341.6655 686.03 12 53.1531
349.4703 687.9569 12 53.18647
356.647 689.605 12 53.21983
363.629 690.9602 12 53.2532
370.0655 692.2065 12 53.28657
376.7409 692.74 12 53.31993
382.994 692.6878 12 53.3533
389.8374 692.7877 12 53.38667
396.9823 691.8322 12 53.42003
402.1486 691.3673 12 53.4534
410.1709 689.017 12 53.48677
415.3703 688.0232 12 53.52013
422.3707 685.7347 12 53.5535
428.1293 683.0259 12 53.58687
434.1653 680.0105 12 53.62023
440.0366 676.4604 12 53.6536
444.97 673.183 12 53.68697
450.267 669.0769 12 53.72033
455.1245 665.2323 12 53.7537
460.4823 661.1135 12 53.78707
465.07 656.1468 12 53.82043
469.9555 651.2354 12 53.8538
473.9078 645.6623 12 53.88717
478.0962 640.5309 12 53.92053
481.4996 634.5088 12 53.9539
484.8356 628.6893 12 53.98727
487.6838 623.1418 12 54.02063
489.8095 617.3502 12 54.054
492.1403 611.286 12 54.08737
493.7682 605.1528 12 54.12073
495.5476 598.6573 12 54.1541
496.2286 591.6257 12 54.18747
496.8498 584.7442 12 54.22083
497.5966 577.7543 12 54.2542
497.3909 570.8186 12 54.28757
497.377 564.4705 12 54.32093
496.3266 557.7762 12 54.3543
495.6615 551.0485 12 54.38767
493.7533 544.6649 12 54.42103
491.7305 538.1896 12 54.4544
489.4075 531.9277 12 54.48777
486.2632 525.7583 12 54.52113
483.5194 520.0949 12 54.5545
480.1263 514.4483 12 54.58787
476.2365 509.1918 12 54.62123
472.3923 503.9862 12 54.6546
468.0637 498.6897 12 54.68797
463.324 493.5825 12 54.72133
458.1243 489.0634 12 54.7547
453.125 485.1606 12 54.78807
447.476 481.199 12 54.82143
441.8435 477.7937 12 54.8548
436.1726 475.0778 12 54.88817
429.3849 472.462 12 54.92153
423.4561 469.9942 12 54.9549
416.8025 468.1509 12 54.98827
410.0296 466.7029 12 55.02163
403.9397 465.5409 12 55.055
397.0995 464.9385 12 55.08837
390.7407 464.9262 12 55.12173
383.7094 465.1212 12 55.1551
377.1542 465.7955 12 55.18847
370.4368 466.4003 12 55.22183
364.1597 467.8661 12 55.2552
361.1586 471.6066 12 55.28857
360.1238 476.6474 12 55.32193
357.8992 482.5016 12 55.3553
354.306 487.7124 12 55.38867
352.9327 493.2755 12 55.42203
349.9678 499.0937 12 55.4554
345.5993 505.5191 12 55.48877
343.8903 511.1979 12 55.52213
340.1476 517.4129 12 55.5555
336.7985 523.2691 12 55.58887
333.1001 529.0259 12 55.62223
330.1135 534.7247 12 55.6556
327.3949 541.0272 12 55.68897
324.365 547.161 12 55.72233
322.4029 553.104 12 55.7557
319.9297 559.3384 12 55.78907
318.514 565.955 12 55.82243
317.1271 573.088 12 55.8558
316.2134 579.8201 12 55.88917
315.1582 586.292 12 55.92253
314.9858 592.9151 12 55.9559
315.1103 599.3735 12 55.98927
315.469 606.1204 12 56.02263
315.9993 612.5611 12 56.056
316.9066 618.9376 12 56.08937
318.4042 625.2391 12 56.12273
320.043 631.3921 12 56.1561
322.3547 637.6426 12 56.18947
325.103 643.3095 12 56.22283
327.9278 649.4067 12 56.2562
331.2353 655.3192 12 56.28957
335.3654 661.1892 12 56.32293
339.1157 666.6185 12 56.3563
343.6832 671.5663 12 56.38967
347.8744 676.0095 12 56.42303
351.854 680.3269 12 56.4564
357.4512 684.4255 12 56.48977
361.9859 688.2897 12 56.52313
367.7987 692.2583 12 56.5565
373.0928 695.973 12 56.58987
378.825 699.1802 12 56.62323
384.9524 702.3813 12 56.6566
391.8646 705.3449 12 56.68997
404.6845 709.9814 12 56.72333
404.6845 709.9814 12 56.7567
411.0111 711.2956 12 56.79007
423.726 713.0643 12 56.82343
423.726 713.0643 12 56.8568
430.6987 713.1663 12 56.89017
443.7055 713.3573 12 56.92353
443.7055 713.3573 12 56.9569
456.821 711.7344 12 56.99027
464.0576 710.1005 12 57.02363
464.0576 710.1005 12 57.057
476.6592 705.1384 12 57.09037
482.8975 702.5681 12 57.12373
482.8975 702.5681 12 57.1571
494.8178 695.8293 12 57.19047
500.4015 691.7117 12 57.22383
500.4015 691.7117 12 57.2572
510.3401 683.7856 12 57.29057
514.9397 679.1946 12 57.32393
519.292 673.9823 12 57.3573
523.6338 668.9045 12 57.39067
527.3641 663.4867 12 57.42403
527.6939 657.305 12 57.4574
527.8945 650.5147 12 57.49077
527.1411 642.8207 12 57.52413
523.579 635.3738 12 57.5575
523.9103 628.7219 12 57.59087
520.6628 621.0889 12 57.62423
518.8892 613.5977 12 57.6576
516.9747 606.7882 12 57.69097
514.9031 600.3615 12 57.72433
512.7354 593.7968 12 57.7577
510.1877 587.7353 12 57.79107
507.6819 581.4144 12 57.82443
504.3962 575.6264 12 57.8578
499.9382 569.7451 12 57.89117
495.4208 564.0966 12 57.92453
491.4425 558.6081 12 57.9579
487.1895 553.3406 12 57.99127
483.3776 548.3199 12 58.02463
478.9321 543.4557 12 58.058
474.5299 538.9042 12 58.09137
469.4898 534.2324 12 58.12473
463.9965 529.998 12 58.1581
458.54 525.5795 12 58.19147
453.1337 521.2256 12 58.22483
447.5181 517.4659 12 58.2582
441.5742 513.8156 12 58.29157
436.254 510.6742 12 58.32493
429.9864 507.8255 12 58.3583
423.8976 504.166 12 58.39167
418.3513 499.6898 12 58.42503
413.0601 496.9177 12 58.4584
407.5884 494.791 12 58.49177
401.1404 491.4893 12 58.52513
394.9221 487.7922 12 58.5585
388.4546 485.5718 12 58.59187
381.9571 483.8433 12 58.62523
375.4856 482.8725 12 58.6586
368.0391 480.6866 12 58.69197
361.6126 479.4265 12 58.72533
354.4669 478.4881 12 58.7587
347.5575 478.2417 12 58.79207
340.5683 477.3982 12 58.82543
333.8655 476.9541 12 58.8588
326.767 476.9323 12 58.89217
318.5563 476.3139 12 58.92553
313.4884 477.9166 12 58.9589
309.3296 481.5119 12 58.99227
303.2303 483.4541 12 59.02563
298.9295 486.4424 12 59.059
293.0074 489.1758 12 59.09237
287.7679 492.3165 12 59.12573
283.6709 496.6867 12 59.1591
279.1458 501.1367 12 59.19247
274.6156 505.5863 12 59.22583
269.8692 509.9852 12 59.2592
264.8875 514.8205 12 59.29257
260.1836 518.6539 12 59.32593
255.2429 522.3583 12 59.3593
250.1625 526.0405 12 59.39267
245.4368 531.0379 12 59.42603
241.9658 536.1242 12 59.4594
237.3378 539.9493 12 59.49277
233.578 544.3745 12 59.52613
229.5668 550.2066 12 59.5595
226.2034 556.1537 12 59.59287
223.4085 562.2254 12 59.62623
220.7368 567.1502 12 59.6596
218.6629 572.9228 12 59.69297
216.8682 579.4015 12 59.72633
215.0969 586.1996 12 59.7597
213.6621 593.5769 12 59.79307
212.844 599.2252 12 59.82643
211.996 605.5245 12 59.8598
211.2356 612.1763 12 59.89317
210.8097 619.0253 12 59.92653
210.0359 626.3027 12 59.9599
210.45 632.5112 12 59.99327
210.9342 638.9141 12 60.02663
211.4652 645.909 12 60.06
212.916 653.3831 12 60.09337
214.3966 659.9896 12 60.12673
216.4062 666.3314 12 60.1601
218.5054 672.6807 12 60.19347
220.9273 678.6783 12 60.22683
223.6588 684.8675 12 60.2602
226.9925 690.6985 12 60.29357
230.178 696.4806 12 60.32693
234.0092 701.8212 12 60.3603
238.2133 707.4204 12 60.39367
242.476 713.0133 12 60.42703
247.4459 718.1982 12 60.4604
252.2691 722.9105 12 60.49377
257.2927 727.5084 12 60.52713
263.3371 725.7752 12 60.5605
271.9442 725.2915 12 60.59387
281.4668 722.7795 12 60.62723
289.2656 721.2747 12 60.6606
294.5474 719.4021 12 60.69397
299.0609 718.4023 12 60.72733
306.1987 715.7725 12 60.7607
312.4561 714.8392 12 60.79407
320.2957 712.9012 12 60.82743
326.6881 711.1108 12 60.8608
333.2419 709.8401 12 60.89417
339.3616 708.6898 12 60.92753
346.5919 706.3392 12 60.9609
353.1589 704.2259 12 60.99427
359.833 701.6458 12 61.02763
366.8524 699.0145 12 61.061
372.9939 695.858 12 61.09437
378.9468 692.3731 12 61.12773
384.132 688.7713 12 61.1611
389.5242 684.1808 12 61.19447
394.2094 680.3055 12 61.22783
398.9879 675.3894 12 61.2612
403.6448 670.4527 12 61.29457
407.7288 665.2008 12 61.32793
411.3346 660.2179 12 61.3613
415.4896 654.1806 12 61.39467
417.4422 648.6028 12 61.42803
420.4581 642.3591 12 61.4614
422.3664 636.2994 12 61.49477
422.5992 629.6091 12 61.52813
424.2019 623.2171 12 61.5615
423.6054 616.3373 12 61.59487
424.85 609.0374 12 61.62823
423.8048 602.6363 12 61.6616
423.741 595.8725 12 61.69497
425.2001 596.5596 12 61.72833
425.3789 593.6806 12 61.7617
425.1686 588.0455 12 61.79507
425.4183 584.392 12 61.82843
425.4203 580.6856 12 61.8618
424.7009 575.0261 12 61.89517
425.4985 570.4235 12 61.92853
424.6441 565.4291 12 61.9619
425.0948 560.6348 12 61.99527
425.5941 556.898 12 62.02863
425.6056 552.6272 12 62.062
427.0521 548.7987 12 62.09537
428.1632 545.2284 12 62.12873
431.0713 540.6375 12 62.1621
432.6727 535.9966 12 62.19547
434.0387 530.371 12 62.22883
434.2784 523.5342 12 62.2622
434.0321 516.4652 12 62.29557
433.5111 509.2815 12 62.32893
433.6272 503.4626 12 62.3623
431.6724 496.6819 12 62.39567
430.6064 490.9735 12 62.42903
428.9179 484.327 12 62.4624
425.9098 478.409 12 62.49577
424.5057 472.1063 12 62.52913
421.0299 465.6581 12 62.5625
418.0306 459.9537 12 62.59587
414.0914 453.8733 12 62.62923
410.6827 448.5567 12 62.6626
406.2619 443.1396 12 62.69597
401.9039 438.2071 12 62.72933
397.2798 433.1294 12 62.7627
391.9992 428.6875 12 62.79607
386.9408 423.8716 12 62.82943
381.6821 418.1755 12 62.8628
376.2105 414.0627 12 62.89617
370.6411 409.0957 12 62.92953
365.0646 405.5169 12 62.9629
359.1452 404.0283 12 62.99627
351.7727 402.7793 12 63.02963
344.5159 401.9144 12 63.063
337.6586 400.9993 12 63.09637
330.5876 399.4252 12 63.12973
323.849 397.9183 12 63.1631
317.2655 397.7725 12 63.19647
310.4914 397.595 12 63.22983
302.997 397.1709 12 63.2632
295.9643 396.7614 12 63.29657
288.3267 395.5622 12 63.32993
281.049 394.5721 12 63.3633
274.1789 394.3341 12 63.39667
267.2291 395.0141 12 63.43003
259.5202 394.9053 12 63.4634
253.4508 396.0577 12 63.49677
245.8952 396.9115 12 63.53013
239.3964 398.6721 12 63.5635
232.0013 399.9802 12 63.59687
225.6033 402.1848 12 63.63023
219.1783 404.9726 12 63.6636
212.6546 407.748 12 63.69697
207.2573 410.518 12 63.73033
201.188 414.0857 12 63.7637
195.5156 417.9841 12 63.79707
189.9219 422.2536 12 63.83043
184.9247 426.83 12 63.8638
179.8113 431.5707 12 63.89717
174.9535 437.0203 12 63.93053
170.6865 442.3155 12 63.9639
167.4432 448.0016 12 63.99727
163.8873 453.7785 12 64.03063
160.8019 459.7436 12 64.064
158.0889 465.8674 12 64.09737
155.5819 472.6943 12 64.13073
153.4674 479.1921 12 64.1641
151.8814 486.0438 12 64.19747
150.3265 493.606 12 64.23083
149.4166 500.323 12 64.2642
148.6301 507.0004 12 64.29757
148.5146 513.583 12 64.33093
150.0704 519.5028 12 64.3643
151.0535 524.4262 12 64.39767
150.6671 528.5827 12 64.43103
150.2035 534.3504 12 64.4644
149.3991 540.0283 12 64.49777
149.6028 545.3988 12 64.53113
149.907 551.4031 12 64.5645
149.816 557.0829 12 64.59787
151.52 563.3437 12 64.63123
152.9867 569.285 12 64.6646
153.8216 575.53 12 64.69797
155.1103 582.2499 12 64.73133
156.6868 589.7532 12 64.7647
159.1177 597.4274 12 64.79807
161.67 602.428 12 64.83143
163.2702 608.4465 12 64.8648
166.0376 613.7788 12 64.89817
165.1841 614.0823 12 64.93153
167.9902 615.0031 12 64.9649
169.6958 615.6063 12 64.99827
171.6253 615.2389 12 65.03163
173.2502 613.5701 12 65.065
174.9237 612.7148 12 65.09837
176.424 612.6507 12 65.13173
180.5122 611.5483 12 65.1651
183.5309 609.9377 12 65.19847
187.8235 608.4097 12 65.23183
192.5786 608.9817 12 65.2652
200.6277 607.6803 12 65.29857
208.4136 608.5251 12 65.33193
214.9248 608.0235 12 65.3653
223.015 607.0188 12 65.39867
230.6275 608.3074 12 65.43203
238.6858 608.2034 12 65.4654
245.7732 608.6602 12 65.49877
250.1419 605.8523 12 65.53213
256.569 604.3932 12 65.5655
263.0925 603.253 12 65.59887
270.0964 600.722 12 65.63223
274.883 598.0044 12 65.6656
280.9067 594.8693 12 65.69897
286.6577 591.9648 12 65.73233
293.1734 588.7584 12 65.7657
299.1657 585.306 12 65.79907
305.5385 582.0302 12 65.83243
307.2149 578.6077 12 65.8658
307.508 575.7447 12 65.89917
309.7419 571.2245 12 65.93253
309.7254 567.2144 12 65.9659
309.2534 561.9413 12 65.99927
309.4289 558.2771 12 66.03263
309.1194 554.2027 12 66.066
308.3522 548.5583 12 66.09937
309.9652 543.8969 12 66.13273
311.0295 539.3482 12 66.1661
313.3678 534.5138 12 66.19947
315.5412 533.8722 12 66.23283
317.5997 532.905 12 66.2662
320.082 530.9708 12 66.29957
322.3542 527.9919 12 66.33293
325.7462 525.1854 12 66.3663
326.8545 522.0109 12 66.39967
329.7285 519.7506 12 66.43303
334.0461 517.9522 12 66.4664
337.9937 514.951 12 66.49977
342.5797 514.4412 12 66.53313
346.7926 512.0459 12 66.5665
351.2942 511.9869 12 66.59987
356.8141 511.3484 12 66.63323
361.3538 510.4993 12 66.6666
366.1502 509.9346 12 66.69997
369.8265 510.626 12 66.73333
374.7928 511.6668 12 66.7667
379.4614 513.2176 12 66.80007
384.3323 515.5301 12 66.83343
388.7482 519.9077 12 66.8668
393.2419 521.7534 12 66.90017
398.628 521.2529 12 66.93353
403.9452 520.5691 12 66.9669
410.8555 520.7487 12 67.00027
417.1643 520.7129 12 67.03363
423.9113 520.204 12 67.067
430.3617 519.708 12 67.10037
437.0882 518.3429 12 67.13373
445.0522 516.4942 12 67.1671
452.1823 515.1832 12 67.20047
459.0955 515.4606 12 67.23383
465.9741 516.0689 12 67.2672
473.0899 516.221 12 67.30057
480.0578 516.4409 12 67.33393
486.4104 515.5523 12 67.3673
492.6375 513.1387 12 67.40067
498.9878 511.5348 12 67.43403
504.8677 509.8688 12 67.4674
511.0477 508.0957 12 67.50077
517.4497 505.9448 12 67.53413
523.3419 503.2373 12 67.5675
529.105 499.8166 12 67.60087
534.2031 495.8584 12 67.63423
538.7964 491.6087 12 67.6676
543.3908 486.4647 12 67.70097
547.7206 480.8845 12 67.73433
551.6097 475.2147 12 67.7677
555.2221 469.492 12 67.80107
559.03 463.6129 12 67.83443
562.2714 457.6938 12 67.8678
564.5385 451.8074 12 67.90117
566.8482 445.5175 12 67.93453
569.1313 439.1521 12 67.9679
570.6317 432.2068 12 68.00127
572.1613 425.4444 12 68.03463
573.1246 418.9806 12 68.068
573.5454 412.6021 12 68.10137
573.0669 405.9947 12 68.13473
572.4576 399.5594 12 68.1681
572.7106 395.0827 12 68.20147
571.6241 392.6766 12 68.23483
568.5533 388.8827 12 68.2682
567.5553 384.7248 12 68.30157
565.5408 382.1649 12 68.33493
562.8553 378.6398 12 68.3683
558.7641 374.5961 12 68.40167
554.0884 370.1313 12 68.43503
549.0021 365.4124 12 68.4684
544.3295 361.0423 12 68.50177
539.2522 356.3299 12 68.53513
533.9902 352.1736 12 68.5685
528.2373 347.9628 12 68.60187
522.2817 343.7654 12 68.63523
516.5361 340.0257 12 68.6686
510.1113 336.6034 12 68.70197
504.1523 333.3336 12 68.73533
498.0058 330.0454 12 68.7687
491.8638 327.0961 12 68.80207
488.1247 323.5421 12 68.83543
485.9046 318.9114 12 68.8688
483.3479 313.761 12 68.90217
481.8556 309.2206 12 68.93553
482.2245 303.8611 12 68.9689
480.3137 298.569 12 69.00227
479.4153 291.5862 12 69.03563
476.6808 283.992 12 69.069
476.5317 276.7962 12 69.10237
475.1642 269.5523 12 69.13573
473.2274 262.8186 12 69.1691
473.6802 256.6475 12 69.20247
472.02 250.2552 12 69.23583
469.7981 244.7804 12 69.2692
468.6253 241.5362 12 69.30257
466.3352 236.8382 12 69.33593
466.1509 233.1107 12 69.3693
467.5518 229.0467 12 69.40267
467.3972 224.4178 12 69.43603
466.0066 223.4206 12 69.4694
466.249 221.9337 12 69.50277
465.8867 218.9502 12 69.53613
465.4173 213.2215 12 69.5695
464.364 207.2401 12 69.60287
463.0262 200.7412 12 69.63623
462.1128 193.5963 12 69.6696
460.8101 186.79 12 69.70297
459.0299 180.1989 12 69.73633
457.3478 178.8233 12 69.7697
454.4324 176.0175 12 69.80307
450.2043 175.6079 12 69.83643
448.2271 177.5873 12 69.8698
448.3153 179.9423 12 69.90317
447.9736 178.6095 12 69.93653
445.9237 176.7532 12 69.9699
441.7383 174.372 12 70.00327
438.7697 171.6489 12 70.03663
436.0138 171.1679 12 70.07
433.4213 171.4576 12 70.10337
429.8286 174.4122 12 70.13673
422.9857 173.7686 12 70.1701
418.905 169.6868 12 70.20347
412.4478 166.5915 12 70.23683
408.0288 164.9407 12 70.2702
399.7372 166.4496 12 70.30357
392.8567 164.8115 12 70.33693
385.5446 161.8871 12 70.3703
379.5953 158.6569 12 70.40367
374.2825 155.121 12 70.43703
369.4394 151.5781 12 70.4704
363.9579 147.9251 12 70.50377
357.964 144.4892 12 70.53713
351.9579 141.1868 12 70.5705
345.858 138.4427 12 70.60387
339.3958 135.962 12 70.63723
335.7625 133.8347 12 70.6706
331.867 132.5442 12 70.70397
325.7631 131.8657 12 70.73733
319.6657 132.2726 12 70.7707
313.0587 133.1846 12 70.80407
306.4248 134.213 12 70.83743
305.2966 138.1306 12 70.8708
304.5646 143.3307 12 70.90417
302.2806 149.9267 12 70.93753
297.8057 156.011 12 70.9709
292.3648 160.8997 12 71.00427
287.0331 165.0261 12 71.03763
281.2266 169.3179 12 71.071
275.4518 173.3201 12 71.10437
269.8451 177.1082 12 71.13773
264.5463 181.4795 12 71.1711
259.6354 185.2676 12 71.20447
254.7469 190.2248 12 71.23783
249.7988 195.2979 12 71.2712
245.6425 200.5711 12 71.30457
241.9501 206.1757 12 71.33793
238.0369 211.863 12 71.3713
234.9396 218.0825 12 71.40467
231.8472 223.8521 12 71.43803
229.0702 229.869 12 71.4714
226.0718 236.384 12 71.50477
223.7165 243.5794 12 71.53813
221.3034 250.1714 12 71.5715
219.3944 257.1784 12 71.60487
217.2047 263.6404 12 71.63823
215.3789 270.9617 12 71.6716
213.5768 278.3307 12 71.70497
211.7467 285.2628 12 71.73833
210.6374 292.2464 12 71.7717
209.1246 298.7442 12 71.80507
208.8292 305.4747 12 71.83843
207.5887 312.3298 12 71.8718
207.5114 319.398 12 71.90517
207.7851 326.4219 12 71.93853
208.0617 333.4427 12 71.9719
209.2776 341.2845 12 72.00527
210.3156 348.7163 12 72.03863
212.3785 355.762 12 72.072
214.3507 362.7881 12 72.10537
216.5528 369.3716 12 72.13873
218.8324 375.9524 12 72.1721
221.3242 381.962 12 72.20547
224.172 388.2237 12 72.23883
227.101 394.5548 12 72.2722
230.967 401.0998 12 72.30557
234.3405 407.2169 12 72.33893
237.967 413.8629 12 72.3723
241.4188 419.7074 12 72.40567
245.6604 425.3761 12 72.43903
249.6224 430.4055 12 72.4724
253.8548 435.7914 12 72.50577
258.618 441.1053 12 72.53913
263.1642 445.4641 12 72.5725
267.9676 449.9781 12 72.60587
273.0758 453.6056 12 72.63923
278.9574 457.5926 12 72.6726
284.5768 461.0424 12 72.70597
290.388 464.2574 12 72.73933
296.809 467.5621 12 72.7727
303.4119 470.2882 12 72.80607
310.3678 473.1206 12 72.83943
316.7747 475.2208 12 72.8728
323.1729 477.1034 12 72.90617
329.1017 478.7336 12 72.93953
336.3311 479.6287 12 72.9729
342.6642 480.3852 12 73.00627
349.0564 480.4772 12 73.03963
355.6441 480.4609 12 73.073
362.5853 479.7048 12 73.10637
362.0489 478.6517 12 73.13973
361.4019 477.1518 12 73.1731
363.1595 474.0603 12 73.20647
362.3682 470.0223 12 73.23983
362.5433 464.9606 12 73.2732
362.0079 458.9834 12 73.30657
363.7216 452.596 12 73.33993
365.6475 445.9908 12 73.3733
368.7359 439.8233 12 73.40667
369.8653 433.1092 12 73.44003
372.0735 426.8286 12 73.4734
372.9751 420.2295 12 73.50677
373.3442 413.8896 12 73.54013
374.4362 407.1224 12 73.5735
373.6681 400.1121 12 73.60687
373.432 393.4161 12 73.64023
372.3672 386.4132 12 73.6736
371.3758 379.95 12 73.70697
369.3009 373.3281 12 73.74033
367.4861 367.1124 12 73.7737
365.5324 359.8153 12 73.80707
363.0185 353.331 12 73.84043
360.3705 346.7484 12 73.8738
357.1938 341.1801 12 73.90717
354.2029 335.2532 12 73.94053
350.6473 328.905 12 73.9739
346.2721 323.0465 12 74.00727
342.5073 318.042 12 74.04063
337.6463 312.7008 12 74.074
332.5699 307.0651 12 74.10737
327.8738 302.4848 12 74.14073
322.5152 297.7562 12 74.1741
317.0693 293.8355 12 74.20747
311.4108 290.0033 12 74.24083
305.907 286.9692 12 74.2742
300.018 283.4985 12 74.30757
293.1925 280.6396 12 74.34093
287.2784 278.582 12 74.3743
280.4753 276.8944 12 74.40767
274.7013 275.8275 12 74.44103
267.6421 274.941 12 74.4744
261.1401 274.6503 12 74.50777
254.4579 274.5207 12 74.54113
247.3948 274.8784 12 74.5745
241.465 275.6054 12 74.60787
234.6052 277.1144 12 74.64123
228.5354 278.7143 12 74.6746
221.4475 280.5912 12 74.70797
215.3187 283.0753 12 74.74133
208.9672 286.0685 12 74.7747
203.3938 289.8412 12 74.80807
197.5039 293.4475 12 74.84143
192.3173 297.4851 12 74.8748
187.095 301.677 12 74.90817
182.1895 306.2806 12 74.94153
177.6401 311.1288 12 74.9749
173.5385 316.4129 12 75.00827
169.656 321.8398 12 75.04163
166.0168 327.7583 12 75.075
162.8165 333.4009 12 75.10837
159.8988 340.0428 12 75.14173
157.3995 346.6934 12 75.1751
155.0158 352.8834 12 75.20847
152.274 359.8812 12 75.24183
150.5276 366.2335 12 75.2752
149.0087 372.6112 12 75.30857
147.7842 379.592 12 75.34193
146.3187 386.4162 12 75.3753
145.9215 392.6777 12 75.40867
144.63 399.2178 12 75.44203
147.2115 404.5278 12 75.4754
147.6253 409.6527 12 75.50877
148.6155 415.9773 12 75.54213
149.3966 422.0963 12 75.5755
150.2665 429.2405 12 75.60887
151.8071 435.5023 12 75.64223
152.712 442.0645 12 75.6756
154.5745 448.4299 12 75.70897
155.7808 454.042 12 75.74233
158.4853 460.8681 12 75.7757
160.8589 467.2377 12 75.80907
164.1496 473.5495 12 75.84243
167.0186 479.2443 12 75.8758
170.2438 485.1169 12 75.90917
174.2991 490.6139 12 75.94253
178.1275 495.4442 12 75.9759
182.7616 500.6053 12 76.00927
187.0125 505.4126 12 76.04263
192.0558 509.8881 12 76.076
197.4223 513.9911 12 76.10937
202.188 517.8944 12 76.14273
208.1122 522.1348 12 76.1761
213.3619 526.1959 12 76.20947
219.253 530.1377 12 76.24283
225.5374 533.7188 12 76.2762
231.6914 537.0632 12 76.30957
238.5646 540.7476 12 76.34293
243.7621 543.636 12 76.3763
251.3368 546.0951 12 76.40967
256.2313 548.3258 12 76.44303
263.8081 549.906 12 76.4764
269.5568 551.4385 12 76.50977
276.4182 552.3013 12 76.54313
283.6459 553.2155 12 76.5765
290.2017 553.8386 12 76.60987
297.1554 554.4704 12 76.64323
303.6043 554.4531 12 76.6766
311.1612 553.959 12 76.70997
317.5466 553.5958 12 76.74333
323.8189 552.6096 12 76.7767
330.2728 551.1525 12 76.81007
337.3569 549.8355 12 76.84343
344.2422 547.722 12 76.8768
350.3018 545.636 12 76.91017
356.6865 543.4683 12 76.94353
362.8397 540.7862 12 76.9769
368.642 537.5664 12 77.01027
374.2304 534.1071 12 77.04363
379.3873 530.4812 12 77.077
385.7679 526.1572 12 77.11037
390.7103 521.741 12 77.14373
396.0906 517.3294 12 77.1771
402.1034 513.0489 12 77.21047
407.1581 508.9965 12 77.24383
412.3954 504.3109 12 77.2772
417.033 500.1174 12 77.31057
416.3038 500.4403 12 77.34393
416.5447 498.8889 12 77.3773
416.7346 497.8 12 77.41067
416.8574 496.3363 12 77.44403
416.8731 495.4477 12 77.4774
419.6433 493.3107 12 77.51077
421.7721 489.5977 12 77.54413
426.6101 485.5782 12 77.5775
430.2218 481.1176 12 77.61087
434.9132 475.9379 12 77.64423
438.9426 470.4459 12 77.6776
442.0695 465.597 12 77.71097
447.4278 464.4852 12 77.74433
449.9658 460.3841 12 77.7777
452.7425 456.0467 12 77.81107
451.6693 455.8047 12 77.84443
451.5626 454.9897 12 77.8778
450.3368 454.3141 12 77.91117
447.5454 453.7073 12 77.94453
447.1568 453.4952 12 77.9779
445.8538 453.3644 12 78.01127
446.4304 454.476 12 78.04463
444.0152 454.9929 12 78.078
445.0019 452.5916 12 78.11137
443.8131 449.5517 12 78.14473
443.848 446.1004 12 78.1781
443.646 443.261 12 78.21147
443.0325 439.7299 12 78.24483
441.7776 435.6103 12 78.2782
439.9485 432.1619 12 78.31157
437.4439 427.2619 12 78.34493
433.7883 421.8128 12 78.3783
429.6953 416.3863 12 78.41167
425.347 411.1613 12 78.44503
420.9044 406.3202 12 78.4784
416.5553 401.9298 12 78.51177
411.7115 397.7139 12 78.54513
406.2317 393.4993 12 78.5785
400.8377 389.6102 12 78.61187
395.0935 386.2606 12 78.64523
389.5714 383.1654 12 78.6786
383.2225 380.4995 12 78.71197
377.0471 378.0195 12 78.74533
370.0401 376.163 12 78.7787
363.0696 374.2626 12 78.81207
356.4713 372.8966 12 78.84543
349.2448 372.0796 12 78.8788
342.6818 371.6706 12 78.91217
335.1512 371.7008 12 78.94553
328.2694 371.8275 12 78.9789
321.317 372.1721 12 79.01227
314.3446 372.743 12 79.04563
307.1622 373.6545 12 79.079
299.9436 375.2135 12 79.11237
293.3086 376.6993 12 79.14573
286.0042 378.5643 12 79.1791
279.2427 380.6035 12 79.21247
272.8088 382.8261 12 79.24583
266.1335 385.2014 12 79.2792
259.8553 387.776 12 79.31257
253.0175 390.8182 12 79.34593
246.4917 394.0358 12 79.3793
240.1 396.852 12 79.41267
234.3039 400.2379 12 79.44603
228.4139 403.5735 12 79.4794
222.9028 407.2165 12 79.51277
217.1939 411.3936 12 79.54613
211.2584 415.9299 12 79.5795
205.9217 420.547 12 79.61287
201.1303 425.2295 12 79.64623
196.9801 429.8898 12 79.6796
192.9315 434.815 12 79.71297
188.8325 440.4586 12 79.74633
184.5703 446.1673 12 79.7797
180.9769 451.9293 12 79.81307
177.2873 458.0361 12 79.84643
173.879 464.2008 12 79.8798
170.8216 470.4112 12 79.91317
168.1252 476.7289 12 79.94653
166.0081 483.0972 12 79.9799
164.1372 489.2854 12 80.01327
162.7299 495.7863 12 80.04663
161.6356 502.2097 12 80.08
160.8618 508.7368 12 80.11337
160.7138 515.2528 12 80.14673
160.5298 522.0187 12 80.1801
160.8217 528.2909 12 80.21347
161.1064 534.8991 12 80.24683
161.8498 541.518 12 80.2802
162.8388 547.8485 12 80.31357
164.4537 554.2065 12 80.34693
165.9962 560.691 12 80.3803
168.2409 566.7465 12 80.41367
171.8167 573.1619 12 80.44703
174.9668 579.0484 12 80.4804
177.7847 584.6825 12 80.51377
176.8392 588.3258 12 80.54713
177.8078 591.0085 12 80.5805
179.1551 594.9006 12 80.61387
180.7143 600.332 12 80.64723
182.7784 605.7095 12 80.6806
184.7475 612.9079 12 80.71397
185.995 620.2395 12 80.74733
186.9315 627.1195 12 80.7807
188.0899 633.2622 12 80.81407
189.4137 640.5265 12 80.84743
192.1662 647.9148 12 80.8808
193.7795 654.7198 12 80.91417
195.8066 661.3465 12 80.94753
197.589 668.087 12 80.9809
199.8895 674.3903 12 81.01427
202.2084 680.8609 12 81.04763
204.2341 687.0923 12 81.081
207.3387 693.9869 12 81.11437
210.3263 699.8728 12 81.14773
213.4776 705.4171 12 81.1811
216.3911 710.3411 12 81.21447
220.1956 715.9019 12 81.24783
224.2559 720.9997 12 81.2812
228.5479 726.1052 12 81.31457
232.9 730.9171 12 81.34793
237.4973 735.3309 12 81.3813
242.6226 738.8881 12 81.41467
243.2496 744.2995 12 81.44803
244.9821 750.7954 12 81.4814
