818.8088 512.552 13 0
895.829 355.6328 13 0.03336667
894.0251 350.2089 13 0.06673333
891.8943 347.1994 13 0.1001
889.7099 342.4915 13 0.1334667
888.9504 336.5897 13 0.1668333
887.5045 331.5424 13 0.2002
883.7883 327.5661 13 0.2335667
880.5066 322.6044 13 0.2669333
877.5777 318.033 13 0.3003
874.4987 312.611 13 0.3336667
872.4888 309.2548 13 0.3670333
869.5797 305.5444 13 0.4004
867.3944 301.8162 13 0.4337667
866.9845 295.7859 13 0.4671333
865.6092 291.6296 13 0.5005
865.11 286.4265 13 0.5338667
865.5026 281.3543 13 0.5672333
861.8321 278.8568 13 0.6006
858.1598 276.8798 13 0.6339667
857.4389 273.3951 13 0.6673333
856.8775 271.2192 13 0.7007
854.7205 269.6918 13 0.7340667
853.8822 265.9412 13 0.7674333
850.6323 264.0132 13 0.8008
847.8242 261.7755 13 0.8341667
846.3786 260.032 13 0.8675333
844.65 255.932 13 0.9009
842.7416 252.5799 13 0.9342667
841.3214 250.951 13 0.9676333
841.2426 249.7995 13 1.001
838.6752 245.191 13 1.034367
836.873 241.5828 13 1.067733
832.6869 236.9846 13 1.1011
829.9581 233.2654 13 1.134467
828.4991 230.5663 13 1.167833
825.8753 228.4108 13 1.2012
824.141 224.4888 13 1.234567
822.3066 222.6131 13 1.267933
819.1279 218.793 13 1.3013
814.924 215.6522 13 1.334667
812.6512 212.8058 13 1.368033
812.297 208.3473 13 1.4014
810.3257 204.9903 13 1.434767
806.5278 203.3829 13 1.468133
804.3959 201.5072 13 1.5015
801.5796 197.188 13 1.534867
798.0764 195.0283 13 1.568233
795.1486 193.0415 13 1.6016
793.8152 192.0039 13 1.634967
792.1883 192.0997 13 1.668333
790.7362 193.6104 13 1.7017
790.7459 194.8048 13 1.735067
787.9646 196.4125 13 1.768433
787.6697 198.2906 13 1.8018
785.6658 201.1078 13 1.835167
784.4657 203.246 13 1.868533
781.4536 203.1465 13 1.9019
779.5332 205.1701 13 1.935267
778.7412 206.6544 13 1.968633
776.7048 209.7636 13 2.002
774.287 215.0883 13 2.035367
772.6239 219.4432 13 2.068733
771.4525 223.8071 13 2.1021
769.2638 228.6211 13 2.135467
769.2543 234.4433 13 2.168833
769.562 239.8993 13 2.2022
769.443 246.1877 13 2.235567
769.2072 252.7642 13 2.268933
770.405 259.5965 13 2.3023
771.4395 265.9393 13 2.335667
772.8424 272.7453 13 2.369033
774.1647 279.7205 13 2.4024
775.8071 285.9258 13 2.435767
776.464 293.5263 13 2.469133
777.2359 301.9394 13 2.5025
777.9105 309.9506 13 2.535867
778.8388 316.6331 13 2.569233
779.2054 323.2022 13 2.6026
779.0101 330.4571 13 2.635967
779.2234 337.6632 13 2.669333
779.2848 345.1918 13 2.7027
778.6411 353.0166 13 2.736067
778.4309 360.303 13 2.769433
777.335 368.1111 13 2.8028
777.8085 375.5937 13 2.836167
777.5706 382.6638 13 2.869533
777.8415 389.4174 13 2.9029
777.1193 396.4591 13 2.936267
776.3339 403.4205 13 2.969633
775.5093 409.6414 13 3.003
774.5972 416.0837 13 3.036367
773.4776 423.032 13 3.069733
772.2657 429.9255 13 3.1031
771.2654 436.4403 13 3.136467
769.7544 443.4254 13 3.169833
768.3827 450.3002 13 3.2032
766.3286 458.2772 13 3.236567
763.6514 466.0966 13 3.269933
762.7959 474.1251 13 3.3033
761.9194 481.2093 13 3.336667
769.063 483.6641 13 3.370033
776.5141 488.0784 13 3.4034
783.7587 493.2209 13 3.436767
788.8471 497.9269 13 3.470133
793.4725 501.8653 13 3.5035
798.5348 505.5619 13 3.536867
804.5572 509.5706 13 3.570233
812.0277 511.8487 13 3.6036
818.8088 512.552 13 3.636967
825.4267 513.4556 13 3.670333
833.0951 512.7523 13 3.7037
840.4711 513.4356 13 3.737067
845.9678 514.7756 13 3.770433
852.3224 516.0977 13 3.8038
856.937 515.7418 13 3.837167
862.9797 514.7533 13 3.870533
867.5197 514.0911 13 3.9039
872.8352 513.532 13 3.937267
875.8251 512.7235 13 3.970633
879.1896 511.1871 13 4.004
881.5565 508.8589 13 4.037367
883.445 504.9572 13 4.070733
886.6865 502.3769 13 4.1041
890.2475 499.6272 13 4.137467
892.8216 496.6774 13 4.170833
895.8681 492.4382 13 4.2042
898.9482 488.5809 13 4.237567
900.3747 484.5625 13 4.270933
902.7442 480.0717 13 4.3043
905.7258 475.823 13 4.337667
906.1955 471.68 13 4.371033
906.9643 468.2325 13 4.4044
904.8599 464.6214 13 4.437767
902.9003 460.415 13 4.471133
902.2934 457.8188 13 4.5045
901.4916 455.154 13 4.537867
900.1358 452.6573 13 4.571233
900.3595 449.7109 13 4.6046
901.2183 447.3607 13 4.637967
902.5608 444.9873 13 4.671333
902.845 442.3084 13 4.7047
901.8918 439.8339 13 4.738067
901.5248 437.6578 13 4.771433
900.9284 435.2879 13 4.8048
899.357 432.4201 13 4.838167
898.2065 430.5799 13 4.871533
898.0774 427.9214 13 4.9049
898.7702 426.2694 13 4.938267
898.3798 424.4464 13 4.971633
898.8875 422.5529 13 5.005
898.9124 421.3274 13 5.038367
899.7648 419.7588 13 5.071733
901.2233 420.0442 13 5.1051
901.6033 420.4483 13 5.138467
903.2711 420.9429 13 5.171833
903.2058 420.8039 13 5.2052
903.8139 421.5825 13 5.238567
905.0557 422.4802 13 5.271933
906.6285 424.2302 13 5.3053
908.3937 425.4499 13 5.338667
911.1551 427.6127 13 5.372033
914.5924 432.6037 13 5.4054
913.4057 438.6493 13 5.438767
914.5431 445.5585 13 5.472133
916.0263 451.3562 13 5.5055
914.8348 457.1969 13 5.538867
915.0527 463.1156 13 5.572233
916.5729 468.8962 13 5.6056
919.1648 474.4679 13 5.638967
917.2107 479.5866 13 5.672333
916.9712 485.7075 13 5.7057
917.7324 491.439 13 5.739067
918.5404 498.5255 13 5.772433
919.7822 505.3706 13 5.8058
918.5823 511.0687 13 5.839167
917.9486 517.2707 13 5.872533
915.9146 524.5829 13 5.9059
915.948 530.6606 13 5.939267
916.4641 531.1551 13 5.972633
916.2163 531.224 13 6.006
915.2688 531.3417 13 6.039367
917.5943 531.3339 13 6.072733
917.6404 531.3913 13 6.1061
916.6283 531.2859 13 6.139467
918.2519 532.9354 13 6.172833
918.3576 537.1968 13 6.2062
919.1135 540.6639 13 6.239567
918.6476 545.9659 13 6.272933
916.2257 551.6379 13 6.3063
913.2002 557.0143 13 6.339667
909.3904 561.9445 13 6.373033
905.013 566.1781 13 6.4064
900.6479 570.1191 13 6.439767
897.2092 573.3646 13 6.473133
893.2869 576.0018 13 6.5065
887.969 578.2545 13 6.539867
882.2831 581.3946 13 6.573233
876.3511 584.3711 13 6.6066
870.2899 586.6693 13 6.639967
863.9956 588.8292 13 6.673333
857.7133 590.9649 13 6.7067
851.0335 591.9403 13 6.740067
844.3269 592.9169 13 6.773433
837.6585 593.5736 13 6.8068
830.5184 593.3076 13 6.840167
823.4469 593.7691 13 6.873533
817.1968 593.8442 13 6.9069
810.988 593.9542 13 6.940267
804.9394 593.188 13 6.973633
799.0842 592.4464 13 7.007
793.3106 592.6581 13 7.040367
787.2787 591.3516 13 7.073733
780.9262 590.7913 13 7.1071
774.9298 589.5924 13 7.140467
769.2704 588.4702 13 7.173833
763.034 587.4293 13 7.2072
756.5333 585.949 13 7.240567
749.844 585.0596 13 7.273933
743.0551 583.5845 13 7.3073
735.746 581.696 13 7.340667
728.7948 580.4957 13 7.374033
722.2941 578.4331 13 7.4074
715.0978 576.1478 13 7.440767
708.8194 573.9597 13 7.474133
702.1575 571.5244 13 7.5075
695.6313 569.0568 13 7.540867
688.6893 567.0938 13 7.574233
681.3597 564.635 13 7.6076
673.8652 561.9376 13 7.640967
666.8059 559.692 13 7.674333
659.9037 557.9411 13 7.7077
652.9422 555.99 13 7.741067
646.2151 554.2144 13 7.774433
639.5374 552.251 13 7.8078
633.635 551.5399 13 7.841167
627.6451 551.0987 13 7.874533
620.5624 549.5179 13 7.9079
613.2085 547.3109 13 7.941267
606.4894 544.0224 13 7.974633
600.5188 540.0898 13 8.008
594.5931 535.2694 13 8.041367
589.496 530.5604 13 8.074733
584.5042 525.6917 13 8.1081
580.0326 519.8607 13 8.141467
575.5957 514.0556 13 8.174833
570.9109 508.3923 13 8.2082
566.111 502.321 13 8.241567
561.8996 495.9492 13 8.274933
557.583 489.746 13 8.3083
553.5024 482.9286 13 8.341667
550.1357 476.2058 13 8.375033
546.7037 469.5053 13 8.4084
543.7726 462.5946 13 8.441767
540.8426 456.2889 13 8.475133
537.9547 449.1755 13 8.5085
535.2748 442.513 13 8.541867
532.6977 436.2694 13 8.575233
529.7706 429.3295 13 8.6086
527.1618 422.5374 13 8.641967
524.5942 415.4784 13 8.675333
524.3322 410.4858 13 8.7087
524.3481 405.6912 13 8.742067
524.8356 401.0955 13 8.775433
525.1841 394.421 13 8.8088
524.9671 386.9696 13 8.842167
523.6393 379.255 13 8.875533
523.3044 371.5744 13 8.9089
522.4025 364.2138 13 8.942267
521.947 356.973 13 8.975633
521.6502 349.6961 13 9.009
521.6619 342.65 13 9.042367
521.7987 335.4538 13 9.075733
522.3752 328.7628 13 9.1091
522.501 321.7938 13 9.142467
522.5483 314.566 13 9.175833
522.943 306.7367 13 9.2092
522.4217 299.0736 13 9.242567
523.2394 291.3876 13 9.275933
522.4397 284.3669 13 9.3093
520.8848 281.8516 13 9.342667
518.3444 278.514 13 9.376033
515.3664 274.8881 13 9.4094
511.279 269.7583 13 9.442767
509.3904 263.9334 13 9.476133
509.0892 261.4729 13 9.5095
510.097 258.8063 13 9.542867
512.4274 256.0737 13 9.576233
514.4826 253.9753 13 9.6096
517.6199 252.6245 13 9.642967
522.0207 249.0453 13 9.676333
525.6455 247.2607 13 9.7097
527.2323 247.5391 13 9.743067
530.7534 245.7175 13 9.776433
534.1253 242.844 13 9.8098
541.2756 239.6349 13 9.843167
545.7777 235.9096 13 9.876533
551.7481 232.434 13 9.9099
555.8531 227.6672 13 9.943267
562.9128 226.0678 13 9.976633
568.6994 225.0517 13 10.01
572.7754 222.8922 13 10.04337
576.9127 218.9891 13 10.07673
581.965 215.8942 13 10.1101
587.0134 211.888 13 10.14347
592.1998 207.6828 13 10.17683
598.2789 203.5207 13 10.2102
604.9169 199.7265 13 10.24357
610.4605 194.9076 13 10.27693
617.8084 191.695 13 10.3103
623.7777 187.1236 13 10.34367
630.5835 182.7458 13 10.37703
637.096 178.8956 13 10.4104
643.8045 175.0378 13 10.44377
650.3791 171.7329 13 10.47713
657.2368 168.8352 13 10.5105
663.6104 166.3766 13 10.54387
670.5436 164.7925 13 10.57723
677.0402 162.5294 13 10.6106
684.6811 161.6121 13 10.64397
692.0057 160.8028 13 10.67733
698.9309 160.1507 13 10.7107
706.0397 160.0856 13 10.74407
712.9626 160.6196 13 10.77743
720.4044 160.7215 13 10.8108
728.0964 161.0767 13 10.84417
735.1468 161.5791 13 10.87753
742.0039 162.0825 13 10.9109
749.1273 162.5323 13 10.94427
756.9163 163.8033 13 10.97763
763.992 164.3163 13 11.011
767.2668 169.6321 13 11.04437
771.3801 174.5429 13 11.07773
776.043 179.142 13 11.1111
781.8889 181.493 13 11.14447
787.6447 185.0745 13 11.17783
789.557 191.2851 13 11.2112
793.2941 194.2993 13 11.24457
798.0588 197.6881 13 11.27793
802.7002 201.0518 13 11.3113
806.0285 206.7445 13 11.34467
810.3517 212.4463 13 11.37803
815.4191 216.1752 13 11.4114
818.022 222.3771 13 11.44477
822.2395 225.2497 13 11.47813
824.6151 231.6634 13 11.5115
829.5233 236.7175 13 11.54487
834.5216 241.0576 13 11.57823
837.5483 246.1653 13 11.6116
840.8346 250.0677 13 11.64497
843.9972 255.9752 13 11.67833
846.9005 261.1272 13 11.7117
847.4976 261.5025 13 11.74507
846.8555 261.6769 13 11.77843
846.453 259.7551 13 11.8118
844.9538 257.6686 13 11.84517
845.5431 256.8704 13 11.87853
845.7327 255.1433 13 11.9119
843.0758 255.5472 13 11.94527
841.6804 255.3786 13 11.97863
841.0059 255.2426 13 12.012
838.8343 255.3459 13 12.04537
836.4922 255.6213 13 12.07873
833.4295 258.0866 13 12.1121
829.2729 260.0589 13 12.14547
825.0754 263.3085 13 12.17883
819.7916 266.9333 13 12.2122
813.5693 270.1835 13 12.24557
808.2193 274.6752 13 12.27893
800.5506 278.6506 13 12.3123
794.407 284.2555 13 12.34567
788.7333 289.3139 13 12.37903
783.0593 294.1771 13 12.4124
776.9875 299.1582 13 12.44577
771.1079 303.3033 13 12.47913
765.0793 307.5003 13 12.5125
758.7409 311.4691 13 12.54587
752.5056 315.4986 13 12.57923
745.4734 319.5323 13 12.6126
738.3236 323.6772 13 12.64597
731.5117 327.6473 13 12.67933
725.1507 331.51 13 12.7127
719.1822 335.1907 13 12.74607
713.2153 338.8502 13 12.77943
707.0824 342.0345 13 12.8128
701.6407 344.5513 13 12.84617
696.2499 347.5247 13 12.87953
690.0186 350.6182 13 12.9129
683.1407 353.7155 13 12.94627
677.1763 357.1557 13 12.97963
671.0707 359.9162 13 13.013
664.4704 363.1509 13 13.04637
658.3945 367.1797 13 13.07973
651.6338 370.2203 13 13.1131
645.5236 373.8176 13 13.14647
639.4155 377.4283 13 13.17983
633.5392 380.9029 13 13.2132
627.9713 384.4883 13 13.24657
622.2875 388.0477 13 13.27993
616.5849 391.6889 13 13.3133
610.4621 395.272 13 13.34667
604.8061 399.1829 13 13.38003
599.1823 403.3542 13 13.4134
593.876 408.5715 13 13.44677
586.7489 412.8017 13 13.48013
581.3149 418.3048 13 13.5135
576.1237 423.7088 13 13.54687
571.2828 428.6772 13 13.58023
566.5542 433.9026 13 13.6136
562.4206 438.8069 13 13.64697
558.05 437.9201 13 13.68033
553.5939 436.9972 13 13.7137
546.9328 434.9573 13 13.74707
540.1144 435.5 13 13.78043
534.1468 437.9752 13 13.8138
534.9065 440.5681 13 13.84717
535.3157 444.3726 13 13.88053
536.0316 451.7917 13 13.9139
537.2905 458.4545 13 13.94727
535.9573 464.261 13 13.98063
536.5112 472.2719 13 14.014
537.0492 479.4893 13 14.04737
537.9813 486.0896 13 14.08073
538.7866 492.3807 13 14.1141
539.4223 498.6557 13 14.14747
541.8878 505.3247 13 14.18083
543.9905 512.7016 13 14.2142
545.4392 518.7082 13 14.24757
547.2472 522.8546 13 14.28093
549.9941 526.1365 13 14.3143
552.1598 528.3992 13 14.34767
553.4488 532.6561 13 14.38103
553.5574 535.3872 13 14.4144
555.3346 538.0113 13 14.44777
558.0584 540.4105 13 14.48113
560.388 544.211 13 14.5145
562.5182 549.3162 13 14.54787
564.0217 553.7258 13 14.58123
566.2264 558.0024 13 14.6146
568.953 562.7127 13 14.64797
572.1909 567.8899 13 14.68133
575.7411 573.5262 13 14.7147
579.0102 579.574 13 14.74807
582.3739 585.4819 13 14.78143
585.8449 592.0117 13 14.8148
588.0633 598.3775 13 14.84817
590.4008 604.5843 13 14.88153
593.8644 610.1255 13 14.9149
595.8682 614.5604 13 14.94827
598.2237 619.3888 13 14.98163
600.6468 625.0392 13 15.015
603.6461 631.1093 13 15.04837
607.1449 636.8731 13 15.08173
610.0042 641.8673 13 15.1151
612.9332 647.1001 13 15.14847
615.207 652.0842 13 15.18183
616.8811 656.6822 13 15.2152
620.5819 662.3485 13 15.24857
623.8001 668.5228 13 15.28193
625.8181 673.6529 13 15.3153
627.6109 678.0309 13 15.34867
630.0716 682.7575 13 15.38203
632.4158 688.4004 13 15.4154
634.5034 694.0492 13 15.44877
635.6314 699.5539 13 15.48213
635.7005 704.3114 13 15.5155
635.5351 709.9956 13 15.54887
637.3254 715.7146 13 15.58223
639.1842 721.0513 13 15.6156
640.721 725.4722 13 15.64897
642.6087 730.6995 13 15.68233
643.5101 734.792 13 15.7157
643.2185 738.5826 13 15.74907
644.2306 742.6974 13 15.78243
643.531 747.785 13 15.8158
644.533 751.219 13 15.84917
643.787 755.048 13 15.88253
643.7797 758.2372 13 15.9159
643.1161 761.9772 13 15.94927
643.776 765.0501 13 15.98263
643.4741 769.0947 13 16.016
643.4655 773.1856 13 16.04937
643.4017 776.6742 13 16.08273
643.0597 781.4393 13 16.1161
642.4454 786.7215 13 16.14947
642.2313 792.1861 13 16.18283
642.3273 796.2509 13 16.2162
641.8329 800.1482 13 16.24957
642.7964 804.6334 13 16.28293
641.9693 809.4859 13 16.3163
642.6832 815.12 13 16.34967
643.3195 821.5839 13 16.38303
643.0425 828.9137 13 16.4164
642.7143 836.6109 13 16.44977
643.0759 844.3794 13 16.48313
642.8419 851.5109 13 16.5165
641.2226 858.1967 13 16.54987
641.192 865.3105 13 16.58323
640.1508 871.6288 13 16.6166
640.3917 878.8762 13 16.64997
639.7709 886.5486 13 16.68333
639.0909 894.7518 13 16.7167
641.8315 901.3008 13 16.75007
640.0678 903.2841 13 16.78343
640.475 903.5904 13 16.8168
639.9687 904.0874 13 16.85017
640.5387 904.4454 13 16.88353
639.8594 905.2406 13 16.9169
640.0063 905.4618 13 16.95027
639.1855 906.6541 13 16.98363
639.8185 908.1587 13 17.017
640.7797 908.1468 13 17.05037
645.282 907.4101 13 17.08373
648.9102 907.6897 13 17.1171
652.2669 907.0932 13 17.15047
654.4283 904.6976 13 17.18383
656.5774 904.4199 13 17.2172
657.6227 904.2016 13 17.25057
658.6539 904.187 13 17.28393
658.698 904.4381 13 17.3173
657.7964 905.1031 13 17.35067
658.0578 903.5014 13 17.38403
661.5814 903.353 13 17.4174
664.3906 901.1865 13 17.45077
665.4974 899.9416 13 17.48413
666.7628 899.0833 13 17.5175
668.7798 898.772 13 17.55087
669.3683 897.9929 13 17.58423
671.112 895.2937 13 17.6176
671.8322 891.3671 13 17.65097
673.449 887.3409 13 17.68433
674.7472 882.2102 13 17.7177
674.0907 877.3795 13 17.75107
673.137 872.6126 13 17.78443
674.1051 867.4644 13 17.8178
673.3036 863.1616 13 17.85117
673.8848 857.7394 13 17.88453
674.9195 851.7667 13 17.9179
677.2991 849.1 13 17.95127
678.3232 844.4046 13 17.98463
679.8577 839.0176 13 18.018
680.6691 833.4581 13 18.05137
682.4295 827.4811 13 18.08473
684.4859 822.073 13 18.1181
688.01 816.9698 13 18.15147
693.2962 812.4718 13 18.18483
698.8741 807.0135 13 18.2182
704.4033 801.894 13 18.25157
710.2106 797.7666 13 18.28493
716.5433 793.2256 13 18.3183
722.5227 788.7336 13 18.35167
728.7556 785.1021 13 18.38503
733.9688 781.904 13 18.4184
740.3636 778.5028 13 18.45177
745.5906 775.1887 13 18.48513
751.4326 771.972 13 18.5185
756.7633 769.0639 13 18.55187
762.1797 766.359 13 18.58523
768.0452 762.7005 13 18.6186
774.7581 758.9068 13 18.65197
779.3214 755.9829 13 18.68533
783.3752 753.0154 13 18.7187
785.6685 751.7938 13 18.75207
787.8545 749.4984 13 18.78543
791.1146 746.4112 13 18.8188
795.7487 742.8852 13 18.85217
801.7431 737.9182 13 18.88553
804.9638 732.9604 13 18.9189
805.7653 728.8301 13 18.95227
806.9427 724.1196 13 18.98563
808.8662 718.6398 13 19.019
810.0194 711.9571 13 19.05237
813.1307 705.4295 13 19.08573
814.355 698.2189 13 19.1191
817.1493 691.2388 13 19.15247
819.0323 684.5916 13 19.18583
821.0588 677.9372 13 19.2192
822.9463 671.5238 13 19.25257
824.8488 665.6704 13 19.28593
826.0509 659.6883 13 19.3193
829.0852 653.1893 13 19.35267
830.8628 646.212 13 19.38603
833.1545 639.7824 13 19.4194
835.36 633.8266 13 19.45277
837.775 627.8747 13 19.48613
840.1364 621.7688 13 19.5195
842.8146 615.6989 13 19.55287
845.9333 609.5115 13 19.58623
849.0043 603.6509 13 19.6196
851.5153 597.698 13 19.65297
851.7949 591.1254 13 19.68633
849.8288 584.9881 13 19.7197
849.6158 578.6013 13 19.75307
850.0471 571.4157 13 19.78643
850.8033 564.8886 13 19.8198
851.2316 558.1671 13 19.85317
851.6736 551.9816 13 19.88653
852.6757 545.7159 13 19.9199
853.6631 539.7238 13 19.95327
854.4269 533.6618 13 19.98663
855.2041 527.6032 13 20.02
855.5433 521.1189 13 20.05337
857.1913 514.577 13 20.08673
858.1673 508.1177 13 20.1201
859.4408 501.4135 13 20.15347
860.9696 495.3683 13 20.18683
862.9486 488.0597 13 20.2202
865.0368 480.5669 13 20.25357
865.8512 473.0379 13 20.28693
864.9247 465.3139 13 20.3203
865.6593 458.2501 13 20.35367
866.9543 451.5807 13 20.38703
867.2307 445.167 13 20.4204
867.7227 438.4445 13 20.45377
869.3124 431.2543 13 20.48713
871.4437 423.4658 13 20.5205
873.5327 415.4777 13 20.55387
874.6308 407.3513 13 20.58723
876.4915 399.771 13 20.6206
877.5278 391.2332 13 20.65397
878.1608 389.2674 13 20.68733
877.4457 386.6361 13 20.7207
874.7254 385.3672 13 20.75407
869.833 385.5126 13 20.78743
863.1481 384.3935 13 20.8208
857.611 382.915 13 20.85417
851.7311 381.3823 13 20.88753
845.994 379.2535 13 20.9209
841.1839 376.522 13 20.95427
835.1922 372.0964 13 20.98763
829.2442 365.9418 13 21.021
823.8153 360.3299 13 21.05437
819.348 354.101 13 21.08773
814.6478 347.6783 13 21.1211
810.2956 340.9303 13 21.15447
806.4176 334.9203 13 21.18783
803.1313 329.166 13 21.2212
799.3648 323.1247 13 21.25457
795.8537 316.7463 13 21.28793
792.9729 315.8784 13 21.3213
790.1519 315.3997 13 21.35467
787.0003 315.7797 13 21.38803
784.7862 315.3047 13 21.4214
779.1675 315.3014 13 21.45477
773.8605 315.2957 13 21.48813
770.8114 314.5017 13 21.5215
765.8241 313.2147 13 21.55487
759.7281 311.6867 13 21.58823
755.1891 307.8881 13 21.6216
750.6201 303.5654 13 21.65497
746.1733 298.3246 13 21.68833
741.0248 294.1916 13 21.7217
736.1854 289.3184 13 21.75507
730.7645 284.3907 13 21.78843
725.2519 279.2517 13 21.8218
719.8881 274.2196 13 21.85517
715.1018 269.1836 13 21.88853
709.9357 263.9658 13 21.9219
704.7493 258.4866 13 21.95527
699.6862 253.6169 13 21.98863
694.9919 249.526 13 22.022
690.0137 244.8831 13 22.05537
684.9044 240.2647 13 22.08873
679.3504 235.8316 13 22.1221
673.1753 231.3378 13 22.15547
667.1761 226.9232 13 22.18883
661.3123 222.1775 13 22.2222
654.6908 217.987 13 22.25557
648.4991 214.2517 13 22.28893
642.4138 210.807 13 22.3223
636.2651 207.153 13 22.35567
629.4972 203.4322 13 22.38903
622.611 199.5297 13 22.4224
615.0112 195.6904 13 22.45577
607.421 191.9864 13 22.48913
600.2387 189.0722 13 22.5225
592.741 185.8006 13 22.55587
585.5799 183.183 13 22.58923
578.2875 180.9294 13 22.6226
570.9612 178.0375 13 22.65597
563.9962 175.9987 13 22.68933
556.7704 173.9983 13 22.7227
549.2165 172.0737 13 22.75607
541.9093 169.9537 13 22.78943
534.6521 167.9446 13 22.8228
526.4149 165.8625 13 22.85617
518.6006 164.0842 13 22.88953
511.268 161.7839 13 22.9229
504.053 159.6044 13 22.95627
496.7347 156.9994 13 22.98963
489.9493 154.6656 13 23.023
483.6931 151.4147 13 23.05637
476.8135 147.4727 13 23.08973
469.4898 143.7508 13 23.1231
463.2836 139.3385 13 23.15647
456.9336 135.1206 13 23.18983
450.9012 130.9109 13 23.2232
444.6805 126.4854 13 23.25657
438.8772 122.2958 13 23.28993
427.4005 112.8865 13 23.3233
427.4005 112.8865 13 23.35667
421.4103 108.2792 13 23.39003
410.7608 100.8232 13 23.4234
410.7608 100.8232 13 23.45677
405.5231 96.80992 13 23.49013
394.9396 88.5339 13 23.5235
394.9396 88.5339 13 23.55687
389.3697 84.37408 13 23.59023
381.9435 75.75963 13 23.6236
381.9435 75.75963 13 23.65697
371.9616 66.44724 13 23.69033
370.173 67.14197 13 23.7237
370.173 67.14197 13 23.75707
364.9088 68.48736 13 23.79043
361.749 69.73584 13 23.8238
361.749 69.73584 13 23.85717
354.2114 72.04951 13 23.89053
350.7386 72.31005 13 23.9239
347.8021 73.03002 13 23.95727
343.8807 76.35803 13 23.99063
339.3837 76.29269 13 24.024
334.7923 77.82736 13 24.05737
329.2604 80.39297 13 24.09073
323.2444 82.41313 13 24.1241
321.4828 83.10368 13 24.15747
319.6378 83.24199 13 24.19083
317.7578 84.72987 13 24.2242
314.5605 84.96896 13 24.25757
310.3723 87.34301 13 24.29093
305.7072 88.56079 13 24.3243
302.3735 90.75171 13 24.35767
296.7417 93.1551 13 24.39103
292.3144 93.45762 13 24.4244
287.9916 96.4871 13 24.45777
281.6215 98.49278 13 24.49113
278.4655 101.3704 13 24.5245
275.7436 102.0921 13 24.55787
272.3733 103.9778 13 24.59123
267.1046 106.9785 13 24.6246
264.8938 108.7152 13 24.65797
261.1617 110.8803 13 24.69133
257.4169 112.5157 13 24.7247
254.6933 113.7775 13 24.75807
251.2655 115.6888 13 24.79143
250.3462 117.6683 13 24.8248
249.2959 117.1324 13 24.85817
249.065 117.7935 13 24.89153
249.2415 117.5825 13 24.9249
250.3585 116.5963 13 24.95827
252.6279 115.6435 13 24.99163
254.7979 114.1471 13 25.025
257.4325 113.3839 13 25.05837
260.7003 109.9862 13 25.09173
263.5736 109.0668 13 25.1251
267.6698 108.0362 13 25.15847
271.4971 104.8383 13 25.19183
275.4583 102.611 13 25.2252
279.1958 101.433 13 25.25857
282.325 99.38884 13 25.29193
286.3163 97.78445 13 25.3253
289.5187 95.62814 13 25.35867
292.3599 94.41544 13 25.39203
297.3297 92.15917 13 25.4254
302.9169 91.5003 13 25.45877
307.1651 88.36831 13 25.49213
314.004 85.64575 13 25.5255
319.5832 83.69044 13 25.55887
325.8484 81.93159 13 25.59223
329.0873 80.27591 13 25.6256
332.8396 79.00233 13 25.65897
336.9529 77.88587 13 25.69233
342.5923 76.23702 13 25.7257
346.9 74.33027 13 25.75907
350.5608 72.77554 13 25.79243
355.9393 71.43684 13 25.8258
360.1374 70.58786 13 25.85917
364.639 69.30591 13 25.89253
370.4774 68.23103 13 25.9259
376.4455 67.11689 13 25.95927
381.4162 65.62882 13 25.99263
385.8331 65.06724 13 26.026
390.5373 63.47163 13 26.05937
396.7617 62.39554 13 26.09273
400.7054 63.1295 13 26.1261
403.8731 62.20507 13 26.15947
405.272 60.24445 13 26.19283
409.6438 60.40467 13 26.2262
411.4091 60.26658 13 26.25957
415.007 59.29634 13 26.29293
417.056 59.03638 13 26.3263
419.4877 59.58471 13 26.35967
421.3408 59.39445 13 26.39303
423.3795 59.22306 13 26.4264
423.9072 58.99891 13 26.45977
424.4963 59.01418 13 26.49313
425.1723 58.87129 13 26.5265
426.8342 58.54355 13 26.55987
426.6385 58.4009 13 26.59323
428.1258 58.51141 13 26.6266
425.967 58.05949 13 26.65997
427.0334 58.30084 13 26.69333
425.7524 58.49184 13 26.7267
423.7681 58.74372 13 26.76007
420.961 59.71247 13 26.79343
417.8441 59.38462 13 26.8268
414.5227 59.85804 13 26.86017
411.2257 60.24014 13 26.89353
407.5942 61.24414 13 26.9269
405.512 62.04865 13 26.96027
402.7638 61.7 13 26.99363
399.2267 61.96461 13 27.027
397.4032 62.40259 13 27.06037
393.9203 62.82878 13 27.09373
393.1516 62.88139 13 27.1271
391.9731 63.99311 13 27.16047
390.5848 63.40012 13 27.19383
391.0948 63.32246 13 27.2272
390.9975 63.62557 13 27.26057
392.9408 63.27404 13 27.29393
392.8881 62.75405 13 27.3273
396.1461 63.03245 13 27.36067
398.3848 61.59752 13 27.39403
402.7862 61.60967 13 27.4274
406.015 60.88322 13 27.46077
410.9145 59.72363 13 27.49413
416.901 59.0602 13 27.5275
421.7756 59.25792 13 27.56087
422.4602 59.04573 13 27.59423
420.5886 59.23601 13 27.6276
416.3756 58.24369 13 27.66097
415.0306 58.66101 13 27.69433
413.0849 59.1075 13 27.7277
409.2654 59.07716 13 27.76107
407.3357 59.27667 13 27.79443
405.5731 60.39075 13 27.8278
402.1696 60.75076 13 27.86117
398.1597 60.76789 13 27.89453
392.2795 62.48615 13 27.9279
388.3018 63.51591 13 27.96127
385.1906 62.84271 13 27.99463
381.28 61.55304 13 28.028
375.6574 63.33464 13 28.06137
369.4351 64.32191 13 28.09473
365.9475 65.61748 13 28.1281
361.9771 65.67123 13 28.16147
360.4213 68.46117 13 28.19483
357.5868 68.77951 13 28.2282
356.0988 68.44305 13 28.26157
356.3518 68.59879 13 28.29493
356.4357 67.03461 13 28.3283
357.9727 69.52341 13 28.36167
361.5813 70.52106 13 28.39503
365.2111 69.85817 13 28.4284
371.5321 69.08313 13 28.46177
378.8537 69.64734 13 28.49513
384.7484 67.73334 13 28.5285
391.7837 65.7269 13 28.56187
397.1009 65.20321 13 28.59523
402.3431 64.99103 13 28.6286
407.8127 63.43565 13 28.66197
415.3897 64.56083 13 28.69533
420.8964 63.54347 13 28.7287
426.8319 65.30542 13 28.76207
432.3058 65.40542 13 28.79543
436.5721 66.13901 13 28.8288
440.8819 66.93144 13 28.86217
445.2022 69.17542 13 28.89553
451.1171 70.1146 13 28.9289
455.7916 73.25995 13 28.96227
461.9848 76.35506 13 28.99563
465.496 80.81558 13 29.029
470.3266 85.48548 13 29.06237
472.6865 92.16628 13 29.09573
477.9718 97.81099 13 29.1291
482.6198 103.9892 13 29.16247
487.7244 109.89 13 29.19583
492.9631 115.7699 13 29.2292
498.0719 121.6562 13 29.26257
503.1791 127.3422 13 29.29593
507.4428 133.4552 13 29.3293
511.7629 138.9486 13 29.36267
515.7527 144.2908 13 29.39603
519.7505 149.9336 13 29.4294
524.1205 155.9696 13 29.46277
528.6789 162.5929 13 29.49613
533.1726 169.2315 13 29.5295
536.7164 174.593 13 29.56287
541.757 181.5464 13 29.59623
545.4696 186.6591 13 29.6296
550.0137 193.2027 13 29.66297
554.3796 198.9464 13 29.69633
557.6836 204.693 13 29.7297
561.8275 211.3474 13 29.76307
565.4341 216.0957 13 29.79643
569.2386 222.0631 13 29.8298
572.3659 227.1732 13 29.86317
576.3704 233.9475 13 29.89653
580.1939 240.6884 13 29.9299
584.4488 246.9088 13 29.96327
589.1908 253.6359 13 29.99663
594.6004 259.3257 13 30.03
599.6292 266.6181 13 30.06337
605.1106 272.8399 13 30.09673
610.2242 278.532 13 30.1301
615.5215 284.3866 13 30.16347
620.6879 289.351 13 30.19683
625.8257 294.8383 13 30.2302
630.8706 299.7338 13 30.26357
635.6883 303.943 13 30.29693
639.8058 308.0166 13 30.3303
643.8717 311.8513 13 30.36367
647.0174 315.5031 13 30.39703
650.9645 319.6183 13 30.4304
655.3707 323.9766 13 30.46377
659.7617 328.5925 13 30.49713
664.4456 333.3413 13 30.5305
669.2164 338.5963 13 30.56387
674.3612 343.4934 13 30.59723
678.3193 348.4378 13 30.6306
683.3712 352.8689 13 30.66397
687.0146 357.3694 13 30.69733
691.2001 361.9781 13 30.7307
695.8912 366.1028 13 30.76407
700.78 371.2641 13 30.79743
705.7959 375.6166 13 30.8308
710.5427 380.0337 13 30.86417
715.7924 384.3811 13 30.89753
721.0137 389.5277 13 30.9309
726.5506 394.9378 13 30.96427
732.4658 399.4634 13 30.99763
738.5517 404.61 13 31.031
743.6278 409.2228 13 31.06437
748.9181 414.628 13 31.09773
753.6698 419.4656 13 31.1311
758.2019 425.1263 13 31.16447
763.0951 430.1983 13 31.19783
767.344 435.9153 13 31.2312
771.8448 441.1986 13 31.26457
776.7167 445.2466 13 31.29793
781.5847 447.1604 13 31.3313
786.1993 451.0382 13 31.36467
789.9038 454.49 13 31.39803
793.2317 454.8933 13 31.4314
796.5246 455.8651 13 31.46477
798.8726 456.9232 13 31.49813
799.9551 459.444 13 31.5315
800.9771 460.8472 13 31.56487
801.1078 464.6329 13 31.59823
804.3089 465.9469 13 31.6316
807.7927 468.6668 13 31.66497
809.5862 471.5916 13 31.69833
807.5573 475.9396 13 31.7317
805.1506 481.5173 13 31.76507
800.8612 485.7685 13 31.79843
795.9318 490.5434 13 31.8318
794.367 493.0848 13 31.86517
795.1367 493.9911 13 31.89853
796.1318 496.5338 13 31.9319
795.838 497.9785 13 31.96527
797.5063 495.8557 13 31.99863
800.747 493.2702 13 32.032
803.4339 492.2429 13 32.06537
804.5196 492.9336 13 32.09873
805.6193 489.4971 13 32.1321
805.5616 488.04 13 32.16547
804.7184 483.2618 13 32.19883
803.1615 478.1285 13 32.2322
802.309 472.7698 13 32.26557
802.3498 467.4159 13 32.29893
804.1353 461.8192 13 32.3323
805.8277 455.2081 13 32.36567
805.0297 448.8218 13 32.39903
805.5042 441.9665 13 32.4324
806.4502 435.3897 13 32.46577
807.3665 428.7133 13 32.49913
808.2686 422.608 13 32.5325
809.9756 416.0521 13 32.56587
813.514 408.1511 13 32.59923
817.2576 401.2259 13 32.6326
820.2406 392.4781 13 32.66597
822.9489 385.1131 13 32.69933
825.118 377.5208 13 32.7327
827.0031 370.5417 13 32.76607
828.1526 364.283 13 32.79943
829.3556 357.7007 13 32.8328
830.3648 351.7371 13 32.86617
831.5304 345.0505 13 32.89953
833.5471 339.5724 13 32.9329
837.1581 333.9998 13 32.96627
840.1491 328.7311 13 32.99963
843.2723 322.617 13 33.033
846.0683 316.7034 13 33.06637
848.6078 311.093 13 33.09973
850.7051 305.2919 13 33.1331
853.0783 299.1776 13 33.16647
856.6408 291.5693 13 33.19983
860.3247 283.4945 13 33.2332
858.1979 278.2348 13 33.26657
857.6537 276.0506 13 33.29993
856.2751 273.6566 13 33.3333
854.1414 271.3894 13 33.36667
852.0761 267.8062 13 33.40003
850.4178 265.5429 13 33.4334
849.9716 265.3673 13 33.46677
848.8267 262.9245 13 33.50013
846.4435 260.9349 13 33.5335
842.8742 254.7011 13 33.56687
841.2912 253.6103 13 33.60023
840.7373 252.4759 13 33.6336
840.2748 251.0983 13 33.66697
840.0868 249.3117 13 33.70033
838.6408 247.4504 13 33.7337
837.8894 248.0761 13 33.76707
838.1606 249.0518 13 33.80043
839.6062 249.768 13 33.8338
840.2526 251.03 13 33.86717
840.7759 253.1955 13 33.90053
842.9604 255.3889 13 33.9339
844.2014 258.612 13 33.96727
846.1493 261.2364 13 34.00063
847.6099 263.3743 13 34.034
848.9188 265.1613 13 34.06737
850.5828 267.5577 13 34.10073
851.188 268.9782 13 34.1341
852.4383 269.9586 13 34.16747
852.4964 270.2114 13 34.20083
851.2865 270.1955 13 34.2342
851.2245 268.9608 13 34.26757
850.6325 266.5717 13 34.30093
847.9031 263.7538 13 34.3343
847.1558 260.1893 13 34.36767
844.1734 257.0077 13 34.40103
841.5028 251.7096 13 34.4344
838.033 246.675 13 34.46777
832.1705 241.6549 13 34.50113
829.2329 235.5311 13 34.5345
824.8368 230.1608 13 34.56787
820.2989 225.0412 13 34.60123
817.7112 220.8807 13 34.6346
815.3556 217.1094 13 34.66797
811.9346 213.6131 13 34.70133
809.227 211.1611 13 34.7347
807.3531 208.895 13 34.76807
806.3583 207.843 13 34.80143
806.252 211.2172 13 34.8348
807.697 212.6241 13 34.86817
811.1179 215.7918 13 34.90153
816.0226 219.8555 13 34.9349
821.5356 224.2305 13 34.96827
827.3628 229.9491 13 35.00163
832.6716 235.9489 13 35.035
837.1555 241.8453 13 35.06837
841.1239 247.461 13 35.10173
845.3261 253.6486 13 35.1351
848.2791 260.3823 13 35.16847
852.2744 267.0584 13 35.20183
856.0743 273.763 13 35.2352
858.9765 280.908 13 35.26857
862.1611 287.6702 13 35.30193
864.4507 293.8063 13 35.3353
866.8426 300.1069 13 35.36867
868.6022 306.2098 13 35.40203
871.0979 312.6083 13 35.4354
872.6052 318.2412 13 35.46877
873.4286 325.4433 13 35.50213
875.3542 333.1444 13 35.5355
877.4874 339.0542 13 35.56887
879.3916 346.9469 13 35.60223
880.9243 354.1717 13 35.6356
882.4556 361.4954 13 35.66897
884.2969 368.4209 13 35.70233
885.7758 375.1606 13 35.7357
887.437 382.5271 13 35.76907
889.1883 388.3972 13 35.80243
891.1202 395.096 13 35.8358
892.8726 400.8858 13 35.86917
895.0673 407.3454 13 35.90253
897.1075 414.2726 13 35.9359
899.0404 420.8521 13 35.96927
900.7783 428.0057 13 36.00263
902.9342 434.0499 13 36.036
904.8688 440.7045 13 36.06937
906.3257 446.7816 13 36.10273
908.481 453.2341 13 36.1361
909.7401 460.0259 13 36.16947
911.5069 466.3014 13 36.20283
912.6294 472.6856 13 36.2362
914.1008 478.7208 13 36.26957
915.1722 485.4055 13 36.30293
915.9776 491.6067 13 36.3363
916.6405 497.9107 13 36.36967
916.3375 504.2587 13 36.40303
916.8098 510.5196 13 36.4364
916.1186 517.042 13 36.46977
915.3689 523.2912 13 36.50313
914.0257 530.27 13 36.5365
913.2223 536.461 13 36.56987
911.6239 542.7452 13 36.60323
909.4159 549.0858 13 36.6366
907.4133 554.6947 13 36.66997
905.0503 561.1615 13 36.70333
902.6061 567.0099 13 36.7367
900.1206 574.1992 13 36.77007
897.1585 580.8188 13 36.80343
894.1862 587.4732 13 36.8368
890.742 593.9721 13 36.87017
886.8878 600.0214 13 36.90353
883.3412 605.5581 13 36.9369
879.1764 610.8381 13 36.97027
875.3776 615.808 13 37.00363
871.8336 621.1035 13 37.037
868.6698 625.5898 13 37.07037
865.6142 630.4686 13 37.10373
862.0436 635.7233 13 37.1371
858.7854 641.1942 13 37.17047
854.8213 646.5457 13 37.20383
851.5294 652.7304 13 37.2372
848.2544 659.6311 13 37.27057
844.0218 666.3792 13 37.30393
840.3411 672.5822 13 37.3373
836.6753 678.6136 13 37.37067
832.9647 684.8817 13 37.40403
829.4559 691.1662 13 37.4374
826.3001 697.5796 13 37.47077
821.2444 699.1078 13 37.50413
816.2344 699.4734 13 37.5375
809.3934 700.1814 13 37.57087
804.0724 702.7441 13 37.60423
797.585 704.6586 13 37.6376
791.8785 708.5622 13 37.67097
786.3769 712.5869 13 37.70433
781.0133 716.8384 13 37.7377
775.1646 720.8452 13 37.77107
769.3594 725.1128 13 37.80443
762.5492 729.2355 13 37.8378
755.835 733.4261 13 37.87117
748.3793 737.9185 13 37.90453
741.2527 741.5193 13 37.9379
734.2392 745.1064 13 37.97127
727.497 747.9942 13 38.00463
720.0426 750.677 13 38.038
712.8368 752.7437 13 38.07137
705.6359 754.8767 13 38.10473
698.589 756.0724 13 38.1381
691.0815 757.5014 13 38.17147
684.1885 758.4713 13 38.20483
676.4013 759.8346 13 38.2382
668.8371 760.833 13 38.27157
661.069 761.6506 13 38.30493
653.191 762.2419 13 38.3383
646.4199 761.0491 13 38.37167
641.4749 758.7283 13 38.40503
635.1603 755.9789 13 38.4384
629.0108 756.05 13 38.47177
620.6303 756.8772 13 38.50513
615.1646 757.2121 13 38.5385
612.0864 760.2496 13 38.57187
606.4917 761.0702 13 38.60523
602.1342 763.7434 13 38.6386
595.56 764.9603 13 38.67197
589.1252 764.273 13 38.70533
584.3073 762.3766 13 38.7387
585.2675 758.4161 13 38.77207
583.1218 754.6646 13 38.80543
583.2599 749.4514 13 38.8388
580.7742 744.3968 13 38.87217
577.7548 737.2729 13 38.90553
573.848 731.8698 13 38.9389
568.803 727.6575 13 38.97227
562.9605 723.1235 13 39.00563
556.8413 719.5434 13 39.039
550.678 714.9006 13 39.07237
544.1263 710.9862 13 39.10573
538.1931 706.7657 13 39.1391
531.6554 703.03 13 39.17247
525.3925 698.6877 13 39.20583
519.1182 694.8816 13 39.2392
513.2142 691.2114 13 39.27257
506.8329 687.116 13 39.30593
500.7919 682.8636 13 39.3393
494.0012 678.894 13 39.37267
487.8607 674.0243 13 39.40603
482.2965 669.2542 13 39.4394
474.9803 665.2667 13 39.47277
469.9141 659.7503 13 39.50613
463.1124 655.4565 13 39.5395
457.5169 650.8493 13 39.57287
452.3419 645.9722 13 39.60623
446.228 641.8364 13 39.6396
441.3434 636.8072 13 39.67297
435.1681 632.3081 13 39.70633
429.9113 627.3745 13 39.7397
423.681 623.5046 13 39.77307
418.4018 618.986 13 39.80643
412.552 614.4927 13 39.8398
407.1723 609.7005 13 39.87317
401.5555 605.0395 13 39.90653
395.2947 600.1793 13 39.9399
389.0789 594.5049 13 39.97327
382.6861 589.9189 13 40.00663
376.8235 585.3788 13 40.04
371.0951 580.4883 13 40.07337
365.1002 576.6433 13 40.10673
359.0595 572.1484 13 40.1401
353.1784 568.1002 13 40.17347
346.9669 564.0512 13 40.20683
341.085 560.6705 13 40.2402
335.5162 557.1148 13 40.27357
329.6684 553.1979 13 40.30693
324.5342 549.2803 13 40.3403
318.6125 545.5444 13 40.37367
312.8941 541.8434 13 40.40703
307.3813 538.4412 13 40.4404
301.3819 534.5462 13 40.47377
295.692 532.7154 13 40.50713
292.3828 535.7973 13 40.5405
287.9644 538.1543 13 40.57387
283.6304 540.4001 13 40.60723
276.1424 543.1563 13 40.6406
267.1888 547.2102 13 40.67397
258.7781 548.7437 13 40.70733
248.8255 552.9788 13 40.7407
239.2257 556.9517 13 40.77407
228.8177 560.1326 13 40.80743
218.3299 562.6067 13 40.8408
208.4981 563.198 13 40.87417
199.1494 563.3251 13 40.90753
190.6513 563.0385 13 40.9409
182.4136 562.3528 13 40.97427
173.6637 561.795 13 41.00763
165.6311 561.1215 13 41.041
157.5829 560.7852 13 41.07437
150.2913 560.4262 13 41.10773
142.6298 560.262 13 41.1411
135.2558 560.0454 13 41.17447
127.0316 559.3423 13 41.20783
118.8045 559.2366 13 41.2412
110.7462 558.9406 13 41.27457
102.8443 558.503 13 41.30793
99.73883 556.5282 13 41.3413
99.20228 553.5314 13 41.37467
99.21904 549.7493 13 41.40803
97.54949 545.2844 13 41.4414
95.24163 541.0824 13 41.47477
94.39136 535.2747 13 41.50813
92.46091 529.3276 13 41.5415
90.71188 523.8407 13 41.57487
88.77742 517.9932 13 41.60823
86.53045 511.9252 13 41.6416
85.10558 504.9911 13 41.67497
83.82586 498.3824 13 41.70833
81.88273 492.1843 13 41.7417
79.95413 485.1065 13 41.77507
78.15193 477.3703 13 41.80843
77.42837 469.11 13 41.8418
76.39146 461.033 13 41.87517
75.93831 453.0331 13 41.90853
76.26928 445.0634 13 41.9419
76.2389 437.0495 13 41.97527
77.45755 429.3699 13 42.00863
78.53847 421.6144 13 42.042
79.62092 413.6866 13 42.07537
82.76846 406.4408 13 42.10873
85.19383 398.8474 13 42.1421
88.07414 391.2982 13 42.17547
91.27147 384.4924 13 42.20883
94.72025 378.0628 13 42.2422
98.38959 371.6417 13 42.27557
102.5801 365.0639 13 42.30893
107.4688 358.8931 13 42.3423
111.7963 352.5394 13 42.37567
116.468 345.8108 13 42.40903
121.8595 339.7837 13 42.4424
126.595 333.9254 13 42.47577
131.9974 328.6174 13 42.50913
136.6148 323.494 13 42.5425
141.8009 318.704 13 42.57587
147.3493 313.6394 13 42.60923
153.1056 308.6996 13 42.6426
158.3529 303.9002 13 42.67597
163.5933 299.273 13 42.70933
169.8727 294.8564 13 42.7427
175.7694 289.5354 13 42.77607
182.9151 284.6887 13 42.80943
189.3598 279.9131 13 42.8428
196.1023 275.076 13 42.87617
202.7169 270.5898 13 42.90953
209.686 265.259 13 42.9429
216.6384 260.3082 13 42.97627
222.981 255.4523 13 43.00963
229.2112 250.8103 13 43.043
235.6161 246.3175 13 43.07637
242.27 242.3488 13 43.10973
248.8709 237.9982 13 43.1431
255.6452 233.7294 13 43.17647
262.823 229.312 13 43.20983
269.5413 224.9468 13 43.2432
272.4229 220.9711 13 43.27657
273.0618 216.7961 13 43.30993
273.2364 211.2887 13 43.3433
272.1554 205.6881 13 43.37667
273.3601 199.3082 13 43.41003
273.3352 192.6464 13 43.4434
273.7493 185.3646 13 43.47677
273.8625 176.8752 13 43.51013
275.7123 168.4676 13 43.5435
277.8314 160.4925 13 43.57687
281.2545 153.262 13 43.61023
284.3065 146.5161 13 43.6436
287.9501 139.4617 13 43.67697
291.5182 132.8982 13 43.71033
295.0413 126.4396 13 43.7437
299.1431 119.8138 13 43.77707
302.6193 113.3163 13 43.81043
306.3437 106.6543 13 43.8438
309.7957 100.1975 13 43.87717
314.1792 94.14047 13 43.91053
317.6694 87.33872 13 43.9439
321.918 81.43105 13 43.97727
328.1027 80.64112 13 44.01063
334.5558 77.938 13 44.044
341.4613 76.10566 13 44.07737
348.3591 74.26665 13 44.11073
355.0862 72.68331 13 44.1441
358.9863 70.70709 13 44.17747
365.5191 69.04979 13 44.21083
371.9688 67.68772 13 44.2442
377.6057 66.51503 13 44.27757
383.2177 64.7456 13 44.31093
389.4064 64.30206 13 44.3443
393.6606 63.1151 13 44.37767
397.3123 62.57223 13 44.41103
400.2483 61.99005 13 44.4444
402.661 61.56736 13 44.47777
398.9305 62.78982 13 44.51113
396.7219 63.2172 13 44.5445
396.0006 62.72651 13 44.57787
393.3837 62.63858 13 44.61123
391.0526 63.20611 13 44.6446
390.546 62.48303 13 44.67797
389.0992 62.13292 13 44.71133
388.4086 62.45919 13 44.7447
386.717 64.47721 13 44.77807
387.3751 65.25656 13 44.81143
389.7798 65.51109 13 44.8448
392.3757 67.50516 13 44.87817
393.9496 68.53079 13 44.91153
394.8566 68.7416 13 44.9449
394.8089 69.32881 13 44.97827
396.8051 69.65318 13 45.01163
398.7727 69.8907 13 45.045
401.1948 70.84903 13 45.07837
403.7615 69.85756 13 45.11173
406.1749 70.14465 13 45.1451
407.5156 70.14614 13 45.17847
410.6627 71.10432 13 45.21183
412.5718 70.32821 13 45.2452
415.5743 71.03067 13 45.27857
418.0011 71.75331 13 45.31193
420.9237 72.77728 13 45.3453
423.3075 73.60338 13 45.37867
426.1543 74.61373 13 45.41203
429.0947 75.63051 13 45.4454
432.7433 77.868 13 45.47877
435.9389 80.46263 13 45.51213
439.6978 83.94165 13 45.5455
441.895 88.61928 13 45.57887
445.3384 94.91696 13 45.61223
448.6427 101.6236 13 45.6456
450.4553 108.8948 13 45.67897
451.6887 115.9887 13 45.71233
452.6323 123.3433 13 45.7457
452.5579 130.2068 13 45.77907
451.9151 137.6201 13 45.81243
450.5623 144.7991 13 45.8458
449.2866 151.6794 13 45.87917
447.6973 158.5873 13 45.91253
446.1537 165.674 13 45.9459
444.1624 172.6483 13 45.97927
442.178 179.8095 13 46.01263
441.1383 187.0698 13 46.046
440.0752 194.22 13 46.07937
439.1697 202.3748 13 46.11273
438.6545 210.9479 13 46.1461
438.0724 220.5947 13 46.17947
437.2989 230.1509 13 46.21283
436.6772 239.3438 13 46.2462
435.5124 247.9219 13 46.27957
434.6334 256.3211 13 46.31293
434.0461 265.3164 13 46.3463
432.9398 272.2292 13 46.37967
430.3814 275.7755 13 46.41303
424.8717 277.5059 13 46.4464
418.732 280.5916 13 46.47977
414.36 282.1063 13 46.51313
410.1374 283.8933 13 46.5465
405.2745 286.9988 13 46.57987
399.2736 290.6489 13 46.61323
395.0437 295.1017 13 46.6466
388.1664 297.7967 13 46.67997
381.8254 302.0154 13 46.71333
376.8997 307.6031 13 46.7467
370.6864 313.0231 13 46.78007
363.1039 318.6364 13 46.81343
355.3767 324.2208 13 46.8468
348.6706 329.8295 13 46.88017
341.5759 334.2411 13 46.91353
335.4396 339.1834 13 46.9469
328.8534 343.7682 13 46.98027
322.453 348.6545 13 47.01363
316.435 353.5555 13 47.047
310.3056 358.2575 13 47.08037
303.9691 363.8953 13 47.11373
297.2625 368.7311 13 47.1471
291.4209 374.5669 13 47.18047
285.5602 379.4357 13 47.21383
279.7783 385.1587 13 47.2472
273.5481 390.4111 13 47.28057
268.5071 395.574 13 47.31393
262.8484 400.2018 13 47.3473
258.9548 405.963 13 47.38067
252.8741 410.777 13 47.41403
247.9587 416.1653 13 47.4474
242.321 421.7659 13 47.48077
236.4895 426.8377 13 47.51413
231.0295 432.1008 13 47.5475
225.263 436.9668 13 47.58087
220.3485 442.8846 13 47.61423
214.308 447.9639 13 47.6476
209.1203 453.2256 13 47.68097
203.2368 458.7842 13 47.71433
198.3021 464.1005 13 47.7477
192.9059 470.0392 13 47.78107
187.5045 474.9986 13 47.81443
182.1815 480.172 13 47.8478
176.1992 485.2983 13 47.88117
170.1474 490.1849 13 47.91453
163.8714 495.134 13 47.9479
158.8654 499.5593 13 47.98127
152.17 504.0938 13 48.01463
146.7843 508.843 13 48.048
140.4027 513.1951 13 48.08137
134.1574 517.3281 13 48.11473
128.5607 521.6596 13 48.1481
121.3752 525.2335 13 48.18147
115.7989 529.3928 13 48.21483
108.7292 533.5824 13 48.2482
101.9172 537.2839 13 48.28157
94.66204 541.0869 13 48.31493
90.96294 544.8399 13 48.3483
89.35195 547.8157 13 48.38167
83.02029 550.5665 13 48.41503
80.30936 551.7686 13 48.4484
72.19605 553.2051 13 48.48177
67.28184 553.9025 13 48.51513
60.36684 553.5979 13 48.5485
54.72125 552.1206 13 48.58187
47.79753 549.3748 13 48.61523
40.72754 545.5318 13 48.6486
35.22627 541.51 13 48.68197
33.51165 536.3503 13 48.71533
35.84715 530.7229 13 48.7487
32.81753 526.5699 13 48.78207
33.78486 521.183 13 48.81543
33.62174 514.7214 13 48.8488
32.2917 509.8639 13 48.88217
32.07107 504.7598 13 48.91553
32.53695 500.6889 13 48.9489
32.00434 498.1056 13 48.98227
31.75811 495.7827 13 49.01563
32.75841 493.6736 13 49.049
31.75641 492.3107 13 49.08237
32.71362 491.4945 13 49.11573
32.32698 489.8769 13 49.1491
31.9372 488.2539 13 49.18247
32.80561 486.6587 13 49.21583
32.52863 485.2155 13 49.2492
33.02158 483.8009 13 49.28257
31.12159 481.9612 13 49.31593
32.84147 479.1227 13 49.3493
33.66059 478.6735 13 49.38267
31.23595 476.1621 13 49.41603
33.88765 474.4919 13 49.4494
33.09998 471.0192 13 49.48277
33.77737 468.8319 13 49.51613
33.37724 465.6795 13 49.5495
33.83595 462.368 13 49.58287
33.90563 459.7648 13 49.61623
33.53882 456.6059 13 49.6496
34.60519 453.4654 13 49.68297
34.55601 450.0834 13 49.71633
34.88679 447.5905 13 49.7497
33.97959 445.3051 13 49.78307
34.55067 443.6102 13 49.81643
35.18452 442.1917 13 49.8498
35.26191 440.3703 13 49.88317
35.52917 440.1526 13 49.91653
35.45763 440.3163 13 49.9499
35.62223 440.7639 13 49.98327
35.36787 440.916 13 50.01663
35.7234 440.7449 13 50.05
35.66603 440.8224 13 50.08337
35.70103 440.9575 13 50.11673
35.86378 441.3093 13 50.1501
35.62132 441.9089 13 50.18347
35.76281 442.7531 13 50.21683
35.29496 443.607 13 50.2502
35.31431 445.6508 13 50.28357
34.65075 446.8039 13 50.31693
35.32571 446.9345 13 50.3503
33.18055 447.3686 13 50.38367
34.48049 447.5146 13 50.41703
34.95932 448.224 13 50.4504
33.98344 448.7752 13 50.48377
34.61096 447.8291 13 50.51713
33.79036 448.1702 13 50.5505
34.3216 447.4569 13 50.58387
33.41611 446.5284 13 50.61723
34.42727 446.2515 13 50.6506
33.29838 445.7946 13 50.68397
33.4683 445.4662 13 50.71733
33.37521 445.2717 13 50.7507
34.43281 445.8996 13 50.78407
34.01306 445.6566 13 50.81743
33.04627 445.5872 13 50.8508
35.36566 444.7095 13 50.88417
34.10497 443.8551 13 50.91753
34.00974 442.3233 13 50.9509
33.1368 442.3795 13 50.98427
33.71771 443.4825 13 51.01763
33.24773 443.1685 13 51.051
34.87582 443.0955 13 51.08437
33.99993 443.0121 13 51.11773
34.37662 442.1398 13 51.1511
35.22227 441.8205 13 51.18447
34.20854 441.8469 13 51.21783
35.11493 441.4622 13 51.2512
34.39165 440.0746 13 51.28457
35.96817 439.2163 13 51.31793
34.30887 437.4 13 51.3513
34.40301 435.8875 13 51.38467
35.33486 435.148 13 51.41803
34.56145 432.1487 13 51.4514
38.38221 428.3325 13 51.48477
37.0342 424.6119 13 51.51813
39.19622 419.5008 13 51.5515
40.44706 416.5797 13 51.58487
40.48026 410.9684 13 51.61823
41.91814 407.8205 13 51.6516
42.55819 402.207 13 51.68497
44.53385 397.9581 13 51.71833
44.11659 393.7367 13 51.7517
45.84012 389.5409 13 51.78507
46.99995 386.5419 13 51.81843
47.51837 382.5545 13 51.8518
48.08465 379.0822 13 51.88517
49.25562 375.3466 13 51.91853
49.36639 371.6559 13 51.9519
50.83188 368.5555 13 51.98527
51.86875 364.7762 13 52.01863
53.50628 360.2374 13 52.052
55.11214 356.4111 13 52.08537
55.51743 352.7181 13 52.11873
58.18493 349.6926 13 52.1521
57.54035 347.5341 13 52.18547
58.90554 345.1751 13 52.21883
59.04286 343.862 13 52.2522
59.29642 343.0245 13 52.28557
59.21248 341.5139 13 52.31893
59.27414 340.4847 13 52.3523
61.92817 338.6317 13 52.38567
61.32193 336.001 13 52.41903
61.65471 334.2295 13 52.4524
64.24191 332.976 13 52.48577
62.60869 331.9148 13 52.51913
64.95041 330.2662 13 52.5525
63.95606 328.9864 13 52.58587
65.05554 327.7947 13 52.61923
64.75105 326.1352 13 52.6526
65.49955 324.5267 13 52.68597
66.78091 321.5779 13 52.71933
68.04344 319.0564 13 52.7527
70.49621 316.081 13 52.78607
70.79423 312.5036 13 52.81943
73.21311 309.5236 13 52.8528
73.66918 307.4738 13 52.88617
73.81987 306.9032 13 52.91953
74.27432 305.0822 13 52.9529
75.78148 303.6427 13 52.98627
76.71626 302.2978 13 53.01963
77.2281 300.6815 13 53.053
77.10864 301.03 13 53.08637
77.16809 300.304 13 53.11973
77.87822 299.9593 13 53.1531
77.9425 298.5874 13 53.18647
79.53227 297.1553 13 53.21983
79.80183 295.4225 13 53.2532
80.03835 295.3811 13 53.28657
80.58003 294.2909 13 53.31993
80.84278 292.4452 13 53.3533
83.41425 291.0544 13 53.38667
82.4892 288.314 13 53.42003
84.47959 288.6671 13 53.4534
83.96834 287.631 13 53.48677
84.58728 286.6369 13 53.52013
86.42421 285.2792 13 53.5535
84.86604 284.8882 13 53.58687
84.94396 285.745 13 53.62023
84.00662 283.9014 13 53.6536
86.19429 284.8884 13 53.68697
86.99121 284.0162 13 53.72033
86.69769 283.0125 13 53.7537
85.96305 282.7404 13 53.78707
87.14535 281.5791 13 53.82043
85.86024 281.9012 13 53.8538
86.03902 282.2816 13 53.88717
85.49933 282.3147 13 53.92053
86.01055 282.0503 13 53.9539
89.01405 284.8164 13 53.98727
91.43748 286.5746 13 54.02063
93.7869 290.5259 13 54.054
97.99085 294.867 13 54.08737
104.282 301.8878 13 54.12073
110.7184 306.2039 13 54.1541
117.0381 309.6989 13 54.18747
124.3484 312.8818 13 54.22083
130.2144 316.0747 13 54.2542
136.2149 318.7911 13 54.28757
142.7074 322.4449 13 54.32093
148.7224 325.7175 13 54.3543
155.0999 329.3406 13 54.38767
160.7001 333.0267 13 54.42103
166.707 336.6983 13 54.4544
172.2468 339.9551 13 54.48777
177.2446 342.7602 13 54.52113
182.4709 345.7343 13 54.5545
187.9873 349.0728 13 54.58787
194.2176 352.5365 13 54.62123
200.4341 356.2323 13 54.6546
206.5259 360.4197 13 54.68797
213.0239 364.6388 13 54.72133
219.0847 367.9638 13 54.7547
226.0305 371.9045 13 54.78807
232.241 375.577 13 54.82143
238.834 380.4508 13 54.8548
246.215 384.7377 13 54.88817
252.1421 388.8508 13 54.92153
258.3301 393.283 13 54.9549
263.7868 397.8139 13 54.98827
269.0162 401.8904 13 55.02163
274.4778 406.662 13 55.055
279.4415 411.2031 13 55.08837
284.7574 416.3474 13 55.12173
289.4833 421.4574 13 55.1551
293.6577 426.2321 13 55.18847
297.425 431.5963 13 55.22183
301.8413 436.8428 13 55.2552
301.9221 440.5086 13 55.28857
301.5496 444.1906 13 55.32193
300.504 448.0765 13 55.3553
299.598 453.5796 13 55.38867
296.6951 460.0324 13 55.42203
294.664 467.2279 13 55.4554
292.6988 473.6836 13 55.48877
290.2418 480.7353 13 55.52213
286.2268 487.9828 13 55.5555
283.0793 494.6613 13 55.58887
279.0184 501.4539 13 55.62223
275.0745 508.9944 13 55.6556
270.6754 515.3851 13 55.68897
265.1845 521.8261 13 55.72233
260.4024 527.5327 13 55.7557
254.8662 533.4845 13 55.78907
250.0056 539.1737 13 55.82243
244.8788 544.2132 13 55.8558
239.7152 549.1816 13 55.88917
234.1508 553.9089 13 55.92253
229.62 558.7114 13 55.9559
224.6091 563.0186 13 55.98927
219.1167 567.4751 13 56.02263
213.6308 571.4573 13 56.056
207.6559 575.5382 13 56.08937
202.0751 579.5621 13 56.12273
195.677 583.5464 13 56.1561
189.5704 587.4062 13 56.18947
184.1966 591.0593 13 56.22283
178.6819 594.6912 13 56.2562
172.903 598.5467 13 56.28957
166.7141 602.8296 13 56.32293
159.8499 606.4891 13 56.3563
153.9974 610.2561 13 56.38967
147.3948 614.1373 13 56.42303
140.9723 617.787 13 56.4564
135.0405 621.682 13 56.48977
127.5488 625.3609 13 56.52313
121.7304 628.8175 13 56.5565
114.5141 632.344 13 56.58987
108.0999 635.1418 13 56.62323
101.0987 637.7529 13 56.6566
94.08293 640.3479 13 56.68997
78.93997 644.4101 13 56.72333
78.93997 644.4101 13 56.7567
71.1997 645.9056 13 56.79007
60.79222 646.7598 13 56.82343
60.79222 646.7598 13 56.8568
60.41268 645.5593 13 56.89017
58.22258 640.4708 13 56.92353
58.22258 640.4708 13 56.9569
55.55329 633.6738 13 56.99027
55.21803 629.6975 13 57.02363
55.21803 629.6975 13 57.057
52.71328 622.0426 13 57.09037
51.04495 618.5918 13 57.12373
51.04495 618.5918 13 57.1571
50.02588 612.2634 13 57.19047
48.74712 610.0115 13 57.22383
48.74712 610.0115 13 57.2572
47.29517 605.3082 13 57.29057
46.67648 603.1967 13 57.32393
46.13704 600.5067 13 57.3573
45.94092 598.6226 13 57.39067
45.02586 596.6826 13 57.42403
43.6307 594.5097 13 57.4574
43.05432 592.1377 13 57.49077
43.35731 589.8064 13 57.52413
42.51324 587.9762 13 57.5575
42.59106 586.199 13 57.59087
41.64158 584.2048 13 57.62423
41.38 582.3101 13 57.6576
41.17396 581.012 13 57.69097
40.61462 579.9356 13 57.72433
41.03314 579.2872 13 57.7577
40.38737 578.7662 13 57.79107
40.73381 579.0111 13 57.82443
40.50931 578.8318 13 57.8578
41.05415 580.1277 13 57.89117
40.45497 580.2308 13 57.92453
40.7166 580.3778 13 57.9579
40.63203 580.201 13 57.99127
40.21267 579.3579 13 58.02463
40.25421 578.9881 13 58.058
40.82973 579.6845 13 58.09137
40.57346 580.7971 13 58.12473
40.61066 581.6223 13 58.1581
41.33494 582.8979 13 58.19147
41.53201 584.7833 13 58.22483
42.21105 587.2023 13 58.2582
42.33955 588.8476 13 58.29157
42.88 589.7723 13 58.32493
42.92804 590.9315 13 58.3583
43.01641 591.2767 13 58.39167
43.27124 591.8308 13 58.42503
42.8579 592.5123 13 58.4584
43.45655 593.2182 13 58.49177
43.97695 594.6186 13 58.52513
43.85157 595.676 13 58.5585
44.49919 597.3222 13 58.59187
44.84205 599.0383 13 58.62523
45.29991 600.7523 13 58.6586
45.51467 601.6159 13 58.69197
45.99075 602.6646 13 58.72533
46.2161 604.3566 13 58.7587
46.4199 605.325 13 58.79207
46.56882 605.9493 13 58.82543
46.64258 606.2734 13 58.8588
46.66104 606.3987 13 58.89217
46.99724 606.6857 13 58.92553
47.03527 607.5449 13 58.9589
47.05191 607.7498 13 58.99227
47.37807 608.7356 13 59.02563
47.7001 610.319 13 59.059
48.45717 612.0916 13 59.09237
48.66811 613.2614 13 59.12573
49.41821 615.0881 13 59.1591
49.67605 616.4172 13 59.19247
50.16628 617.3297 13 59.22583
50.39715 618.3316 13 59.2592
49.99555 617.6497 13 59.29257
49.11559 616.3742 13 59.32593
48.95317 616.034 13 59.3593
49.46941 617.2943 13 59.39267
49.16208 617.79 13 59.42603
48.24693 615.6379 13 59.4594
47.22739 614.2301 13 59.49277
48.08957 613.4987 13 59.52613
48.05902 613.2 13 59.5595
48.47599 613.4409 13 59.59287
46.63272 614.0364 13 59.62623
47.18639 613.4219 13 59.6596
45.67205 613.0772 13 59.69297
47.28199 612.7838 13 59.72633
49.12057 610.8481 13 59.7597
48.56183 610.0193 13 59.79307
51.17142 608.9677 13 59.82643
52.39968 607.8885 13 59.8598
54.39899 606.0178 13 59.89317
52.09653 606.8096 13 59.92653
46.41113 607.9839 13 59.9599
44.36748 607.9562 13 59.99327
44.45329 608.0841 13 60.02663
45.13451 609.3035 13 60.06
46.98842 610.5109 13 60.09337
48.12933 611.5835 13 60.12673
50.53023 611.8466 13 60.1601
54.80262 612.649 13 60.19347
57.87116 612.991 13 60.22683
60.12465 613.9775 13 60.2602
62.75698 613.8622 13 60.29357
65.16559 614.2236 13 60.32693
69.75675 611.2965 13 60.3603
76.74417 608.8518 13 60.39367
82.46027 609.8639 13 60.42703
88.04583 609.8711 13 60.4604
93.78335 608.9459 13 60.49377
99.28486 609.4781 13 60.52713
105.7873 606.8172 13 60.5605
113.6054 605.1411 13 60.59387
118.6666 603.8871 13 60.62723
124.1456 602.3237 13 60.6606
130.3322 600.9325 13 60.69397
137.048 600.0386 13 60.72733
143.3975 600.04 13 60.7607
150.8189 599.0116 13 60.79407
157.1502 598.9009 13 60.82743
162.7463 599.0922 13 60.8608
169.6072 598.8024 13 60.89417
175.8954 599.2008 13 60.92753
182.8039 599.6645 13 60.9609
187.8384 600.0633 13 60.99427
195.1252 599.9761 13 61.02763
202.4918 600.9479 13 61.061
207.7918 601.412 13 61.09437
214.0275 602.4876 13 61.12773
220.7045 603.4328 13 61.1611
227.0484 603.9471 13 61.19447
228.2241 604.6302 13 61.22783
230.8626 604.2362 13 61.2612
232.4929 604.0581 13 61.29457
235.136 604.4246 13 61.32793
239.6373 604.3239 13 61.3613
245.496 602.1152 13 61.39467
246.5752 602.0625 13 61.42803
250.7112 600.4252 13 61.4614
254.5865 600.103 13 61.49477
258.5542 598.4614 13 61.52813
260.498 597.9551 13 61.5615
261.6438 596.1653 13 61.59487
267.0546 593.8084 13 61.62823
271.2067 593.4195 13 61.6616
274.7459 591.9847 13 61.69497
277.7005 590.5068 13 61.72833
284.4526 588.9972 13 61.7617
285.1257 588.6447 13 61.79507
287.5893 588.5042 13 61.82843
288.6948 587.2229 13 61.8618
289.0547 587.6222 13 61.89517
290.7332 587.6824 13 61.92853
291.872 587.5379 13 61.9619
293.6451 587.8705 13 61.99527
293.9106 588.6433 13 62.02863
295.0073 589.4907 13 62.062
297.1241 590.1495 13 62.09537
300.8121 591.4621 13 62.12873
304.4886 593.0382 13 62.1621
308.621 592.3061 13 62.19547
313.7825 590.7159 13 62.22883
318.5062 588.6226 13 62.2622
323.354 587.2331 13 62.29557
328.1063 585.8782 13 62.32893
334.723 585.4087 13 62.3623
339.4328 584.4036 13 62.39567
343.9947 583.9213 13 62.42903
348.3811 583.371 13 62.4624
350.8226 585.0236 13 62.49577
354.6451 585.3822 13 62.52913
358.4163 584.6139 13 62.5625
363.6469 584.2916 13 62.59587
366.5294 582.3202 13 62.62923
369.2166 579.0024 13 62.6626
372.651 575.2925 13 62.69597
376.7855 572.039 13 62.72933
381.31 568.5467 13 62.7627
385.4515 562.0214 13 62.79607
391.0866 558.1032 13 62.82943
395.4245 553.8791 13 62.8628
399.7108 551.5242 13 62.89617
404.1176 548.3663 13 62.92953
408.4943 545.932 13 62.9629
412.2281 541.9054 13 62.99627
415.6354 536.7607 13 63.02963
420.3173 532.628 13 63.063
424.4917 528.8513 13 63.09637
429.4216 526.0414 13 63.12973
434.3248 523.846 13 63.1631
439.3146 520.6972 13 63.19647
443.2689 517.3266 13 63.22983
447.6979 514.8304 13 63.2632
452.9797 512.9024 13 63.29657
458.0806 510.4583 13 63.32993
462.6281 507.7459 13 63.3633
466.4173 504.808 13 63.39667
471.5469 502.9097 13 63.43003
475.3296 499.9477 13 63.4634
479.9691 497.8604 13 63.49677
483.2183 495.4554 13 63.53013
487.7024 493.5092 13 63.5635
493.3492 490.8596 13 63.59687
498.8033 488.474 13 63.63023
503.3957 485.9653 13 63.6636
506.9568 483.9331 13 63.69697
512.7207 480.9654 13 63.73033
518.2452 477.5189 13 63.7637
524.5191 475.2071 13 63.79707
528.5101 474.0752 13 63.83043
529.6962 473.8603 13 63.8638
530.593 474.7324 13 63.89717
532.174 475.5036 13 63.93053
534.0653 476.6999 13 63.9639
535.2045 477.6843 13 63.99727
534.3005 477.7693 13 64.03063
534.2819 479.0203 13 64.064
535.5594 478.5639 13 64.09737
537.0278 478.3377 13 64.13073
540.049 477.6359 13 64.1641
541.4489 478.4727 13 64.19747
543.5298 479.1919 13 64.23083
547.2821 478.7816 13 64.2642
549.6667 479.1987 13 64.29757
552.7389 479.7587 13 64.33093
554.7852 481.4691 13 64.3643
559.9521 481.2053 13 64.39767
563.715 483.1943 13 64.43103
567.2976 486.2866 13 64.4644
572.1991 489.5071 13 64.49777
575.6328 493.4519 13 64.53113
579.3381 497.6137 13 64.5645
581.8799 502.9754 13 64.59787
585.943 507.7463 13 64.63123
590.518 511.2251 13 64.6646
596.1676 514.5737 13 64.69797
601.9722 518.7198 13 64.73133
606.5592 523.4437 13 64.7647
611.2113 527.7484 13 64.79807
616.0528 532.3841 13 64.83143
620.8337 537.3716 13 64.8648
624.8972 542.756 13 64.89817
628.8594 548.1657 13 64.93153
632.4054 553.6575 13 64.9649
635.5022 559.6771 13 64.99827
639.2046 565.3054 13 65.03163
642.4379 571.542 13 65.065
645.4116 577.753 13 65.09837
648.3971 583.9558 13 65.13173
651.5826 590.2836 13 65.1651
655.1534 597.0084 13 65.19847
658.4303 603.2215 13 65.23183
661.5727 608.6088 13 65.2652
664.2013 613.9027 13 65.29857
666.9934 619.5806 13 65.33193
669.5615 625.2998 13 65.3653
672.4775 631.9234 13 65.39867
675.2907 638.5796 13 65.43203
678.0382 645.0893 13 65.4654
680.9814 651.8237 13 65.49877
682.9063 658.7814 13 65.53213
685.1614 665.0632 13 65.5655
686.7687 672.1288 13 65.59887
688.0626 678.7288 13 65.63223
688.8784 685.4508 13 65.6656
689.946 692.0084 13 65.69897
691.0543 698.0255 13 65.73233
691.8196 703.408 13 65.7657
692.5574 708.9747 13 65.79907
693.1061 715.4004 13 65.83243
693.4747 721.6575 13 65.8658
693.6363 727.6763 13 65.89917
693.7919 733.9653 13 65.93253
694.0377 740.3123 13 65.9659
694.6328 746.0722 13 65.99927
695.3275 752.0097 13 66.03263
696.5269 758.7908 13 66.066
696.5924 766.3743 13 66.09937
698.453 772.9107 13 66.13273
700.0042 779.5268 13 66.1661
701.5054 786.0479 13 66.19947
703.0924 792.727 13 66.23283
704.8986 799.2776 13 66.2662
705.9972 805.2011 13 66.29957
707.3959 810.7865 13 66.33293
708.6806 816.498 13 66.3663
710.0863 822.8076 13 66.39967
711.6646 828.8585 13 66.43303
713.2795 835.1796 13 66.4664
715.2499 841.3846 13 66.49977
716.4901 848.3424 13 66.53313
718.1375 855.3176 13 66.5665
719.2185 862.3986 13 66.59987
717.3578 862.5397 13 66.63323
715.5183 864.9469 13 66.6666
712.3341 866.2379 13 66.69997
709.8059 867.9111 13 66.73333
706.4559 869.6848 13 66.7667
703.3977 872.0154 13 66.80007
698.6644 874.1406 13 66.83343
695.5815 876.5007 13 66.8668
691.41 878.5626 13 66.90017
687.3232 880.5263 13 66.93353
688.9182 880.1429 13 66.9669
690.4427 879.986 13 67.00027
691.2664 879.4123 13 67.03363
693.0131 879.1041 13 67.067
695.3475 878.2835 13 67.10037
695.6507 877.1452 13 67.13373
699.1125 877.4746 13 67.1671
703.662 876.6549 13 67.20047
705.4881 872.4638 13 67.23383
707.061 868.6181 13 67.2672
709.0913 864.2413 13 67.30057
712.4265 862.6588 13 67.33393
716.3011 861.6379 13 67.3673
718.8838 860.4734 13 67.40067
721.5491 860.3873 13 67.43403
724.6899 861.0512 13 67.4674
725.6463 860.4115 13 67.50077
723.6219 858.1061 13 67.53413
720.7782 858.7234 13 67.5675
714.8228 858.5316 13 67.60087
708.3407 858.3517 13 67.63423
701.9453 857.2294 13 67.6676
694.8511 855.3394 13 67.70097
687.5345 852.2441 13 67.73433
681.4038 848.3917 13 67.7677
675.056 844.0605 13 67.80107
668.7261 839.3874 13 67.83443
663.1765 834.3725 13 67.8678
657.4971 829.7072 13 67.90117
651.8646 825.1487 13 67.93453
646.1004 820.3374 13 67.9679
640.5248 815.8766 13 68.00127
635.3109 810.7445 13 68.03463
629.7706 805.6232 13 68.068
624.7837 800.7102 13 68.10137
618.595 795.7163 13 68.13473
613.4469 789.7874 13 68.1681
608.8511 783.9203 13 68.20147
603.7332 778.2795 13 68.23483
599.3771 773.2828 13 68.2682
594.3553 768.4262 13 68.30157
589.7609 763.5914 13 68.33493
585.0908 758.4497 13 68.3683
579.3193 753.5938 13 68.40167
573.7471 748.2361 13 68.43503
568.3937 743.3531 13 68.4684
563.4131 738.649 13 68.50177
558.504 734.0501 13 68.53513
552.9215 729.8715 13 68.5685
548.3829 724.5309 13 68.60187
542.7089 719.3053 13 68.63523
537.7319 714.2298 13 68.6686
532.9391 708.904 13 68.70197
528.3283 703.7264 13 68.73533
523.826 698.6071 13 68.7687
519.2422 693.8036 13 68.80207
514.4912 688.4954 13 68.83543
509.9254 683.5821 13 68.8688
505.8253 678.8381 13 68.90217
501.6766 674.2605 13 68.93553
497.4564 669.3836 13 68.9689
493.2145 664.0862 13 69.00227
488.7977 658.4425 13 69.03563
483.5187 653.4396 13 69.069
478.7266 647.7778 13 69.10237
474.4052 642.1754 13 69.13573
469.4636 636.8481 13 69.1691
464.8151 631.3208 13 69.20247
460.2314 628.7545 13 69.23583
455.1482 624.911 13 69.2692
449.9498 621.325 13 69.30257
447.1505 620.2243 13 69.33593
444.4311 620.3501 13 69.3693
442.093 620.0663 13 69.40267
438.1382 618.2689 13 69.43603
434.3012 617.4001 13 69.4694
431.2849 617.8821 13 69.50277
427.7397 617.2948 13 69.53613
422.5743 615.8454 13 69.5695
416.1269 614.2651 13 69.60287
409.1827 612.9081 13 69.63623
403.0089 611.6151 13 69.6696
397.7311 610.5931 13 69.70297
392.0257 610.5556 13 69.73633
385.9159 610.4465 13 69.7697
379.913 610.2425 13 69.80307
373.8238 610.201 13 69.83643
368.1156 610.8791 13 69.8698
361.8723 611.7607 13 69.90317
354.735 612.0992 13 69.93653
347.8619 613.359 13 69.9699
340.0731 614.6803 13 70.00327
332.5657 615.9901 13 70.03663
325.5148 617.0805 13 70.07
318.3534 618.0604 13 70.10337
311.4244 619.1705 13 70.13673
304.6786 620.4587 13 70.1701
298.617 622.1663 13 70.20347
293.8312 624.4683 13 70.23683
289.4998 626.9445 13 70.2702
285.2039 629.2386 13 70.30357
281.163 631.676 13 70.33693
277.9834 633.799 13 70.3703
276.2713 637.0775 13 70.40367
273.5129 639.8627 13 70.43703
270.6493 643.591 13 70.4704
268.3083 647.275 13 70.50377
265.6724 651.5738 13 70.53713
262.8756 655.6732 13 70.5705
260.8435 659.0678 13 70.60387
260.1648 662.8866 13 70.63723
258.8775 666.4467 13 70.6706
257.842 670.6418 13 70.70397
256.196 674.9168 13 70.73733
254.4142 679.7741 13 70.7707
252.8029 685.7941 13 70.80407
250.9046 690.9052 13 70.83743
250.2046 696.4728 13 70.8708
250.0286 701.1428 13 70.90417
250.2292 704.9627 13 70.93753
250.2907 708.6398 13 70.9709
251.2559 712.6753 13 71.00427
251.3902 716.5196 13 71.03763
252.4518 720.3196 13 71.071
253.3057 724.4629 13 71.10437
253.5621 729.5529 13 71.13773
254.3393 735.2425 13 71.1711
255.9733 739.311 13 71.20447
258.4801 743.3351 13 71.23783
260.3295 747.3147 13 71.2712
263.035 751.9054 13 71.30457
266.5405 755.9027 13 71.33793
269.1667 759.6611 13 71.3713
272.1199 763.9485 13 71.40467
276.1426 768.3979 13 71.43803
278.5602 772.8003 13 71.4714
280.5287 776.6988 13 71.50477
281.5713 780.0562 13 71.53813
283.2353 782.6182 13 71.5715
285.4853 784.4607 13 71.60487
288.258 784.4569 13 71.63823
290.9371 786.0544 13 71.6716
295.3575 786.5322 13 71.70497
299.7562 788.0374 13 71.73833
304.6071 790.3076 13 71.7717
309.4557 794.4368 13 71.80507
315.3856 798.6091 13 71.83843
320.8803 802.2621 13 71.8718
324.3244 806.631 13 71.90517
328.4507 810.8841 13 71.93853
333.7706 815.6477 13 71.9719
337.8233 820.7486 13 72.00527
341.291 826.518 13 72.03863
343.5643 833.1123 13 72.072
345.8736 840.0182 13 72.10537
346.5884 846.9346 13 72.13873
346.2647 854.673 13 72.1721
345.4218 862.0695 13 72.20547
343.5664 869.6835 13 72.23883
339.292 870.7406 13 72.2722
335.5608 873.3421 13 72.30557
332.8145 875.1752 13 72.33893
329.6059 878.1785 13 72.3723
326.6736 880.7615 13 72.40567
325.3888 883.0235 13 72.43903
327.0649 885.7407 13 72.4724
327.312 889.5155 13 72.50577
327.9917 894.7048 13 72.53913
327.8053 899.0033 13 72.5725
328.0217 905.0105 13 72.60587
328.8619 907.3368 13 72.63923
329.4949 908.7686 13 72.6726
329.2992 909.5367 13 72.70597
328.8959 908.5434 13 72.73933
328.013 907.9471 13 72.7727
327.6004 907.7172 13 72.80607
326.0554 907.7151 13 72.83943
323.5946 908.2319 13 72.8728
322.4242 906.5973 13 72.90617
320.3304 905.3838 13 72.93953
318.4568 905.3939 13 72.9729
316.5347 905.2367 13 73.00627
312.517 902.2789 13 73.03963
308.3108 899.5818 13 73.073
304.691 897.8453 13 73.10637
300.6629 896.1486 13 73.13973
296.3542 895.3907 13 73.1731
292.4734 895.1386 13 73.20647
288.5099 892.7353 13 73.23983
283.9629 890.201 13 73.2732
279.3238 887.9754 13 73.30657
274.7223 886.4757 13 73.33993
269.2573 883.8704 13 73.3733
264.6891 881.5928 13 73.40667
262.6617 879.6534 13 73.44003
259.6857 879.814 13 73.4734
259.3437 878.2398 13 73.50677
258.0341 878.6236 13 73.54013
258.2634 878.1688 13 73.5735
258.8821 878.5408 13 73.60687
259.399 878.8833 13 73.64023
259.6963 878.7954 13 73.6736
259.6426 879.3438 13 73.70697
260.057 879.3306 13 73.74033
259.9968 879.9173 13 73.7737
260.9487 879.9886 13 73.80707
261.3479 880.172 13 73.84043
260.8797 880.0086 13 73.8738
260.7943 880.3784 13 73.90717
261.3159 880.4124 13 73.94053
261.837 880.487 13 73.9739
263.0931 880.8593 13 74.00727
263.6813 881.5873 13 74.04063
265.0491 882.2503 13 74.074
266.2794 882.9899 13 74.10737
267.9285 883.6824 13 74.14073
270.391 884.5745 13 74.1741
271.8392 885.9398 13 74.20747
274.4558 886.76 13 74.24083
275.7693 887.5005 13 74.2742
278.3321 888.5843 13 74.30757
280.4643 889.6297 13 74.34093
281.6648 890.3135 13 74.3743
281.9966 890.0403 13 74.40767
278.7998 889.3926 13 74.44103
277.5908 888.1832 13 74.4744
275.4642 887.8816 13 74.50777
274.1185 887.2688 13 74.54113
272.9901 886.9007 13 74.5745
271.7082 886.8189 13 74.60787
270.877 885.9637 13 74.64123
269.3124 885.6366 13 74.6746
268.4902 885.2625 13 74.70797
266.6657 883.8237 13 74.74133
266.0015 882.1188 13 74.7747
264.5209 880.1068 13 74.80807
261.0688 880.542 13 74.84143
258.5253 881.3172 13 74.8748
257.3841 881.1778 13 74.90817
256.425 879.2308 13 74.94153
253.8255 877.0934 13 74.9749
251.6044 875.2794 13 75.00827
251.2053 874.8634 13 75.04163
249.8876 873.2429 13 75.075
250.0751 872.7825 13 75.10837
247.6736 871.7952 13 75.14173
246.9608 869.1716 13 75.1751
247.2094 866.3425 13 75.20847
245.0963 862.1205 13 75.24183
241.9441 856.4958 13 75.2752
240.5592 852.0993 13 75.30857
239.6541 847.3051 13 75.34193
238.1146 841.2574 13 75.3753
235.9378 832.9795 13 75.40867
233.9323 824.8442 13 75.44203
230.5655 817.0085 13 75.4754
228.7384 808.7131 13 75.50877
224.4446 802.0124 13 75.54213
221.3918 793.7988 13 75.5755
217.0342 786.9398 13 75.60887
213.7841 779.544 13 75.64223
209.5181 772.4693 13 75.6756
206.1441 765.5257 13 75.70897
202.7298 758.8046 13 75.74233
199.2695 752.2868 13 75.7757
196.5903 745.5394 13 75.80907
193.464 739.0642 13 75.84243
190.0532 732.6528 13 75.8758
186.8081 726.2148 13 75.90917
184.4402 719.5144 13 75.94253
181.6513 712.6102 13 75.9759
180.0463 706.2725 13 76.00927
178.0313 700.1639 13 76.04263
175.4921 693.1009 13 76.076
173.4149 685.1715 13 76.10937
170.8728 677.7822 13 76.14273
169.3261 670.6258 13 76.1761
167.0128 663.1314 13 76.20947
165.572 655.8641 13 76.24283
164.5175 648.9711 13 76.2762
162.5168 641.7589 13 76.30957
161.7546 635.2017 13 76.34293
160.0648 628.4504 13 76.3763
160.4806 621.3941 13 76.40967
158.3608 614.8642 13 76.44303
158.9454 607.492 13 76.4764
158.2415 600.4255 13 76.50977
157.4271 592.276 13 76.54313
157.5321 584.4732 13 76.5765
156.6764 577.2136 13 76.60987
157.6583 569.7052 13 76.64323
157.7665 562.6624 13 76.6766
159.309 554.6553 13 76.70997
160.2822 547.1969 13 76.74333
161.6666 539.9518 13 76.7767
162.9931 533.2352 13 76.81007
164.2645 526.5484 13 76.84343
166.5657 519.5983 13 76.8768
168.3663 512.1787 13 76.91017
170.7957 504.2497 13 76.94353
172.762 496.163 13 76.9769
175.6761 488.3203 13 77.01027
178.1675 480.4164 13 77.04363
180.4329 472.9138 13 77.077
183.0665 466.1272 13 77.11037
184.7057 459.4569 13 77.14373
187.118 451.7436 13 77.1771
189.8452 444.6219 13 77.21047
191.721 437.8226 13 77.24383
194.9547 431.2418 13 77.2772
197.2545 424.8992 13 77.31057
200.2066 418.6998 13 77.34393
203.236 412.227 13 77.3773
207.0097 405.7777 13 77.41067
211.1498 399.3397 13 77.44403
215.0497 392.339 13 77.4774
219.1101 385.994 13 77.51077
221.9669 379.4458 13 77.54413
226.741 373.4473 13 77.5775
229.959 367.9686 13 77.61087
233.9191 362.0392 13 77.64423
237.9172 356.1385 13 77.6776
242.0443 350.235 13 77.71097
246.7067 345.147 13 77.74433
250.919 340.085 13 77.7777
256.0712 335.6092 13 77.81107
260.8331 330.8242 13 77.84443
266.3407 326.4836 13 77.8778
271.3612 322.388 13 77.91117
270.6467 320.9358 13 77.94453
269.4068 320.9548 13 77.9779
267.1278 319.6943 13 78.01127
265.7048 319.5033 13 78.04463
265.6124 319.3935 13 78.078
264.6153 317.8009 13 78.11137
267.8935 315.7703 13 78.14473
269.1774 313.7974 13 78.1781
271.9966 309.2764 13 78.21147
274.5343 303.5565 13 78.24483
279.1034 297.4193 13 78.2782
278.942 294.073 13 78.31157
278.3358 291.1655 13 78.34493
277.9253 288.6874 13 78.3783
276.8754 286.9201 13 78.41167
276.8289 285.2995 13 78.44503
274.6543 282.6101 13 78.4784
274.2658 280.5741 13 78.51177
271.6463 277.9419 13 78.54513
270.2203 275.6434 13 78.5785
268.9775 273.0378 13 78.61187
267.5959 270.5345 13 78.64523
266.5471 267.0822 13 78.6786
265.3686 263.153 13 78.71197
265.3471 259.4423 13 78.74533
265.0899 254.0242 13 78.7787
265.3883 249.5938 13 78.81207
265.8093 244.0985 13 78.84543
266.6761 237.3626 13 78.8788
267.1598 229.8845 13 78.91217
268.3302 222.9036 13 78.94553
269.002 215.947 13 78.9789
270.4584 208.7842 13 79.01227
272.2523 201.9207 13 79.04563
274.0432 194.526 13 79.079
276.2578 187.8866 13 79.11237
278.5403 180.5851 13 79.14573
281.0711 173.7535 13 79.1791
283.9999 167.4174 13 79.21247
287.3062 161.1579 13 79.24583
290.4317 153.8861 13 79.2792
294.9175 146.7846 13 79.31257
298.7591 140.0718 13 79.34593
302.4157 133.9169 13 79.3793
302.7585 137.4307 13 79.41267
304.9371 138.7731 13 79.44603
309.4362 140.1042 13 79.4794
313.2302 141.1894 13 79.51277
318.6408 142.8046 13 79.54613
325.1726 143.9362 13 79.5795
331.5855 144.3773 13 79.61287
338.6539 144.3269 13 79.64623
345.6554 144.9458 13 79.6796
352.7432 145.4558 13 79.71297
359.7975 146.2403 13 79.74633
366.7851 147.3396 13 79.7797
374.0835 149.1068 13 79.81307
380.4947 151.5243 13 79.84643
387.9714 153.5812 13 79.8798
394.9839 157.0612 13 79.91317
401.3671 160.7009 13 79.94653
408.4125 163.4641 13 79.9799
415.8713 167.3777 13 80.01327
422.4195 171.081 13 80.04663
428.7807 174.4483 13 80.08
435.6345 178.3287 13 80.11337
441.8292 182.3854 13 80.14673
448.2184 186.0123 13 80.1801
454.7148 190.5959 13 80.21347
461.0245 194.6435 13 80.24683
467.3738 198.7763 13 80.2802
473.7932 202.5222 13 80.31357
480.6196 206.2818 13 80.34693
486.8121 210.7428 13 80.3803
493.5724 214.8025 13 80.41367
499.446 218.5797 13 80.44703
505.6532 222.8958 13 80.4804
511.3972 226.9427 13 80.51377
516.9596 230.9698 13 80.54713
522.4147 234.7488 13 80.5805
527.4161 237.7443 13 80.61387
532.6067 240.8533 13 80.64723
537.7043 244.015 13 80.6806
542.8123 247.4525 13 80.71397
548.7308 251.0059 13 80.74733
553.9936 254.8424 13 80.7807
559.3822 258.9414 13 80.81407
564.8238 263.1855 13 80.84743
570.4481 268.1017 13 80.8808
575.8851 273.0744 13 80.91417
580.9369 278.0944 13 80.94753
585.9919 283.3686 13 80.9809
590.7894 288.7392 13 81.01427
596.0672 293.7635 13 81.04763
601.6805 298.5087 13 81.081
606.6506 303.9302 13 81.11437
611.9127 308.8422 13 81.14773
616.9508 314.2405 13 81.1811
622.1385 319.161 13 81.21447
627.3992 324.004 13 81.24783
632.7163 329.5221 13 81.2812
638.3751 335.1517 13 81.31457
643.7137 340.4451 13 81.34793
648.4748 345.5209 13 81.3813
654.1539 351.1811 13 81.41467
657.8397 355.9055 13 81.44803
662.4872 361.0514 13 81.4814
