476.7403 526.7687 15 0
417.9707 472.0122 15 0.03336667
416.473 479.774 15 0.06673333
414.5921 487.5451 15 0.1001
413.1286 495.2708 15 0.1334667
411.6047 502.963 15 0.1668333
409.9097 509.8166 15 0.2002
408.7428 517.6485 15 0.2335667
407.7291 525.3455 15 0.2669333
406.9512 533.0712 15 0.3003
406.3422 540.6562 15 0.3336667
405.6079 548.1813 15 0.3670333
404.5978 555.7663 15 0.4004
398.2558 562.0164 15 0.4337667
393.829 568.7625 15 0.4671333
389.3783 576.1464 15 0.5005
384.5859 582.6757 15 0.5338667
378.3032 589.5514 15 0.5672333
373.2246 596.6296 15 0.6006
368.5613 603.2996 15 0.6339667
363.612 609.842 15 0.6673333
358.422 616.4934 15 0.7007
353.7242 622.6964 15 0.7340667
348.368 628.8674 15 0.7674333
343.8082 634.9262 15 0.8008
338.5751 641.0519 15 0.8341667
333.498 647.1189 15 0.8675333
327.837 652.8733 15 0.9009
323.7916 659.5112 15 0.9342667
320.7622 666.2812 15 0.9676333
316.6153 673.1433 15 1.001
311.9276 679.4757 15 1.034367
307.1345 685.3297 15 1.067733
301.9609 691.4162 15 1.1011
295.7855 697.7041 15 1.134467
291.0184 703.0967 15 1.167833
285.4823 708.471 15 1.2012
280.3371 714.0599 15 1.234567
274.6933 720.0035 15 1.267933
269.3622 725.9203 15 1.3013
264.4247 731.8785 15 1.334667
259.1796 737.6415 15 1.368033
254.046 743.6731 15 1.4014
249.5522 749.1576 15 1.434767
244.6034 755.6823 15 1.468133
239.9447 761.9757 15 1.5015
235.5061 768.339 15 1.534867
231.1708 775.1707 15 1.568233
226.8032 781.9452 15 1.6016
224.3628 786.5935 15 1.634967
225.1472 787.2779 15 1.668333
224.9044 790.3327 15 1.7017
228.0375 791.266 15 1.735067
229.9365 794.2885 15 1.768433
234.8788 794.8806 15 1.8018
238.1978 797.3538 15 1.835167
243.9927 801.4227 15 1.868533
251.1149 805.5232 15 1.9019
257.7455 810.1341 15 1.935267
265.2196 814.0846 15 1.968633
272.751 816.7906 15 2.002
280.3436 819.3101 15 2.035367
283.6974 822.8305 15 2.068733
284.7206 825.9936 15 2.1021
286.3543 829.8163 15 2.135467
289.2257 833.1185 15 2.168833
293.3305 833.2711 15 2.2022
298.421 834.3824 15 2.235567
302.0324 837.353 15 2.268933
305.2218 840.3486 15 2.3023
309.0628 844.031 15 2.335667
312.3454 849.2306 15 2.369033
317.052 852.2246 15 2.4024
321.3459 852.0633 15 2.435767
326.8474 851.5634 15 2.469133
334.2467 853.604 15 2.5025
341.6195 855.6487 15 2.535867
348.719 855.9961 15 2.569233
356.4151 856.456 15 2.6026
363.7083 857.9584 15 2.635967
371.7234 858.8086 15 2.669333
379.9456 859.6169 15 2.7027
387.7112 860.6009 15 2.736067
396.0041 861.2756 15 2.769433
403.0766 862.5093 15 2.8028
410.5012 862.9727 15 2.836167
419.0601 862.9888 15 2.869533
423.6158 864.8656 15 2.9029
429.9297 866.4878 15 2.936267
436.2788 870.2667 15 2.969633
443.8217 870.5326 15 3.003
450.3741 871.1868 15 3.036367
458.0071 872.2927 15 3.069733
464.3895 874.5901 15 3.1031
472.2308 875.6614 15 3.136467
479.6273 877.6478 15 3.169833
486.9318 879.6193 15 3.2032
494.4329 881.4215 15 3.236567
501.2054 884.1562 15 3.269933
509.0683 886.3781 15 3.3033
516.5894 888.7583 15 3.336667
524.5138 889.8252 15 3.370033
532.0617 891.5013 15 3.4034
539.4365 892.7567 15 3.436767
547.242 894.435 15 3.470133
555.0727 895.6736 15 3.5035
562.5944 896.9111 15 3.536867
570.0161 898.1665 15 3.570233
577.9149 899.0891 15 3.6036
585.1729 900.3228 15 3.636967
593.4751 900.1323 15 3.670333
600.005 902.2003 15 3.7037
608.0201 902.2151 15 3.737067
615.4908 904.0431 15 3.770433
623.2831 904.6891 15 3.8038
630.6424 905.3443 15 3.837167
638.0263 905.8536 15 3.870533
644.693 903.5122 15 3.9039
644.8605 901.8017 15 3.937267
647.057 900.865 15 3.970633
647.1385 901.9743 15 4.004
649.1248 901.011 15 4.037367
650.8627 901.5348 15 4.070733
651.029 899.8317 15 4.1041
650.1845 899.5727 15 4.137467
649.6908 895.6755 15 4.170833
647.8704 891.5954 15 4.2042
646.0913 885.3271 15 4.237567
641.3637 879.5071 15 4.270933
639.0499 872.6427 15 4.3043
637.3675 865.634 15 4.337667
636.0107 857.6924 15 4.371033
635.2943 849.4205 15 4.4044
633.726 841.6983 15 4.437767
632.3669 833.4864 15 4.471133
630.2727 825.8684 15 4.5045
628.5978 818.0718 15 4.537867
626.4533 810.1555 15 4.571233
623.751 802.5426 15 4.6046
621.0022 794.414 15 4.637967
618.2357 787.2185 15 4.671333
615.1263 779.3444 15 4.7047
611.6219 772.5776 15 4.738067
607.5072 765.4792 15 4.771433
603.71 758.1379 15 4.8048
599.4473 751.6419 15 4.838167
594.9218 744.7363 15 4.871533
590.4112 738.8115 15 4.9049
585.4292 732.4479 15 4.938267
580.4095 726.5122 15 4.971633
575.562 720.3879 15 5.005
570.4044 714.2177 15 5.038367
565.3867 708.2753 15 5.071733
559.7338 702.5979 15 5.1051
554.7725 697.0294 15 5.138467
549.1046 691.341 15 5.171833
543.4362 685.7416 15 5.2052
537.1023 680.3666 15 5.238567
531.1157 675.1727 15 5.271933
525.0092 669.9379 15 5.3053
518.7839 665.2152 15 5.338667
512.5064 660.1635 15 5.372033
506.15 655.7257 15 5.4054
499.5608 651.0401 15 5.438767
493.305 646.5412 15 5.472133
486.2635 642.2475 15 5.5055
479.5269 638.2308 15 5.538867
472.6413 634.1606 15 5.572233
465.4562 630.8029 15 5.6056
458.0971 627.2375 15 5.638967
451.0023 623.8032 15 5.672333
443.514 620.943 15 5.7057
436.1622 617.8262 15 5.739067
428.4063 615.3658 15 5.772433
420.881 612.9983 15 5.8058
412.8628 610.6459 15 5.839167
406.0217 608.7166 15 5.872533
398.0692 606.824 15 5.9059
390.2817 605.272 15 5.939267
382.7295 604.0878 15 5.972633
374.6298 602.8155 15 6.006
366.6691 601.7228 15 6.039367
358.7442 600.7774 15 6.072733
351.1909 599.8064 15 6.1061
343.4854 599.3944 15 6.139467
335.5791 599.1611 15 6.172833
328.0977 598.5046 15 6.2062
325.1037 600.6339 15 6.239567
322.9589 602.2723 15 6.272933
319.7137 603.1731 15 6.3063
316.0009 604.5038 15 6.339667
313.8848 606.4131 15 6.373033
309.8767 607.4316 15 6.4064
304.8266 608.5648 15 6.439767
299.9871 609.7265 15 6.473133
296.0928 611.0789 15 6.5065
290.9639 612.3443 15 6.539867
285.0663 613.8331 15 6.573233
277.9827 615.9409 15 6.6066
270.4402 617.9379 15 6.639967
263.0811 619.6069 15 6.673333
255.453 621.4613 15 6.7067
247.9475 623.1587 15 6.740067
240.7086 624.6528 15 6.773433
232.9959 626.3067 15 6.8068
225.7424 627.7513 15 6.840167
218.0466 629.5997 15 6.873533
210.1183 631.6009 15 6.9069
202.4572 633.6599 15 6.940267
194.5538 635.9135 15 6.973633
187.2547 638.2036 15 7.007
179.6164 640.5743 15 7.040367
171.7175 643.8157 15 7.073733
164.6144 646.5457 15 7.1071
157.8475 649.3061 15 7.140467
150.6214 652.6148 15 7.173833
143.3331 656.0927 15 7.2072
136.3222 659.8138 15 7.240567
129.3658 663.8189 15 7.273933
122.7099 667.6285 15 7.3073
115.8602 671.8151 15 7.340667
108.9102 675.9043 15 7.374033
102.4233 679.7766 15 7.4074
95.32845 683.9533 15 7.440767
89.17099 687.7224 15 7.474133
82.8368 691.6484 15 7.5075
84.12044 692.9924 15 7.540867
85.71132 694.2469 15 7.574233
85.37865 697.6026 15 7.6076
86.683 700.7217 15 7.640967
85.14598 704.1314 15 7.674333
88.61705 708.0506 15 7.7077
90.8822 711.4749 15 7.741067
93.2576 714.9219 15 7.774433
94.07691 718.6609 15 7.8078
97.02284 721.422 15 7.841167
99.30969 724.2361 15 7.874533
101.8352 729.0844 15 7.9079
103.4543 731.9803 15 7.941267
105.3465 736.4488 15 7.974633
109.1167 740.251 15 8.008
111.2313 743.1705 15 8.041367
113.7151 747.7384 15 8.074733
115.6228 751.0291 15 8.1081
117.9972 754.1369 15 8.141467
120.3707 756.8628 15 8.174833
122.1074 759.0398 15 8.2082
123.1428 759.9231 15 8.241567
122.0564 760.9644 15 8.274933
122.8176 761.338 15 8.3083
121.7669 759.9475 15 8.341667
121.993 759.4777 15 8.375033
120.371 758.2288 15 8.4084
121.5442 759.2742 15 8.441767
121.2734 760.3333 15 8.475133
124.6081 761.2301 15 8.5085
125.6515 764.5629 15 8.541867
127.3047 767.6961 15 8.575233
129.9718 770.5275 15 8.6086
133.8898 773.663 15 8.641967
137.2082 777.8455 15 8.675333
139.3185 779.8524 15 8.7087
141.8784 783.1528 15 8.742067
141.9731 785.7005 15 8.775433
144.3313 787.5913 15 8.8088
146.6852 789.1908 15 8.842167
148.581 791.2666 15 8.875533
149.2986 792.6167 15 8.9089
150.4363 793.5014 15 8.942267
151.282 792.9204 15 8.975633
149.7359 792.9747 15 9.009
147.7845 792.021 15 9.042367
146.8692 788.9761 15 9.075733
144.8512 786.4838 15 9.1091
142.4141 784.5734 15 9.142467
139.9048 781.9027 15 9.175833
139.0589 779.9646 15 9.2092
137.6991 778.7678 15 9.242567
135.3617 776.1483 15 9.275933
135.1832 775.0278 15 9.3093
133.8611 774.7798 15 9.342667
133.8588 774.0832 15 9.376033
134.537 774.6982 15 9.4094
135.2985 775.8372 15 9.442767
136.7407 776.9066 15 9.476133
137.1764 778.9683 15 9.5095
141.1633 781.8485 15 9.542867
143.1515 786.127 15 9.576233
147.6684 789.8926 15 9.6096
151.5993 794.3216 15 9.642967
156.1878 798.9762 15 9.676333
161.2068 803.6739 15 9.7097
166.9503 807.7991 15 9.743067
171.1925 813.2516 15 9.776433
175.4165 817.3751 15 9.8098
178.6705 820.9362 15 9.843167
182.2482 823.8857 15 9.876533
185.5731 828.3298 15 9.9099
191.3091 831.0327 15 9.943267
195.5697 834.5537 15 9.976633
198.6771 837.2614 15 10.01
201.597 840.3451 15 10.04337
202.0773 841.3723 15 10.07673
204.0435 842.1355 15 10.1101
203.6177 843.5925 15 10.14347
203.9385 843.355 15 10.17683
202.6845 842.3181 15 10.2102
202.4166 840.6951 15 10.24357
200.9549 839.4358 15 10.27693
199.9622 839.4904 15 10.3103
198.982 837.6472 15 10.34367
197.1102 837.4599 15 10.37703
194.8442 835.9466 15 10.4104
194.6133 834.2208 15 10.44377
191.1381 832.8419 15 10.47713
190.5936 831.444 15 10.5105
190.4864 831.5452 15 10.54387
190.5869 832.4354 15 10.57723
192.7649 832.9244 15 10.6106
192.7714 833.6159 15 10.64397
192.0088 833.2446 15 10.67733
192.1125 833.4843 15 10.7107
193.6382 832.3145 15 10.74407
193.3844 835.2161 15 10.77743
195.1105 835.4216 15 10.8108
198.0409 837.5292 15 10.84417
200.1647 839.8735 15 10.87753
204.0394 843.6349 15 10.9109
208.8413 846.6192 15 10.94427
211.9135 850.3537 15 10.97763
216.8184 852.7412 15 11.011
221.8081 855.4297 15 11.04437
227.3066 858.9096 15 11.07773
232.4502 863.7315 15 11.1111
239.3662 865.5665 15 11.14447
246.0471 868.1158 15 11.17783
252.3315 872.721 15 11.2112
254.7897 875.4908 15 11.24457
257.3041 878.9209 15 11.27793
260.564 879.1937 15 11.3113
265.4893 879.2155 15 11.34467
269.8124 880.5514 15 11.37803
272.4903 882.4007 15 11.4114
276.3459 884.8162 15 11.44477
279.0367 885.166 15 11.47813
282.0061 884.8874 15 11.5115
284.1122 884.1454 15 11.54487
286.5659 880.6701 15 11.57823
290.6561 877.9411 15 11.6116
293.6454 872.4046 15 11.64497
297.5122 867.1112 15 11.67833
302.8445 861.3605 15 11.7117
306.8441 854.3334 15 11.74507
311.5511 847.9017 15 11.77843
316.7848 841.9359 15 11.8118
322.3337 836.9052 15 11.84517
328.4546 831.2485 15 11.87853
333.9295 825.8727 15 11.9119
339.7351 820.5838 15 11.94527
345.5563 815.0588 15 11.97863
351.0551 809.4693 15 12.012
356.9397 803.7231 15 12.04537
362.3061 798.234 15 12.07873
367.8103 792.5049 15 12.1121
373.1404 786.9885 15 12.14547
378.509 781.1364 15 12.17883
383.5214 775.1027 15 12.2122
388.2231 768.9557 15 12.24557
393.1818 762.5572 15 12.27893
397.8865 756.1086 15 12.3123
402.3672 749.838 15 12.34567
406.8883 743.2051 15 12.37903
411.4205 736.6547 15 12.4124
415.8551 730.067 15 12.44577
420.2315 723.54 15 12.47913
424.3186 716.9337 15 12.5125
428.6851 710.2217 15 12.54587
433.8801 709.7346 15 12.57923
435.4189 709.7426 15 12.6126
436.5882 708.4102 15 12.64597
440.4562 708.7676 15 12.67933
444.6078 706.849 15 12.7127
451.0356 705.5531 15 12.74607
456.737 702.8253 15 12.77943
461.8557 699.0648 15 12.8128
467.1817 694.3671 15 12.84617
472.7942 689.5522 15 12.87953
479.0681 685.0481 15 12.9129
485.3792 680.5017 15 12.94627
491.9475 676.1534 15 12.97963
498.6983 671.6625 15 13.013
505.0354 667.4366 15 13.04637
511.3718 662.6962 15 13.07973
517.7765 658.3838 15 13.1131
523.923 653.8657 15 13.14647
530.314 649.283 15 13.17983
535.7173 644.5517 15 13.2132
541.5734 639.7635 15 13.24657
547.4562 634.6622 15 13.27993
553.2043 629.555 15 13.3133
559.014 624.7065 15 13.34667
564.5168 619.5787 15 13.38003
570.0261 614.4168 15 13.4134
573.3068 611.9145 15 13.44677
577.1448 608.2911 15 13.48013
580.5401 604.1777 15 13.5135
585.7379 599.2842 15 13.54687
590.848 594.28 15 13.58023
595.413 589.796 15 13.6136
600.6951 585.2925 15 13.64697
604.4993 581.9179 15 13.68033
609.3883 577.6116 15 13.7137
613.9168 573.1778 15 13.74707
618.7355 568.2093 15 13.78043
623.4069 563.1681 15 13.8138
628.402 558.1284 15 13.84717
633.65 553.0243 15 13.88053
638.8345 547.5653 15 13.9139
643.94 542.1738 15 13.94727
648.568 536.712 15 13.98063
653.5006 531.4591 15 14.014
658.2123 526.4535 15 14.04737
662.6923 520.4091 15 14.08073
667.6968 514.6759 15 14.1141
672.2636 508.7627 15 14.14747
677.2398 502.7818 15 14.18083
681.794 497.2752 15 14.2142
686.1281 491.4841 15 14.24757
690.2188 485.1484 15 14.28093
694.634 478.881 15 14.3143
699.0138 472.4519 15 14.34767
702.8768 466.2842 15 14.38103
706.9124 459.6281 15 14.4144
710.7123 453.0458 15 14.44777
713.9254 446.3112 15 14.48113
717.2583 439.1971 15 14.5145
720.3485 432.4783 15 14.54787
722.7785 425.5385 15 14.58123
725.2781 417.5732 15 14.6146
727.9632 409.8165 15 14.64797
730.436 402.9036 15 14.68133
732.8295 395.6078 15 14.7147
735.4096 388.1681 15 14.74807
737.5858 380.637 15 14.78143
739.5057 373.5675 15 14.8148
741.5966 366.4591 15 14.84817
743.8459 360.9607 15 14.88153
746.051 359.2913 15 14.9149
748.8151 355.0536 15 14.94827
750.5113 350.7489 15 14.98163
752.4566 346.5353 15 15.015
754.0101 340.8188 15 15.04837
755.613 333.8397 15 15.08173
757.3782 326.7751 15 15.1151
759.0445 320.0848 15 15.14847
760.2351 312.6404 15 15.18183
761.0865 305.4991 15 15.2152
762.1353 297.6437 15 15.24857
762.9011 290.1075 15 15.28193
763.6056 282.0487 15 15.3153
764.557 274.1964 15 15.34867
765.1127 266.55 15 15.38203
765.5853 258.9791 15 15.4154
765.8739 251.4332 15 15.44877
766.4332 243.5652 15 15.48213
766.5834 235.9302 15 15.5155
766.8647 228.3496 15 15.54887
767.0367 220.9767 15 15.58223
767.4057 213.6459 15 15.6156
767.2136 206.0159 15 15.64897
767.0494 198.5041 15 15.68233
766.0826 190.7866 15 15.7157
765.2202 182.9613 15 15.74907
764.6129 175.3473 15 15.78243
764.1391 167.6762 15 15.8158
762.7069 161.0162 15 15.84917
757.2149 160.5516 15 15.88253
753.7722 156.2957 15 15.9159
750.4829 150.4613 15 15.94927
745.7411 147.9602 15 15.98263
741.3412 145.1149 15 16.016
737.0289 139.7564 15 16.04937
730.3663 137.2269 15 16.08273
724.6418 132.1949 15 16.1161
716.8019 128.9662 15 16.14947
708.902 125.3041 15 16.18283
702.778 119.5498 15 16.2162
696.8671 113.7067 15 16.24957
692.1144 112.0661 15 16.28293
686.145 109.388 15 16.3163
679.5674 107.12 15 16.34967
672.9622 102.3079 15 16.38303
666.4456 99.72375 15 16.4164
662.1992 96.04326 15 16.44977
656.2901 94.41804 15 16.48313
651.886 91.69712 15 16.5165
646.164 89.12716 15 16.54987
641.02 87.44372 15 16.58323
635.8235 86.40243 15 16.6166
632.3879 84.98118 15 16.64997
633.5076 86.88913 15 16.68333
637.4697 87.49069 15 16.7167
641.7237 88.60468 15 16.75007
646.2338 91.71679 15 16.78343
652.5465 94.0229 15 16.8168
660.642 95.8349 15 16.85017
665.8785 100.716 15 16.88353
671.9689 103.8349 15 16.9169
678.3455 105.827 15 16.95027
684.2615 109.0904 15 16.98363
689.8934 112.3799 15 17.017
696.028 114.0121 15 17.05037
700.4353 120.3376 15 17.08373
705.554 124.2396 15 17.1171
712.076 127.0769 15 17.15047
718.6 129.8832 15 17.18383
726.2414 132.8507 15 17.2172
730.9781 137.9552 15 17.25057
735.6089 143.2329 15 17.28393
741.7475 146.6699 15 17.3173
748.6589 150.4561 15 17.35067
754.725 153.9019 15 17.38403
759.1098 158.8066 15 17.4174
764.0733 162.4306 15 17.45077
767.4669 167.6561 15 17.48413
772.0789 171.562 15 17.5175
777.5184 175.4925 15 17.55087
782.0242 178.5389 15 17.58423
786.0723 182.829 15 17.6176
788.8624 189.1942 15 17.65097
793.4162 194.2347 15 17.68433
798.8466 198.6815 15 17.7177
805.3684 202.1167 15 17.75107
808.1057 208.1504 15 17.78443
811.0178 213.9661 15 17.8178
814.9835 218.9414 15 17.85117
820.0988 223.804 15 17.88453
825.352 228.3877 15 17.9179
830.0341 232.7737 15 17.95127
834.525 238.7402 15 17.98463
837.209 244.6318 15 18.018
841.4392 249.7041 15 18.05137
845.6291 254.2578 15 18.08473
847.0883 261.2658 15 18.1181
850.3066 266.947 15 18.15147
854.2475 271.8368 15 18.18483
858.7018 276.1966 15 18.2182
862.0701 281.7966 15 18.25157
863.2578 287.7586 15 18.28493
866.3427 291.8564 15 18.3183
868.1501 295.1176 15 18.35167
868.1152 297.5539 15 18.38503
869.8769 301.8552 15 18.4184
872.2198 302.8582 15 18.45177
874.4823 303.9636 15 18.48513
872.1081 306.6161 15 18.5185
872.0284 308.844 15 18.55187
871.8207 310.8279 15 18.58523
871.7369 310.5759 15 18.6186
869.6232 310.6234 15 18.65197
866.1458 309.6467 15 18.68533
862.2915 311.0798 15 18.7187
857.1836 311.6278 15 18.75207
852.2133 312.7576 15 18.78543
846.473 315.7697 15 18.8188
842.0643 320.7105 15 18.85217
837.1906 325.8419 15 18.88553
832.1584 331.3413 15 18.9189
826.9983 336.387 15 18.95227
821.1124 341.7756 15 18.98563
815.5632 346.9226 15 19.019
810.1065 351.6417 15 19.05237
804.4368 356.7538 15 19.08573
798.6295 361.8279 15 19.1191
793.0211 367.0761 15 19.15247
787.5628 372.1708 15 19.18583
782.3827 377.0748 15 19.2192
777.4988 382.1837 15 19.25257
772.6896 387.4937 15 19.28593
767.9323 393.2043 15 19.3193
763.5321 398.8763 15 19.35267
758.8133 404.2629 15 19.38603
754.1955 410.0534 15 19.4194
749.2194 416.1706 15 19.45277
744.3709 421.9082 15 19.48613
739.9989 427.5525 15 19.5195
735.3552 433.2113 15 19.55287
730.7579 439.0599 15 19.58623
726.4821 445.0654 15 19.6196
722.352 451.2721 15 19.65297
717.4824 457.6809 15 19.68633
713.7641 464.2388 15 19.7197
709.7683 470.4291 15 19.75307
705.157 476.539 15 19.78643
700.8667 482.6981 15 19.8198
696.1555 488.708 15 19.85317
691.8264 494.8312 15 19.88653
687.3572 500.9825 15 19.9199
683.3617 507.2319 15 19.95327
679.3237 513.3668 15 19.98663
675.4131 519.8447 15 20.02
671.7557 526.644 15 20.05337
668.0846 532.9135 15 20.08673
664.6664 539.5347 15 20.1201
661.2075 546.315 15 20.15347
657.8342 552.7102 15 20.18683
653.9569 559.4756 15 20.2202
650.9309 565.6527 15 20.25357
647.1566 572.0139 15 20.28693
643.5557 578.7543 15 20.3203
640.0092 585.4815 15 20.35367
636.1966 592.4611 15 20.38703
632.3965 599.0033 15 20.4204
628.5535 605.9593 15 20.45377
625.1532 612.2326 15 20.48713
621.912 618.8389 15 20.5205
618.4391 625.4554 15 20.55387
615.6302 631.6895 15 20.58723
612.8862 638.5513 15 20.6206
610.3566 645.2916 15 20.65397
608.3459 652.2735 15 20.68733
606.2451 659.9337 15 20.7207
604.0201 668.1229 15 20.75407
602.3334 676.1368 15 20.78743
600.6508 683.447 15 20.8208
598.9044 690.8525 15 20.85417
597.0792 698.142 15 20.88753
595.523 705.3856 15 20.9209
593.867 712.4569 15 20.95427
592.4715 719.818 15 20.98763
590.9465 727.1843 15 21.021
588.9158 734.6166 15 21.05437
587.1983 741.8326 15 21.08773
585.3465 748.7952 15 21.1211
583.6854 756.0393 15 21.15447
581.9009 763.5733 15 21.18783
580.4468 770.7805 15 21.2212
575.2435 769.9772 15 21.25457
571.1953 771.755 15 21.28793
564.8243 772.9573 15 21.3213
558.583 776.6467 15 21.35467
552.7075 781.9081 15 21.38803
548.2524 788.0807 15 21.4214
544.4588 794.9676 15 21.45477
539.555 796.5233 15 21.48813
534.1159 799.0945 15 21.5215
528.2228 801.8902 15 21.55487
521.8274 805.2487 15 21.58823
516.4399 808.6224 15 21.6216
511.0029 813.4341 15 21.65497
505.3682 818.4413 15 21.68833
502.252 822.8474 15 21.7217
502.5326 821.95 15 21.75507
501.6666 822.3079 15 21.78843
503.0841 823.9124 15 21.8218
505.3196 827.6348 15 21.85517
507.6212 830.9672 15 21.88853
509.7004 833.7731 15 21.9219
513.8109 838.6855 15 21.95527
516.9804 843.0925 15 21.98863
518.5746 847.164 15 22.022
520.1108 853.1781 15 22.05537
523.3349 860.9787 15 22.08873
524.0658 867.3592 15 22.1221
523.2641 873.2466 15 22.15547
520.9782 874.0917 15 22.18883
517.8926 876.3365 15 22.2222
514.3252 880.6331 15 22.25557
512.1671 886.3114 15 22.28893
512.5425 893.466 15 22.3223
510.7656 899.5917 15 22.35567
508.992 905.8928 15 22.38903
507.6873 912.6 15 22.4224
507.119 919.6875 15 22.45577
506.3352 926.7908 15 22.48913
505.7135 933.8871 15 22.5225
504.9342 931.7227 15 22.55587
503.6368 931.4654 15 22.58923
504.4944 933.5776 15 22.6226
502.5441 933.995 15 22.65597
500.0866 934.8733 15 22.68933
496.4385 935.8981 15 22.7227
492.4926 935.7451 15 22.75607
486.8111 935.3724 15 22.78943
483.6689 936.0551 15 22.8228
484.1533 936.1321 15 22.85617
482.2689 935.8418 15 22.88953
480.4285 936.562 15 22.9229
479.6783 934.7925 15 22.95627
478.2037 935.311 15 22.98963
480.9938 935.7744 15 23.023
484.4015 934.6908 15 23.05637
487.7931 934.7928 15 23.08973
493.2989 932.8516 15 23.1231
500.226 934.3166 15 23.15647
507.3158 934.2407 15 23.18983
513.3194 934.0545 15 23.2232
518.304 932.9365 15 23.25657
522.7055 933.6856 15 23.28993
532.5199 931.5179 15 23.3233
532.5199 931.5179 15 23.35667
537.4619 931.8407 15 23.39003
549.6878 929.6857 15 23.4234
549.6878 929.6857 15 23.45677
554.8361 928.5685 15 23.49013
563.9063 927.5994 15 23.5235
563.9063 927.5994 15 23.55687
569.5238 926.7645 15 23.59023
581.4737 923.6921 15 23.6236
581.4737 923.6921 15 23.65697
593.8681 920.7085 15 23.69033
599.3194 917.9024 15 23.7237
599.3194 917.9024 15 23.75707
611.736 914.8133 15 23.79043
619.115 913.2517 15 23.8238
619.115 913.2517 15 23.85717
632.2508 907.6101 15 23.89053
633.9742 907.4219 15 23.9239
635.1634 906.1132 15 23.95727
637.0735 906.718 15 23.99063
638.723 906.0207 15 24.024
639.9327 903.688 15 24.05737
641.5605 904.2488 15 24.09073
642.93 903.4791 15 24.1241
644.1287 902.4603 15 24.15747
646.5885 901.8004 15 24.19083
648.165 900.3841 15 24.2242
651.1916 898.0212 15 24.25757
655.02 899.1576 15 24.29093
660.5692 895.3092 15 24.3243
666.1318 893.4341 15 24.35767
668.0446 892.9989 15 24.39103
668.0991 892.7091 15 24.4244
669.0523 891.443 15 24.45777
669.2803 892.0561 15 24.49113
669.0904 891.1668 15 24.5245
668.887 891.2 15 24.55787
670.8139 891.8646 15 24.59123
668.7261 891.9529 15 24.6246
671.3748 892.8755 15 24.65797
670.4729 890.9078 15 24.69133
672.1227 888.401 15 24.7247
672.5408 885.78 15 24.75807
674.0846 884.3982 15 24.79143
675.1812 885.3178 15 24.8248
676.9233 886.8164 15 24.85817
678.8972 886.9405 15 24.89153
681.2678 884.1816 15 24.9249
683.3043 882.3887 15 24.95827
684.1008 879.6205 15 24.99163
683.2856 874.7261 15 25.025
682.2241 869.3915 15 25.05837
679.968 863.4918 15 25.09173
678.5702 855.8779 15 25.1251
676.942 851.6175 15 25.15847
672.1415 845.9922 15 25.19183
667.8789 839.7473 15 25.2252
663.8692 832.7964 15 25.25857
656.7132 827.2794 15 25.29193
651.0144 821.981 15 25.3253
645.4955 815.6006 15 25.35867
639.6389 809.7977 15 25.39203
634.3367 803.9802 15 25.4254
629.1345 798.3539 15 25.45877
623.6379 792.4777 15 25.49213
618.5265 786.4153 15 25.5255
613.5217 780.4472 15 25.55887
608.4882 774.527 15 25.59223
603.4634 768.7771 15 25.6256
598.4167 763.0656 15 25.65897
593.1357 757.2552 15 25.69233
587.9556 751.6776 15 25.7257
582.2918 746.3581 15 25.75907
576.7879 740.7428 15 25.79243
570.9343 735.8764 15 25.8258
565.1678 730.5644 15 25.85917
559.5475 725.7184 15 25.89253
553.1469 720.5886 15 25.9259
547.5052 715.6732 15 25.95927
541.4645 710.6545 15 25.99263
535.2816 706.0582 15 26.026
528.8157 701.6063 15 26.05937
522.7189 697.0486 15 26.09273
515.6552 693.1671 15 26.1261
509.131 688.774 15 26.15947
502.0111 685.2513 15 26.19283
495.3265 681.5581 15 26.2262
487.5854 678.2615 15 26.25957
480.0427 674.9358 15 26.29293
472.4508 671.579 15 26.3263
465.6229 668.5899 15 26.35967
458.6928 665.6123 15 26.39303
451.4333 662.6696 15 26.4264
443.9718 659.5814 15 26.45977
437.3096 656.898 15 26.49313
429.7122 654.0274 15 26.5265
422.5073 651.7833 15 26.55987
415.3942 649.4856 15 26.59323
409.0976 653.4603 15 26.6266
402.7683 655.4159 15 26.65997
394.4789 656.5904 15 26.69333
386.597 656.3249 15 26.7267
378.5799 655.7769 15 26.76007
370.7431 655.1765 15 26.79343
363.0183 654.4298 15 26.8268
355.2913 653.7958 15 26.86017
347.5753 653.5351 15 26.89353
339.5232 653.3017 15 26.9269
331.996 652.8056 15 26.96027
324.3068 652.7386 15 26.99363
317.1621 652.3186 15 27.027
309.0357 652.5016 15 27.06037
300.5462 652.8866 15 27.09373
292.8318 653.4622 15 27.1271
285.5218 654.0432 15 27.16047
277.2567 654.4159 15 27.19383
269.4394 654.9798 15 27.2272
261.9705 655.208 15 27.26057
254.3087 655.5778 15 27.29393
246.5743 656.0598 15 27.3273
238.7179 656.8933 15 27.36067
230.9373 657.6785 15 27.39403
222.9569 658.4878 15 27.4274
215.146 659.5984 15 27.46077
206.9389 660.9656 15 27.49413
199.3197 662.2893 15 27.5275
191.8149 663.8213 15 27.56087
184.2828 665.1286 15 27.59423
176.0154 666.8243 15 27.6276
168.7795 668.4137 15 27.66097
160.2395 669.9558 15 27.69433
153.7837 672.5826 15 27.7277
148.3533 678.7048 15 27.76107
142.7367 684.5305 15 27.79443
137.6781 691.4955 15 27.8278
131.3951 697.2084 15 27.86117
125.4681 701.9122 15 27.89453
120.0089 708.6533 15 27.9279
113.5766 714.4654 15 27.96127
106.9226 719.1489 15 27.99463
100.1923 723.266 15 28.028
99.55832 723.2953 15 28.06137
98.75982 721.7824 15 28.09473
95.67828 720.0334 15 28.1281
92.95589 716.84 15 28.16147
91.14789 713.0738 15 28.19483
89.61981 710.0871 15 28.2282
87.23761 705.6127 15 28.26157
85.84791 701.5825 15 28.29493
84.85826 699.2395 15 28.3283
84.75736 699.8289 15 28.36167
85.19022 700.9347 15 28.39503
87.09976 703.6537 15 28.4284
88.45303 705.6032 15 28.46177
89.42848 708.8835 15 28.49513
92.6403 712.3694 15 28.5285
93.76338 716.8799 15 28.56187
98.27427 720.5619 15 28.59523
100.3309 726.3749 15 28.6286
102.9378 730.3816 15 28.66197
105.4512 736.6282 15 28.69533
110.0565 740.6132 15 28.7287
112.4086 745.8355 15 28.76207
117.7143 750.471 15 28.79543
120.4514 756.1606 15 28.8288
122.2358 758.9282 15 28.86217
126.7813 763.3524 15 28.89553
129.0021 767.6983 15 28.9289
131.5853 770.9061 15 28.96227
133.989 774.1139 15 28.99563
137.0582 778.8562 15 29.029
138.8299 780.6894 15 29.06237
139.9218 782.1742 15 29.09573
140.508 783.3272 15 29.1291
140.1648 782.3289 15 29.16247
140.2465 781.6386 15 29.19583
138.3375 780.368 15 29.2292
137.4374 778.3963 15 29.26257
135.3699 776.2926 15 29.29593
132.9953 773.8466 15 29.3293
130.5658 770.6287 15 29.36267
129.2455 768.4342 15 29.39603
127.1702 766.1993 15 29.4294
127.0876 765.4896 15 29.46277
129.5186 767.8419 15 29.49613
133.107 771.2638 15 29.5295
137.9964 774.4099 15 29.56287
139.5549 780.3652 15 29.59623
143.8619 785.495 15 29.6296
149.8058 788.5347 15 29.66297
155.9038 793.0834 15 29.69633
160.8049 799.2739 15 29.7297
164.5351 806.0869 15 29.76307
169.0429 811.6901 15 29.79643
173.2415 816.2547 15 29.8298
178.4342 820.9217 15 29.86317
185.6475 824.0333 15 29.89653
192.3351 828.9692 15 29.9299
198.4236 835.0953 15 29.96327
203.4882 841.7145 15 29.99663
209.1162 844.9825 15 30.03
215.3624 849.0532 15 30.06337
220.4792 854.3601 15 30.09673
224.6442 857.5195 15 30.1301
231.1401 860.997 15 30.16347
237.2692 865.1563 15 30.19683
243.8969 869.9253 15 30.2302
250.6599 872.9689 15 30.26357
258.2457 878.0732 15 30.29693
265.0071 882.1562 15 30.3303
270.4733 884.5398 15 30.36367
275.9087 888.1067 15 30.39703
279.7277 890.2247 15 30.4304
282.5148 891.6321 15 30.46377
283.7086 892.1547 15 30.49713
283.0344 891.2938 15 30.5305
279.5013 889.3013 15 30.56387
274.2924 885.7489 15 30.59723
269.9569 881.053 15 30.6306
263.9754 878.9066 15 30.66397
258.1143 876.7195 15 30.69733
250.6783 875.298 15 30.7307
247.6292 869.8734 15 30.76407
241.6649 867.7487 15 30.79743
235.6587 864.8955 15 30.8308
231.0085 859.7812 15 30.86417
225.2405 856.2245 15 30.89753
218.7671 853.2244 15 30.9309
214.2102 848.2753 15 30.96427
209.4453 843.2379 15 30.99763
202.9029 839.9891 15 31.031
197.0969 836.409 15 31.06437
193.2079 830.8418 15 31.09773
188.1128 827.7579 15 31.1311
182.7828 824.4269 15 31.16447
180.2469 817.673 15 31.19783
175.6776 814.0185 15 31.2312
172.3588 814.0998 15 31.26457
170.1956 812.5912 15 31.29793
167.7989 810.4357 15 31.3313
167.4055 809.1145 15 31.36467
164.4169 807.1727 15 31.39803
163.2636 805.6513 15 31.4314
163.0342 804.6863 15 31.46477
161.7129 805.4302 15 31.49813
161.6889 805.9638 15 31.5315
162.2825 806.6287 15 31.56487
164.6539 805.4344 15 31.59823
164.5297 802.5428 15 31.6316
165.2861 801.2366 15 31.66497
165.8733 800.8859 15 31.69833
166.1929 800.6318 15 31.7317
167.1005 799.9339 15 31.76507
167.174 799.3031 15 31.79843
168.804 797.7548 15 31.8318
170.9389 796.8894 15 31.86517
169.8085 796.0433 15 31.89853
170.2852 795.2051 15 31.9319
171.7902 794.5736 15 31.96527
174.5731 793.3858 15 31.99863
176.5633 791.4618 15 32.032
177.8131 788.8507 15 32.06537
180.3596 785.5874 15 32.09873
183.2313 782.1734 15 32.1321
185.6819 777.7899 15 32.16547
188.4735 773.1557 15 32.19883
191.3081 767.3967 15 32.2322
193.2157 761.0022 15 32.26557
197.0984 754.1294 15 32.29893
199.513 746.7547 15 32.3323
200.2979 739.1261 15 32.36567
200.3107 731.7499 15 32.39903
200.5788 724.5232 15 32.4324
200.9065 717.3935 15 32.46577
201.059 710.1919 15 32.49913
200.4338 703.1507 15 32.5325
201.3495 695.7818 15 32.56587
201.1723 688.2358 15 32.59923
200.2602 681.4155 15 32.6326
200.3123 673.0769 15 32.66597
199.1665 666.0117 15 32.69933
198.8808 658.5685 15 32.7327
197.45 650.9466 15 32.76607
197.1447 643.7146 15 32.79943
195.5528 636.5384 15 32.8328
194.5723 629.172 15 32.86617
193.0332 621.8815 15 32.89953
191.4738 614.6646 15 32.9329
189.7575 607.3642 15 32.96627
187.2357 600.0264 15 32.99963
185.1029 592.7501 15 33.033
182.854 585.4461 15 33.06637
181.1152 578.1771 15 33.09973
178.8664 570.8879 15 33.1331
176.6181 563.1848 15 33.16647
173.8009 555.722 15 33.19983
171.5806 548.5518 15 33.2332
168.41 541.8419 15 33.26657
165.8124 534.5747 15 33.29993
162.7606 527.8281 15 33.3333
159.6218 520.8659 15 33.36667
156.5152 514.1998 15 33.40003
152.9481 506.4854 15 33.4334
150.2292 499.9756 15 33.46677
145.945 492.084 15 33.50013
143.8337 485.3598 15 33.5335
140.1198 478.5386 15 33.56687
136.0505 471.1339 15 33.60023
133.6339 464.615 15 33.6336
129.0111 457.2984 15 33.66697
126.2179 450.8064 15 33.70033
121.419 443.4226 15 33.7337
118.2328 437.2389 15 33.76707
113.4439 430.7227 15 33.80043
109.3166 424.338 15 33.8338
104.5347 417.2199 15 33.86717
99.52126 410.5925 15 33.90053
95.08628 404.6661 15 33.9339
89.95972 398.433 15 33.96727
84.72306 392.484 15 34.00063
78.55056 386.3685 15 34.034
73.01383 380.7486 15 34.06737
66.34244 375.5554 15 34.10073
60.46087 370.4105 15 34.1341
53.95438 365.694 15 34.16747
51.60637 363.5259 15 34.20083
52.39724 362.0021 15 34.2342
52.76528 359.1555 15 34.26757
53.47963 359.103 15 34.30093
53.47118 357.3585 15 34.3343
54.84362 355.8449 15 34.36767
55.27845 353.3178 15 34.40103
56.29565 350.7254 15 34.4344
57.58231 347.8697 15 34.46777
57.08879 345.6712 15 34.50113
59.35748 342.5306 15 34.5345
61.44292 337.674 15 34.56787
61.18837 334.669 15 34.60123
63.70823 331.0416 15 34.6346
64.34824 327.97 15 34.66797
66.97804 323.3403 15 34.70133
67.21035 320.6199 15 34.7347
69.28511 317.4375 15 34.76807
69.13514 317.1181 15 34.80143
68.75698 318.6187 15 34.8348
67.80171 318.4642 15 34.86817
67.81475 318.3888 15 34.90153
68.11591 319.3183 15 34.9349
67.83435 319.0671 15 34.96827
68.16999 318.8768 15 35.00163
68.01984 318.5739 15 35.035
69.6192 318.0665 15 35.06837
68.31537 316.8144 15 35.10173
69.57863 316.4862 15 35.1351
71.51615 313.5635 15 35.16847
72.28109 310.2029 15 35.20183
74.8633 306.2217 15 35.2352
76.85636 300.4629 15 35.26857
82.34865 294.3245 15 35.30193
83.22587 288.9635 15 35.3353
86.76655 285.242 15 35.36867
88.17131 279.8299 15 35.40203
92.28551 277.066 15 35.4354
92.44329 272.2937 15 35.46877
96.70326 268.0864 15 35.50213
101.7681 263.3991 15 35.5355
101.7781 256.2147 15 35.56887
107.2297 252.8817 15 35.60223
107.8508 247.558 15 35.6356
112.0036 243.1918 15 35.66897
115.2523 239.0678 15 35.70233
118.3234 233.0478 15 35.7357
122.485 228.7224 15 35.76907
124.4032 222.9879 15 35.80243
129.3274 219.5412 15 35.8358
132.8431 215.7595 15 35.86917
136.9357 212.3531 15 35.90253
138.8689 206.9519 15 35.9359
144.3338 204.1133 15 35.96927
146.7916 198.9868 15 36.00263
151.0254 195.7459 15 36.036
154.8609 192.8624 15 36.06937
158.0732 188.0785 15 36.10273
160.6152 185.7687 15 36.1361
163.06 184.4437 15 36.16947
164.7366 182.0017 15 36.20283
165.1221 179.7037 15 36.2362
167.0426 178.107 15 36.26957
171.5536 176.7561 15 36.30293
172.9932 174.6808 15 36.3363
176.4892 171.381 15 36.36967
181.0577 167.6228 15 36.40303
184.5666 163.8522 15 36.4364
188.9058 160.9049 15 36.46977
192.8944 157.2707 15 36.50313
194.5757 154.1555 15 36.5365
198.6144 151.4965 15 36.56987
197.5233 149.2826 15 36.60323
200.1807 149.0919 15 36.6366
199.1429 147.5624 15 36.66997
197.108 148.9567 15 36.70333
199.04 150.4642 15 36.7367
201.2213 154.6075 15 36.77007
202.0312 155.2673 15 36.80343
202.0605 158.1737 15 36.8368
205.3932 160.3389 15 36.87017
207.8823 166.7713 15 36.90353
213.6175 171.2314 15 36.9369
218.1562 177.4577 15 36.97027
222.9863 184.4634 15 37.00363
228.1196 190.2818 15 37.037
233.6451 196.1621 15 37.07037
238.7083 201.8439 15 37.10373
244.0915 207.5473 15 37.1371
250.0274 213.4735 15 37.17047
256.1428 219.1619 15 37.20383
261.7807 224.7926 15 37.2372
267.4404 230.5185 15 37.27057
273.7296 235.7885 15 37.30393
279.7953 240.9841 15 37.3373
286.1911 245.705 15 37.37067
292.4539 250.4347 15 37.40403
299.2097 255.3295 15 37.4374
306.2947 260.4738 15 37.47077
308.8492 267.167 15 37.50413
316.1042 274.4526 15 37.5375
321.2255 278.9264 15 37.57087
327.3158 283.4786 15 37.60423
334.4316 287.3128 15 37.6376
340.9351 290.6034 15 37.67097
349.2135 293.9111 15 37.70433
355.6499 296.2734 15 37.7377
363.0341 299.1118 15 37.77107
370.2066 301.2519 15 37.80443
377.9622 303.6487 15 37.8378
384.8759 305.6477 15 37.87117
392.5779 307.8125 15 37.90453
400.6578 310.4914 15 37.9379
408.04 312.4134 15 37.97127
415.5872 314.6418 15 38.00463
422.9105 316.3385 15 38.038
430.3813 318.0118 15 38.07137
437.9286 319.856 15 38.10473
446.146 320.9818 15 38.1381
454.3905 322.1132 15 38.17147
462.0367 323.041 15 38.20483
469.3719 324.0219 15 38.2382
476.6832 324.839 15 38.27157
484.5297 325.2583 15 38.30493
492.8046 325.5217 15 38.3383
501.1388 325.9458 15 38.37167
508.5323 325.9835 15 38.40503
516.3081 325.8667 15 38.4384
523.5357 326.0902 15 38.47177
530.9567 325.3597 15 38.50513
539.0843 325.9875 15 38.5385
545.869 324.9894 15 38.57187
554.0656 324.3825 15 38.60523
561.1921 323.6154 15 38.6386
569.0411 322.2409 15 38.67197
575.7879 321.0742 15 38.70533
583.4394 319.6395 15 38.7387
588.9581 315.9942 15 38.77207
593.6614 310.8443 15 38.80543
600.5466 306.0441 15 38.8388
606.9832 302.5423 15 38.87217
612.7784 297.7542 15 38.90553
618.4643 293.3815 15 38.9389
625.3568 289.3642 15 38.97227
630.7216 283.5654 15 39.00563
636.8786 279.7184 15 39.039
642.4191 274.4025 15 39.07237
648.8062 270.1639 15 39.10573
654.3811 263.8922 15 39.1391
660.7715 258.7856 15 39.17247
667.9016 254.056 15 39.20583
674.3392 250.1459 15 39.2392
680.9929 245.4833 15 39.27257
687.0326 240.8246 15 39.30593
692.8512 236.5021 15 39.3393
698.3307 231.9884 15 39.37267
704.0878 226.6609 15 39.40603
709.868 219.9599 15 39.4394
715.7866 214.4089 15 39.47277
721.8126 208.6431 15 39.50613
726.8944 203.8664 15 39.5395
732.7433 198.2038 15 39.57287
738.382 191.8004 15 39.60623
744.6889 186.9836 15 39.6396
750.1078 181.6388 15 39.67297
756.0691 177.5234 15 39.70633
761.9278 172.4346 15 39.7397
767.5764 167.4638 15 39.77307
768.8679 168.0503 15 39.80643
770.4526 170.0339 15 39.8398
773.9355 173.0321 15 39.87317
777.3087 175.6457 15 39.90653
779.5073 178.035 15 39.9399
782.7721 180.7492 15 39.97327
785.6452 184.7112 15 40.00663
789.6286 188.0361 15 40.04
790.5376 190.277 15 40.07337
791.6977 190.9277 15 40.10673
793.6094 193.1116 15 40.1401
794.4106 193.2013 15 40.17347
796.3554 193.3476 15 40.20683
796.7049 194.1474 15 40.2402
796.9698 193.8456 15 40.27357
795.242 192.4773 15 40.30693
791.7634 189.2221 15 40.3403
787.0379 185.2422 15 40.37367
782.6785 179.0167 15 40.40703
777.0176 173.4132 15 40.4404
771.8419 168.638 15 40.47377
765.8126 164.7672 15 40.50713
762.4713 161.5025 15 40.5405
758.5207 157.7367 15 40.57387
754.4246 155.1028 15 40.60723
749.8185 151.362 15 40.6406
745.188 147.2603 15 40.67397
741.5172 144.4483 15 40.70733
738.1492 142.6812 15 40.7407
735.1 139.931 15 40.77407
732.3178 137.9633 15 40.80743
728.5566 136.0432 15 40.8408
725.2963 133.1022 15 40.87417
721.508 130.1222 15 40.90753
718.0097 128.3355 15 40.9409
713.2309 125.0424 15 40.97427
709.9287 122.4459 15 41.00763
707.3626 121.1321 15 41.041
705.6567 120.2005 15 41.07437
702.2431 118.0534 15 41.10773
699.4091 116.4781 15 41.1411
695.875 114.7629 15 41.17447
693.959 113.2995 15 41.20783
691.0903 111.8821 15 41.2412
688.3002 110.2464 15 41.27457
682.874 108.876 15 41.30793
680.8534 106.6553 15 41.3413
680.6916 105.093 15 41.37467
680.043 105.253 15 41.40803
678.9613 104.8948 15 41.4414
677.4494 105.1476 15 41.47477
675.4882 102.3531 15 41.50813
673.7623 101.2529 15 41.5415
672.905 101.7883 15 41.57487
673.8468 102.3674 15 41.60823
674.6066 102.9256 15 41.6416
676.3072 103.7727 15 41.67497
677.2694 105.6994 15 41.70833
678.9271 106.8402 15 41.7417
679.9959 108.3125 15 41.77507
683.9113 108.2288 15 41.80843
689.6023 111.4453 15 41.8418
691.4621 112.4725 15 41.87517
692.9802 114.3044 15 41.90853
698.2641 116.7162 15 41.9419
702.9012 120.2012 15 41.97527
708.4187 123.156 15 42.00863
713.8985 127.5403 15 42.042
719.8653 129.4924 15 42.07537
724.7473 134.1631 15 42.10873
729.8956 136.3222 15 42.1421
729.3928 139.3823 15 42.17547
731.8976 139.228 15 42.20883
733.7701 138.6355 15 42.2422
735.3504 139.9988 15 42.27557
736.9628 141.0338 15 42.30893
737.9226 141.2338 15 42.3423
737.7323 142.086 15 42.37567
740.3999 143.3178 15 42.40903
742.051 144.0032 15 42.4424
743.2939 145.8986 15 42.47577
745.7181 147.4576 15 42.50913
747.5195 147.8235 15 42.5425
749.6491 151.5057 15 42.57587
752.8609 153.5679 15 42.60923
754.9927 155.2214 15 42.6426
757.4205 157.8141 15 42.67597
760.2916 160.6526 15 42.70933
763.0976 164.4174 15 42.7427
765.2006 169.0119 15 42.77607
767.023 176.8566 15 42.80943
767.607 185.2297 15 42.8428
767.4392 192.9867 15 42.87617
766.5483 200.7926 15 42.90953
765.2352 208.1842 15 42.9429
763.6898 215.706 15 42.97627
761.7781 223.2438 15 43.00963
760.4982 230.8222 15 43.043
758.87 238.3361 15 43.07637
757.3803 246.0167 15 43.10973
755.929 253.2569 15 43.1431
754.4801 260.7127 15 43.17647
753.1783 267.698 15 43.20983
751.4658 274.6446 15 43.2432
749.6135 281.9128 15 43.27657
748.2995 289.2642 15 43.30993
746.0508 296.3806 15 43.3433
744.323 303.3917 15 43.37667
742.5223 310.6141 15 43.41003
740.6081 318.0582 15 43.4434
738.5722 325.3669 15 43.47677
736.8637 332.3677 15 43.51013
735.0559 339.4012 15 43.5435
733.3183 346.6537 15 43.57687
731.3833 353.3509 15 43.61023
729.4836 360.0377 15 43.6436
727.9792 367.0306 15 43.67697
726.7881 374.5368 15 43.71033
725.4668 381.8779 15 43.7437
724.0842 389.4441 15 43.77707
720.9244 392.3169 15 43.81043
716.9156 394.8339 15 43.8438
714.4037 399.0426 15 43.87717
710.6356 403.3178 15 43.91053
705.9539 407.1429 15 43.9439
702.5275 413.1737 15 43.97727
699.3105 419.5856 15 44.01063
696.3975 425.9885 15 44.044
693.5291 432.8063 15 44.07737
690.6881 439.2467 15 44.11073
688.0039 445.7984 15 44.1441
685.2605 452.9539 15 44.17747
682.1613 459.9161 15 44.21083
679.2648 466.7426 15 44.2442
676.4775 473.566 15 44.27757
673.7303 480.4882 15 44.31093
670.5129 487.2368 15 44.3443
667.744 494.0806 15 44.37767
665.1016 501.1165 15 44.41103
662.3096 508.2698 15 44.4444
659.8229 515.411 15 44.47777
657.261 522.8013 15 44.51113
654.8728 529.8667 15 44.5445
652.4712 536.8998 15 44.57787
649.9201 543.6745 15 44.61123
647.7414 550.6672 15 44.6446
645.4837 557.4455 15 44.67797
643.3115 564.2385 15 44.71133
641.0329 571.1947 15 44.7447
638.6451 578.4747 15 44.77807
636.3091 585.7714 15 44.81143
633.9508 592.1224 15 44.8448
631.9958 598.9237 15 44.87817
629.701 605.8736 15 44.91153
627.8232 612.8949 15 44.9449
626.1612 620.4747 15 44.97827
624.3572 627.0233 15 45.01163
622.6279 634.0678 15 45.045
620.7615 641.1226 15 45.07837
619.0205 648.5505 15 45.11173
617.2998 655.921 15 45.1451
615.8941 663.0126 15 45.17847
614.2917 670.7067 15 45.21183
612.7978 678.1861 15 45.2452
611.2631 685.5596 15 45.27857
609.5345 693.0021 15 45.31193
608.1806 700.3196 15 45.3453
606.496 708.0678 15 45.37867
605.0918 715.7232 15 45.41203
603.5187 723.2311 15 45.4454
602.0051 731.0216 15 45.47877
601.1147 738.46 15 45.51213
600.1388 745.7723 15 45.5455
599.2633 753.0848 15 45.57887
600.8636 757.1906 15 45.61223
603.0641 755.8707 15 45.6456
602.7887 755.0637 15 45.67897
600.8857 754.723 15 45.71233
598.6274 753.3112 15 45.7457
597.0897 753.1684 15 45.77907
594.6767 753.1103 15 45.81243
594.8096 755.5911 15 45.8458
597.8142 756.4181 15 45.87917
597.4923 758.0647 15 45.91253
602.2234 761.2881 15 45.9459
605.6549 764.2503 15 45.97927
610.2618 767.8714 15 46.01263
613.9282 771.089 15 46.046
616.7473 774.4179 15 46.07937
620.2186 777.6822 15 46.11273
625.605 781.0346 15 46.1461
631.28 784.3636 15 46.17947
638.027 787.6442 15 46.21283
644.3201 790.2455 15 46.2462
650.9427 792.9898 15 46.27957
657.2629 795.431 15 46.31293
664.1622 798.1054 15 46.3463
672.2846 799.6106 15 46.37967
678.7932 803.3137 15 46.41303
686.8354 804.5123 15 46.4464
694.4732 807.8174 15 46.47977
701.9976 809.2995 15 46.51313
709.8491 810.7278 15 46.5465
716.4169 812.9854 15 46.57987
723.8755 813.9059 15 46.61323
730.8919 815.9785 15 46.6466
738.7715 816.4751 15 46.67997
746.0119 818.488 15 46.71333
753.5479 819.6145 15 46.7467
761.1875 821.0748 15 46.78007
768.4962 822.5267 15 46.81343
774.0239 822.2523 15 46.8468
776.4874 819.5309 15 46.88017
779.7778 817.4339 15 46.91353
782.5598 814.3192 15 46.9469
785.8104 812.1098 15 46.98027
790.0836 807.7101 15 47.01363
792.6762 804.7063 15 47.047
795.3886 802.0023 15 47.08037
796.6198 801.4877 15 47.11373
798.0344 800.2576 15 47.1471
797.4573 799.7856 15 47.18047
798.036 800.0604 15 47.21383
797.9329 800.1452 15 47.2472
798.5288 798.8348 15 47.28057
799.9021 797.9003 15 47.31393
800.2332 797.2024 15 47.3473
802.5046 795.8334 15 47.38067
804.7941 793.4763 15 47.41403
806.2369 791.7022 15 47.4474
808.4205 789.1 15 47.48077
810.4566 786.2789 15 47.51413
811.865 785.1927 15 47.5475
813.1172 782.7393 15 47.58087
814.3794 781.6407 15 47.61423
815.2987 780.1157 15 47.6476
816.2851 779.0532 15 47.68097
818.5644 777.6472 15 47.71433
819.5844 775.1983 15 47.7477
819.4431 775.7224 15 47.78107
819.0881 775.0254 15 47.81443
819.9537 774.4994 15 47.8478
819.3755 774.06 15 47.88117
821.3389 772.7935 15 47.91453
821.2329 771.8283 15 47.9479
822.9948 772.6175 15 47.98127
821.3963 770.5138 15 48.01463
821.9491 770.6786 15 48.048
822.4723 770.8403 15 48.08137
822.0776 770.6509 15 48.11473
823.1096 771.8891 15 48.1481
824.0107 773.0478 15 48.18147
824.6759 770.7597 15 48.21483
824.5498 767.7325 15 48.2482
824.7843 765.4317 15 48.28157
827.3424 764.1557 15 48.31493
829.6123 760.6731 15 48.3483
832.7276 754.5572 15 48.38167
834.7503 751.0904 15 48.41503
837.7857 746.4852 15 48.4484
839.1468 741.9807 15 48.48177
840.7482 736.1569 15 48.51513
841.7751 729.2617 15 48.5485
842.8884 722.7297 15 48.58187
844.0955 714.8182 15 48.61523
844.7789 708.4622 15 48.6486
845.9629 700.6701 15 48.68197
847.2213 695.2281 15 48.71533
848.4706 692.5359 15 48.7487
850.5931 688.7263 15 48.78207
852.7416 685.1392 15 48.81543
853.8334 680.116 15 48.8488
854.285 674.7418 15 48.88217
855.6447 668.0119 15 48.91553
856.7874 661.306 15 48.9489
857.3383 654.8412 15 48.98227
858.4737 648.0254 15 49.01563
859.6439 641.2823 15 49.049
860.9087 634.665 15 49.08237
862.4788 628.3083 15 49.11573
863.992 621.345 15 49.1491
865.8591 614.4251 15 49.18247
867.1568 607.2842 15 49.21583
868.5952 600.1107 15 49.2492
865.3645 598.1549 15 49.28257
861.605 595.8988 15 49.31593
857.8918 591.9757 15 49.3493
853.6429 588.3001 15 49.38267
851.9049 581.4459 15 49.41603
852.1643 575.2295 15 49.4494
852.7271 568.3044 15 49.48277
853.9058 562.0021 15 49.51613
855.4799 555.6891 15 49.5495
857.0589 548.9269 15 49.58287
858.5224 542.7208 15 49.61623
860.2054 535.9633 15 49.6496
862.1567 528.924 15 49.68297
863.4927 521.5922 15 49.71633
865.3204 513.7935 15 49.7497
864.7178 509.62 15 49.78307
865.3227 504.8645 15 49.81643
863.7496 500.793 15 49.8498
861.2249 495.0382 15 49.88317
860.2249 488.7796 15 49.91653
861.0506 482.1412 15 49.9499
862.4727 475.7461 15 49.98327
863.9192 469.3665 15 50.01663
865.8681 462.6359 15 50.05
867.6679 456.4973 15 50.08337
869.6636 450.1626 15 50.11673
871.6612 443.1228 15 50.1501
873.6036 436.4413 15 50.18347
875.7931 429.0046 15 50.21683
878.2797 422.7124 15 50.2502
880.1463 416.3936 15 50.28357
882.2829 410.4639 15 50.31693
884.8404 404.2518 15 50.3503
887.2863 397.4852 15 50.38367
890.3221 391.0735 15 50.41703
893.1359 384.5775 15 50.4504
895.4563 378.6469 15 50.48377
897.9587 372.289 15 50.51713
899.2185 366.3582 15 50.5505
896.5915 360.8942 15 50.58387
895.0346 354.0069 15 50.61723
891.8879 349.3023 15 50.6506
890.3236 342.9818 15 50.68397
888.3441 337.4365 15 50.71733
885.8607 330.7396 15 50.7507
881.9448 325.5344 15 50.78407
876.8622 318.8419 15 50.81743
874.5794 311.4709 15 50.8508
873.4252 303.9234 15 50.88417
871.2199 298.5191 15 50.91753
869.1525 295.1413 15 50.9509
864.7826 288.7631 15 50.98427
861.8613 281.3585 15 51.01763
858.2746 273.9765 15 51.051
854.5082 267.5828 15 51.08437
850.0099 261.484 15 51.11773
846.0082 256.7904 15 51.1511
842.7453 249.9236 15 51.18447
837.7369 243.514 15 51.21783
833.4177 237.6429 15 51.2512
830.9923 233.1189 15 51.28457
830.5241 233.0949 15 51.31793
829.6258 231.4646 15 51.3513
831.9402 234.932 15 51.38467
833.2657 235.0405 15 51.41803
832.5895 235.213 15 51.4514
832.2661 235.568 15 51.48477
830.4284 233.421 15 51.51813
828.1519 230.6071 15 51.5515
825.7002 225.4827 15 51.58487
820.8553 220.8587 15 51.61823
816.128 215.7727 15 51.6516
810.7374 210.1656 15 51.68497
805.1048 205.7715 15 51.71833
798.6435 200.6932 15 51.7517
792.0192 196.6742 15 51.78507
785.2034 191.8817 15 51.81843
778.9869 187.9044 15 51.8518
771.8411 183.5051 15 51.88517
764.5115 179.3173 15 51.91853
757.4713 175.9042 15 51.9519
750.6665 172.6036 15 51.98527
743.6998 169.3307 15 52.01863
736.7913 166.3386 15 52.052
729.8048 163.4923 15 52.08537
723.0503 160.5873 15 52.11873
716.4226 158.0004 15 52.1521
709.4218 155.1745 15 52.18547
703.0455 152.3725 15 52.21883
695.9462 149.5927 15 52.2522
688.5519 147.0474 15 52.28557
681.302 144.0495 15 52.31893
674.1605 141.8838 15 52.3523
667.716 140.0939 15 52.38567
659.4142 136.8108 15 52.41903
653.0285 135.5326 15 52.4524
645.7752 132.7879 15 52.48577
637.5852 130.9149 15 52.51913
636.6467 128.1785 15 52.5525
633.6755 126.2419 15 52.58587
632.3379 123.7932 15 52.61923
631.1947 120.3695 15 52.6526
632.4047 117.3757 15 52.68597
631.4001 112.0459 15 52.71933
632.2611 109.0085 15 52.7527
633.1804 103.1952 15 52.78607
631.8303 98.71619 15 52.81943
631.4067 93.03954 15 52.8528
631.3608 86.46817 15 52.88617
629.0709 83.44776 15 52.91953
624.2418 82.82157 15 52.9529
620.6536 79.56383 15 52.98627
618.8473 79.21658 15 53.01963
617.1298 76.26687 15 53.053
611.7474 76.75074 15 53.08637
609.806 74.99342 15 53.11973
607.3051 75.30631 15 53.1531
602.9163 73.55547 15 53.18647
600.5084 72.76217 15 53.21983
595.7188 71.2653 15 53.2532
590.5296 71.17521 15 53.28657
588.6998 68.55991 15 53.31993
584.4789 68.99627 15 53.3533
582.6522 67.17032 15 53.38667
579.0599 67.18886 15 53.42003
578.4488 67.08847 15 53.4534
576.9837 65.04879 15 53.48677
577.0394 65.99205 15 53.52013
574.7011 64.53855 15 53.5535
573.7468 64.56356 15 53.58687
572.4269 65.75371 15 53.62023
571.4017 65.84809 15 53.6536
570.6438 70.18689 15 53.68697
570.5579 73.14881 15 53.72033
571.2124 79.55129 15 53.7537
570.3982 85.80056 15 53.78707
571.792 92.12676 15 53.82043
570.609 98.3564 15 53.8538
568.8521 105.932 15 53.88717
565.4078 113.8878 15 53.92053
561.2993 120.5108 15 53.9539
556.7772 126.7849 15 53.98727
551.8515 132.2808 15 54.02063
546.9271 138.1584 15 54.054
541.7082 143.8738 15 54.08737
536.3888 149.4878 15 54.12073
530.5669 155.121 15 54.1541
524.9145 160.4726 15 54.18747
519.3643 166.726 15 54.22083
512.9578 172.5731 15 54.2542
507.9348 178.4123 15 54.28757
502.9279 184.7958 15 54.32093
498.1083 191.074 15 54.3543
493.2701 197.3648 15 54.38767
488.5052 203.5467 15 54.42103
484.8485 207.8085 15 54.4544
482.2145 212.0761 15 54.48777
479.284 216.4905 15 54.52113
477.1292 222.2026 15 54.5545
474.6169 228.0887 15 54.58787
472.7477 235.6713 15 54.62123
470.5628 242.7224 15 54.6546
468.5711 249.7756 15 54.68797
466.9665 256.6314 15 54.72133
464.7753 264.0328 15 54.7547
462.9866 271.6798 15 54.78807
461.2668 278.1465 15 54.82143
459.7202 286.0042 15 54.8548
457.9248 293.263 15 54.88817
455.7006 300.5901 15 54.92153
454.5506 308.3806 15 54.9549
452.7722 316.0245 15 54.98827
451.341 323.4162 15 55.02163
450.3834 331.154 15 55.055
449.4232 338.3697 15 55.08837
448.6271 347.3598 15 55.12173
448.1132 356.0648 15 55.1551
447.7009 364.3775 15 55.18847
446.9055 372.0538 15 55.22183
446.9112 380.2771 15 55.2552
446.8021 387.8215 15 55.28857
446.917 395.5425 15 55.32193
446.9402 403.3595 15 55.3553
446.7693 411.284 15 55.38867
447.4109 419.041 15 55.42203
447.801 426.9433 15 55.4554
447.472 434.5667 15 55.48877
447.9945 442.4672 15 55.52213
447.8327 450.176 15 55.5555
448.29 457.9202 15 55.58887
448.0962 465.525 15 55.62223
448.5844 472.5472 15 55.6556
449.2441 479.6119 15 55.68897
449.0483 486.3049 15 55.72233
449.532 493.3678 15 55.7557
449.2261 500.5355 15 55.78907
449.2408 507.9726 15 55.82243
449.2407 515.3281 15 55.8558
449.0564 522.573 15 55.88917
448.4199 529.8244 15 55.92253
448.6617 537.1677 15 55.9559
448.5323 544.7771 15 55.98927
448.8756 552.3923 15 56.02263
449.108 559.5434 15 56.056
449.4318 566.9089 15 56.08937
450.2407 574.1428 15 56.12273
450.6205 581.2988 15 56.1561
451.7008 588.577 15 56.18947
452.4492 595.7242 15 56.22283
453.2618 603.1498 15 56.2562
454.8405 610.5727 15 56.28957
455.9807 617.8726 15 56.32293
457.0749 625.0411 15 56.3563
459.4078 632.2411 15 56.38967
461.3843 639.597 15 56.42303
463.0723 646.7649 15 56.4564
465.5079 653.8785 15 56.48977
466.9823 660.4917 15 56.52313
469.7523 667.6655 15 56.5565
471.7619 674.5298 15 56.58987
474.0001 681.1401 15 56.62323
475.5171 687.1988 15 56.6566
475.3021 691.2832 15 56.68997
479.434 701.8232 15 56.72333
479.434 701.8232 15 56.7567
481.4655 707.853 15 56.79007
487.548 720.9486 15 56.82343
487.548 720.9486 15 56.8568
490.9778 727.2166 15 56.89017
496.6942 740.4985 15 56.92353
496.6942 740.4985 15 56.9569
504.3673 754.7378 15 56.99027
508.8758 761.4666 15 57.02363
508.8758 761.4666 15 57.057
518.9613 769.3981 15 57.09037
525.4615 770.5612 15 57.12373
525.4615 770.5612 15 57.1571
529.2285 772.9715 15 57.19047
530.1572 776.1341 15 57.22383
530.1572 776.1341 15 57.2572
538.3145 778.3229 15 57.29057
541.5931 780.3503 15 57.32393
544.4722 780.535 15 57.3573
549.0333 781.0498 15 57.39067
555.3953 781.0839 15 57.42403
562.4818 781.8862 15 57.4574
566.6614 781.4607 15 57.49077
563.7339 777.5629 15 57.52413
565.8568 776.7043 15 57.5575
565.6632 773.8578 15 57.59087
565.4265 770.2292 15 57.62423
568.0231 764.1092 15 57.6576
569.7142 759.4411 15 57.69097
569.5817 753.6277 15 57.72433
572.6052 747.7799 15 57.7577
573.3198 740.412 15 57.79107
574.6926 734.2872 15 57.82443
574.874 728.2404 15 57.8578
578.5128 721.6771 15 57.89117
582.2957 714.7622 15 57.92453
586.4505 706.8038 15 57.9579
590.6402 698.3561 15 57.99127
593.6114 690.6448 15 58.02463
596.2658 683.3179 15 58.058
598.9503 676.3472 15 58.09137
600.647 668.8731 15 58.12473
602.3542 661.3635 15 58.1581
603.8077 653.6281 15 58.19147
605.1877 646.0402 15 58.22483
606.5155 638.7019 15 58.2582
607.474 631.2577 15 58.29157
608.7968 623.9099 15 58.32493
609.4377 616.9245 15 58.3583
610.0181 608.8497 15 58.39167
610.9033 601.0254 15 58.42503
611.1769 593.4405 15 58.4584
611.7135 585.9452 15 58.49177
611.881 578.4477 15 58.52513
611.7128 570.6893 15 58.5585
611.2835 563.0176 15 58.59187
610.3536 555.7991 15 58.62523
609.5004 548.5476 15 58.6586
607.9486 541.0262 15 58.69197
606.4045 533.9064 15 58.72533
604.4774 526.6019 15 58.7587
602.7849 519.5815 15 58.79207
600.741 512.7481 15 58.82543
598.3709 504.7542 15 58.8588
596.0212 497.4593 15 58.89217
593.7973 490.2713 15 58.92553
591.0262 482.9983 15 58.9589
588.543 475.659 15 58.99227
586.4106 468.5285 15 59.02563
584.0674 461.3915 15 59.059
582.1429 454.2861 15 59.09237
579.7482 446.7772 15 59.12573
577.1888 439.8786 15 59.1591
574.4958 432.4435 15 59.19247
571.9864 425.5442 15 59.22583
568.9335 418.3948 15 59.2592
565.8449 411.2221 15 59.29257
562.3578 404.1569 15 59.32593
558.4021 397.3248 15 59.3593
554.6764 390.0276 15 59.39267
550.8978 383.6232 15 59.42603
547.2113 377.5337 15 59.4594
542.9165 370.7664 15 59.49277
539.3301 364.2483 15 59.52613
535.0037 357.7012 15 59.5595
530.5149 351.342 15 59.59287
526.0053 345.2667 15 59.62623
521.0831 338.8899 15 59.6596
516.1721 332.9217 15 59.69297
511.3905 327.1922 15 59.72633
506.2433 321.3553 15 59.7597
501.237 315.6238 15 59.79307
496.3387 309.7756 15 59.82643
490.8271 304.0121 15 59.8598
485.2116 298.4644 15 59.89317
479.4108 293.2461 15 59.92653
472.551 288.4064 15 59.9599
466.9492 283.234 15 59.99327
461.4119 277.8893 15 60.02663
455.4139 272.7798 15 60.06
449.9643 268.1483 15 60.09337
444.0341 263.8334 15 60.12673
437.9712 258.9733 15 60.1601
432.9631 254.602 15 60.19347
427.2256 249.5414 15 60.22683
421.2479 245.0747 15 60.2602
415.2337 240.5451 15 60.29357
408.8315 236.3233 15 60.32693
402.8279 231.9234 15 60.3603
396.1029 226.9062 15 60.39367
389.8182 222.3616 15 60.42703
383.2687 218.0667 15 60.4604
376.4088 213.5899 15 60.49377
369.2174 209.4706 15 60.52713
362.9279 205.4232 15 60.5605
356.3114 201.2741 15 60.59387
350.2381 197.0071 15 60.62723
344.2391 192.762 15 60.6606
337.6997 188.5512 15 60.69397
331.0584 184.2809 15 60.72733
324.1276 180.6834 15 60.7607
317.3435 176.9319 15 60.79407
309.9258 172.5865 15 60.82743
303.1602 169.2162 15 60.8608
296.543 165.462 15 60.89417
290.1703 161.804 15 60.92753
283.0245 158.0968 15 60.9609
276.941 154.5329 15 60.99427
270.6798 150.4303 15 61.02763
264.1118 146.5438 15 61.061
257.6444 142.9187 15 61.09437
250.7916 139.196 15 61.12773
243.5181 135.1451 15 61.1611
236.375 131.4642 15 61.19447
229.2404 127.9851 15 61.22783
225.7177 132.5945 15 61.2612
221.4355 135.8222 15 61.29457
214.3307 137.7621 15 61.32793
209.8554 141.3111 15 61.3613
204.509 145.8666 15 61.39467
197.9738 149.8716 15 61.42803
193.521 156.7188 15 61.4614
184.5711 160.7042 15 61.49477
181.9686 162.7242 15 61.52813
180.1258 164.6195 15 61.5615
178.5046 167.3131 15 61.59487
176.2345 171.4374 15 61.62823
173.7079 174.1866 15 61.6616
171.4058 175.8731 15 61.69497
167.6813 179.2113 15 61.72833
163.9102 184.1406 15 61.7617
160.256 188.1752 15 61.79507
160.7925 191.0074 15 61.82843
160.8138 193.8955 15 61.8618
163.3691 198.3503 15 61.89517
162.4299 203.3939 15 61.92853
161.0219 209.9657 15 61.9619
162.5678 216.562 15 61.99527
162.791 224.5755 15 62.02863
162.8781 231.7139 15 62.062
162.9793 238.7244 15 62.09537
162.1839 244.2666 15 62.12873
161.2497 249.1212 15 62.1621
160.0028 254.375 15 62.19547
158.7164 259.8432 15 62.22883
158.0791 264.0862 15 62.2622
157.3086 271.0588 15 62.29557
156.779 278.9175 15 62.32893
155.7938 286.5256 15 62.3623
152.1844 292.6551 15 62.39567
152.9241 300.6785 15 62.42903
152.1396 306.269 15 62.4624
151.4594 312.8549 15 62.49577
150.2953 319.7527 15 62.52913
148.2383 325.8317 15 62.5625
148.4417 332.7705 15 62.59587
147.2176 339.9042 15 62.62923
147.4473 347.8663 15 62.6626
146.5876 355.2701 15 62.69597
146.4679 362.9284 15 62.72933
146.4963 370.6684 15 62.7627
146.5796 378.1377 15 62.79607
147.4531 386.4096 15 62.82943
148.3122 394.0215 15 62.8628
149.2684 402.2628 15 62.89617
150.055 409.9852 15 62.92953
146.0566 410.078 15 62.9629
141.4004 412.1383 15 62.99627
139.4463 416.8099 15 63.02963
137.5832 422.4592 15 63.063
134.9939 425.9708 15 63.09637
135.2916 432.4313 15 63.12973
133.7368 437.6084 15 63.1631
130.6818 443.4855 15 63.19647
126.3241 450.0785 15 63.22983
121.7038 453.4814 15 63.2632
115.8624 459.152 15 63.29657
110.7497 464.8157 15 63.32993
104.6577 469.8875 15 63.3633
98.86231 475.1051 15 63.39667
93.36891 479.3554 15 63.43003
86.0478 483.0619 15 63.4634
81.361 486.4489 15 63.49677
74.87867 490.4665 15 63.53013
71.9052 492.001 15 63.5635
68.64485 493.2607 15 63.59687
64.67226 494.0218 15 63.63023
62.08431 498.9264 15 63.6636
58.40081 504.7695 15 63.69697
55.96077 510.5776 15 63.73033
57.15216 513.0348 15 63.7637
60.69128 516.6837 15 63.79707
63.08885 518.5414 15 63.83043
66.14406 520.9766 15 63.8638
69.09706 526.1411 15 63.89717
71.88741 528.296 15 63.93053
73.7932 529.8174 15 63.9639
73.03489 530.7172 15 63.99727
75.14677 533.2137 15 64.03063
76.27393 535.7102 15 64.064
74.74825 537.188 15 64.09737
76.49688 538.0637 15 64.13073
77.93726 538.2004 15 64.1641
78.07308 540.0316 15 64.19747
78.33796 542.6963 15 64.23083
78.78065 546.7273 15 64.2642
78.59404 550.2597 15 64.29757
78.60572 552.1991 15 64.33093
77.68895 557.3397 15 64.3643
77.21991 561.8299 15 64.39767
76.24062 565.7295 15 64.43103
73.97007 570.9461 15 64.4644
70.75468 576.7088 15 64.49777
66.77878 580.711 15 64.53113
62.35466 585.5581 15 64.5645
57.01731 588.9042 15 64.59787
51.0837 588.846 15 64.63123
43.94202 588.6726 15 64.6646
45.59645 587.6309 15 64.69797
44.17788 584.6582 15 64.73133
39.70359 580.528 15 64.7647
41.46583 573.9878 15 64.79807
40.50803 571.8106 15 64.83143
38.97748 569.0485 15 64.8648
37.61788 565.4959 15 64.89817
37.18001 562.6671 15 64.93153
37.11898 559.4119 15 64.9649
37.18601 555.5063 15 64.99827
36.39981 551.1089 15 65.03163
36.96565 546.1804 15 65.065
36.98975 541.2826 15 65.09837
34.64032 536.264 15 65.13173
34.3796 532.7835 15 65.1651
35.27219 529.2928 15 65.19847
35.31876 528.1533 15 65.23183
35.56469 527.8319 15 65.2652
34.68747 526.5925 15 65.29857
32.96968 525.1337 15 65.33193
34.70755 525.2813 15 65.3653
34.99144 523.5213 15 65.39867
32.72395 523.186 15 65.43203
33.02106 520.2282 15 65.4654
34.42628 520.1465 15 65.49877
36.02042 517.0494 15 65.53213
35.90752 514.195 15 65.5655
36.58409 508.4715 15 65.59887
35.54856 503.4316 15 65.63223
34.84044 497.9918 15 65.6656
35.27562 491.5371 15 65.69897
35.66382 485.0449 15 65.73233
36.58366 477.9194 15 65.7657
36.98899 470.4504 15 65.79907
38.06892 463.2694 15 65.83243
39.29968 456.5763 15 65.8658
39.08851 451.3919 15 65.89917
38.60235 449.4641 15 65.93253
37.23573 447.146 15 65.9659
36.90128 442.8994 15 65.99927
36.61684 438.5179 15 66.03263
37.21602 432.6181 15 66.066
38.6096 426.7706 15 66.09937
38.69301 422.0525 15 66.13273
38.87421 419.2361 15 66.1661
39.79256 414.3483 15 66.19947
40.60378 410.2388 15 66.23283
40.89826 407.2188 15 66.2662
42.62191 404.7323 15 66.29957
42.43744 400.7307 15 66.33293
42.4647 394.5048 15 66.3663
44.97844 391.0416 15 66.39967
47.69593 388.6666 15 66.43303
49.69362 385.8002 15 66.4664
48.81514 384.1003 15 66.49977
48.50496 382.319 15 66.53313
48.98206 380.41 15 66.5665
49.10691 378.4195 15 66.59987
49.1647 375.3056 15 66.63323
49.23697 370.0878 15 66.6666
52.19286 363.8759 15 66.69997
55.35183 357.9676 15 66.73333
56.84755 353.6973 15 66.7667
57.94996 352.2309 15 66.80007
58.7273 350.171 15 66.83343
59.04602 347.2204 15 66.8668
59.32308 344.4014 15 66.90017
61.95986 339.1217 15 66.93353
62.23696 334.899 15 66.9669
64.63127 331.5757 15 67.00027
64.94136 328.2679 15 67.03363
66.33664 324.4994 15 67.067
66.58167 320.2228 15 67.10037
68.53097 317.2664 15 67.13373
69.20717 314.8252 15 67.1671
70.69487 311.3989 15 67.20047
72.30087 307.1111 15 67.23383
74.50004 303.1461 15 67.2672
76.98916 299.0199 15 67.30057
78.98963 294.1139 15 67.33393
80.23026 288.8138 15 67.3673
81.28856 285.6573 15 67.40067
82.53855 281.8914 15 67.43403
85.07062 280.0637 15 67.4674
87.29819 278.4359 15 67.50077
88.18713 274.9282 15 67.53413
90.39233 271.4818 15 67.5675
91.73301 270.0924 15 67.60087
94.65404 268.2805 15 67.63423
94.32416 267.0413 15 67.6676
94.36885 265.9031 15 67.70097
95.04107 265.9037 15 67.73433
96.32108 266.2817 15 67.7677
96.50623 264.4978 15 67.80107
96.61092 264.8296 15 67.83443
96.72679 265.1052 15 67.8678
97.32215 264.9035 15 67.90117
100.1773 263.8769 15 67.93453
102.7321 258.8216 15 67.9679
106.3906 252.5715 15 68.00127
110.3874 245.8543 15 68.03463
113.0294 240.9065 15 68.068
115.838 238.0011 15 68.10137
120.1562 235.867 15 68.13473
120.7903 231.5168 15 68.1681
121.912 229.4277 15 68.20147
122.4188 228.092 15 68.23483
123.862 225.8612 15 68.2682
126.3433 224.7639 15 68.30157
127.9346 222.0832 15 68.33493
129.0811 221.0931 15 68.3683
131.1243 217.4062 15 68.40167
131.8605 217.4106 15 68.43503
132.1242 215.2596 15 68.4684
133.7516 213.5291 15 68.50177
134.7533 211.6454 15 68.53513
136.2211 210.0349 15 68.5685
135.7969 210.1614 15 68.60187
136.7413 208.8036 15 68.63523
138.5951 206.9884 15 68.6686
140.6073 204.4592 15 68.70197
142.9361 201.5974 15 68.73533
144.8716 199.8661 15 68.7687
146.005 198.6891 15 68.80207
149.0221 196.4454 15 68.83543
150.371 193.7793 15 68.8688
153.3232 190.5931 15 68.90217
155.127 188.2159 15 68.93553
155.4506 187.9652 15 68.9689
155.2641 187.5364 15 69.00227
154.8629 187.0626 15 69.03563
155.9431 188.0848 15 69.069
153.9414 187.9817 15 69.10237
154.3905 191.4848 15 69.13573
150.5642 195.5574 15 69.1691
146.4684 199.2476 15 69.20247
142.7061 204.9533 15 69.23583
136.5298 209.2811 15 69.2692
131.7257 214.8359 15 69.30257
127.232 222.0079 15 69.33593
122.3783 227.154 15 69.3693
120.1693 232.1532 15 69.40267
116.2169 235.3043 15 69.43603
113.6376 241.2095 15 69.4694
109.654 245.3455 15 69.50277
106.3807 250.2942 15 69.53613
101.7575 256.595 15 69.5695
100.5667 260.8018 15 69.60287
97.37652 263.0355 15 69.63623
94.47454 268.085 15 69.6696
91.9643 272.5372 15 69.70297
90.5273 274.7979 15 69.73633
88.56983 278.1698 15 69.7697
87.68053 278.2218 15 69.80307
87.37055 280.4442 15 69.83643
88.79246 279.3377 15 69.8698
90.59063 274.4096 15 69.90317
95.47961 269.9708 15 69.93653
100.2128 265.3073 15 69.9699
103.7605 259.3685 15 70.00327
106.6001 252.6547 15 70.03663
109.4958 245.1799 15 70.07
115.5669 241.6483 15 70.10337
119.7035 236.9328 15 70.13673
122.7154 230.6587 15 70.1701
125.7681 223.3292 15 70.20347
131.3392 220.8732 15 70.23683
135.0174 215.8473 15 70.2702
138.3147 210.1053 15 70.30357
141.9959 204.8223 15 70.33693
146.9625 200.2016 15 70.3703
151.0337 194.6645 15 70.40367
154.83 189.9973 15 70.43703
158.4065 185.9797 15 70.4704
164.383 181.4879 15 70.50377
169.8549 178.3373 15 70.53713
172.6437 173.6942 15 70.5705
176.8608 170.0594 15 70.60387
179.1985 165.639 15 70.63723
181.4916 163.4471 15 70.6706
182.1045 160.3956 15 70.70397
185.5127 161.1039 15 70.73733
187.175 158.6591 15 70.7707
190.4792 156.1347 15 70.80407
194.5547 153.1905 15 70.83743
199.6099 148.9619 15 70.8708
198.5725 149.8329 15 70.90417
200.4556 149.3739 15 70.93753
200.7653 148.2618 15 70.9709
200.8556 147.4583 15 71.00427
203.545 146.2948 15 71.03763
205.7147 144.3617 15 71.071
209.269 140.7515 15 71.10437
212.711 138.3092 15 71.13773
216.0252 136.5057 15 71.1711
219.0819 134.6081 15 71.20447
221.8024 132.1628 15 71.23783
223.9314 131.0425 15 71.2712
226.2729 130.2489 15 71.30457
229.0169 127.6093 15 71.33793
232.4952 125.291 15 71.3713
237.3041 122.843 15 71.40467
240.894 121.3053 15 71.43803
242.4181 120.5609 15 71.4714
241.7864 120.2032 15 71.50477
243.2651 118.3684 15 71.53813
244.6832 117.7489 15 71.5715
247.1552 117.8971 15 71.60487
247.2235 117.0478 15 71.63823
249.3094 117.5998 15 71.6716
251.1785 116.2177 15 71.70497
252.3629 114.7517 15 71.73833
254.9361 114.8312 15 71.7717
255.9142 113.0688 15 71.80507
257.603 111.7489 15 71.83843
258.7412 110.0432 15 71.8718
258.2689 110.7486 15 71.90517
258.0857 109.6801 15 71.93853
263.7046 108.9523 15 71.9719
263.8616 107.7837 15 72.00527
267.1647 106.9841 15 72.03863
272.5393 104.0596 15 72.072
277.8795 103.1674 15 72.10537
279.5089 100.4709 15 72.13873
282.6696 101.6627 15 72.1721
284.399 97.16517 15 72.20547
287.2593 97.92316 15 72.23883
290.1435 96.30652 15 72.2722
294.2715 94.19356 15 72.30557
299.2789 91.81692 15 72.33893
304.7945 89.70568 15 72.3723
309.2651 88.33286 15 72.40567
313.5057 85.64466 15 72.43903
319.313 83.98633 15 72.4724
324.1817 80.85421 15 72.50577
329.8087 79.74429 15 72.53913
335.0107 77.45729 15 72.5725
340.0313 76.01699 15 72.60587
344.9958 75.38875 15 72.63923
348.6987 72.64376 15 72.6726
353.5171 71.93069 15 72.70597
356.2417 71.05357 15 72.73933
357.9124 70.60051 15 72.7727
358.7205 70.05124 15 72.80607
360.9203 69.77828 15 72.83943
364.7602 68.43942 15 72.8728
368.7759 69.1822 15 72.90617
372.9087 67.14261 15 72.93953
376.6494 66.46575 15 72.9729
380.7228 65.62774 15 73.00627
385.735 64.32657 15 73.03963
387.1287 64.6373 15 73.073
390.4061 63.40665 15 73.10637
395.0058 62.60094 15 73.13973
400.209 62.2096 15 73.1731
405.4931 60.94165 15 73.20647
408.6631 61.08956 15 73.23983
412.4114 59.53212 15 73.2732
418.3203 58.66363 15 73.30657
423.9137 59.53542 15 73.33993
429.1571 57.89549 15 73.3733
435.4482 57.08139 15 73.40667
440.2639 57.06797 15 73.44003
446.817 57.25464 15 73.4734
451.217 57.14339 15 73.50677
453.75 57.67037 15 73.54013
454.7293 56.74727 15 73.5735
456.3074 56.5106 15 73.60687
458.8257 55.82285 15 73.64023
462.2884 56.08743 15 73.6736
464.9424 56.79476 15 73.70697
466.9616 55.80392 15 73.74033
469.7041 56.76748 15 73.7737
472.4965 56.94522 15 73.80707
475.6047 56.20112 15 73.84043
476.6977 56.70521 15 73.8738
478.5474 57.49957 15 73.90717
480.8159 56.24289 15 73.94053
483.0042 56.72554 15 73.9739
485.0756 55.99018 15 74.00727
486.9547 56.30554 15 74.04063
489.6173 56.77398 15 74.074
492.9468 57.19396 15 74.10737
495.8999 56.8296 15 74.14073
497.8447 57.76304 15 74.1741
500.1612 58.31839 15 74.20747
503.9732 57.70048 15 74.24083
508.8469 58.81275 15 74.2742
511.0283 58.5226 15 74.30757
512.0227 57.78512 15 74.34093
515.7344 58.68591 15 74.3743
518.322 59.18843 15 74.40767
521.9869 59.38807 15 74.44103
524.0461 59.54938 15 74.4744
527.6413 61.07233 15 74.50777
529.8454 59.96503 15 74.54113
533.2464 59.65883 15 74.5745
536.9348 60.74386 15 74.60787
540.1088 61.35976 15 74.64123
543.5038 61.6574 15 74.6746
546.5695 61.91909 15 74.70797
548.682 62.35034 15 74.74133
551.1084 62.35473 15 74.7747
552.2347 62.84471 15 74.80807
552.9861 63.13152 15 74.84143
553.5922 62.77492 15 74.8748
555.0719 63.11623 15 74.90817
559.3044 64.85702 15 74.94153
563.1954 64.01886 15 74.9749
565.0616 65.21153 15 75.00827
564.6656 65.40038 15 75.04163
565.095 65.66952 15 75.075
567.3989 65.65208 15 75.10837
570.4797 65.40972 15 75.14173
570.9434 66.24249 15 75.1751
570.7246 65.53244 15 75.20847
569.5313 64.97564 15 75.24183
569.6784 66.91989 15 75.2752
569.7724 67.99389 15 75.30857
571.0454 70.85358 15 75.34193
570.1752 75.6967 15 75.3753
567.9607 79.55674 15 75.40867
566.7159 88.13504 15 75.44203
564.9648 96.21311 15 75.4754
563.3268 103.0389 15 75.50877
562.8473 111.4208 15 75.54213
561.5168 117.6461 15 75.5755
561.4007 125.5907 15 75.60887
560.7065 132.6527 15 75.64223
560.4336 140.0861 15 75.6756
560.312 147.5201 15 75.70897
560.2857 155.2389 15 75.74233
560.5135 163.0665 15 75.7757
560.7047 170.0706 15 75.80907
561.4582 178.1509 15 75.84243
561.6957 185.2438 15 75.8758
562.7414 193.7935 15 75.90917
563.5533 201.2632 15 75.94253
565.0057 209.2777 15 75.9759
566.4527 217.3613 15 76.00927
567.6582 224.8707 15 76.04263
569.1454 232.9844 15 76.076
570.2352 240.2719 15 76.10937
571.7182 247.4649 15 76.14273
573.0362 255.1908 15 76.1761
574.0119 262.1453 15 76.20947
575.9454 269.7462 15 76.24283
577.3873 276.8057 15 76.2762
578.6521 284.0928 15 76.30957
579.4356 291.073 15 76.34293
575.4019 290.8364 15 76.3763
572.9664 294.3191 15 76.40967
569.4629 297.9204 15 76.44303
563.6683 302.0475 15 76.4764
558.6169 306.8768 15 76.50977
552.8058 309.997 15 76.54313
545.4381 314.8539 15 76.5765
540.6881 320.4032 15 76.60987
536.0403 326.0551 15 76.64323
531.6283 332.2297 15 76.6766
527.676 338.6277 15 76.70997
523.4869 345.0534 15 76.74333
519.7363 351.0563 15 76.7767
515.3997 357.9136 15 76.81007
511.5591 364.1282 15 76.84343
507.3266 370.3136 15 76.8768
503.1146 376.887 15 76.91017
499.1681 383.397 15 76.94353
495.1572 390.7044 15 76.9769
491.8549 396.7549 15 77.01027
488.4613 403.3017 15 77.04363
485.1907 410.4276 15 77.077
482.6519 417.383 15 77.11037
479.3551 424.7515 15 77.14373
476.4269 432.1594 15 77.1771
474.2268 438.9861 15 77.21047
471.4678 446.4869 15 77.24383
469.695 453.2831 15 77.2772
467.7124 459.9759 15 77.31057
471.2252 463.1148 15 77.34393
473.6732 468.5452 15 77.3773
477.3974 475.2054 15 77.41067
479.5914 482.2156 15 77.44403
482.6636 489.2076 15 77.4774
483.1235 496.7163 15 77.51077
482.1438 503.7541 15 77.54413
481.1753 510.7774 15 77.5775
478.7613 517.4896 15 77.61087
476.9097 524.438 15 77.64423
474.5856 531.1149 15 77.6776
472.2212 537.8001 15 77.71097
470.109 544.5243 15 77.74433
467.9105 551.3052 15 77.7777
465.9999 558.6251 15 77.81107
464.0758 565.801 15 77.84443
461.7518 572.6917 15 77.8778
459.9779 579.6502 15 77.91117
457.4337 587.1679 15 77.94453
455.923 594.3626 15 77.9779
453.3058 601.9695 15 78.01127
451.3482 609.3386 15 78.04463
449.452 617.1031 15 78.078
447.9108 623.8775 15 78.11137
446.9086 631.5 15 78.14473
444.7929 639.0706 15 78.1781
443.725 646.1612 15 78.21147
441.9811 653.3492 15 78.24483
440.7125 660.0626 15 78.2782
439.3329 667.3117 15 78.31157
437.8812 675.0644 15 78.34493
436.6844 681.7477 15 78.3783
435.4846 689.0021 15 78.41167
434.3331 696.1433 15 78.44503
432.7499 703.5463 15 78.4784
431.2745 710.7285 15 78.51177
430.069 717.875 15 78.54513
428.9507 725.4176 15 78.5785
427.8827 733.3693 15 78.61187
426.9899 741.3259 15 78.64523
426.0885 748.7714 15 78.6786
425.126 756.0447 15 78.71197
424.1391 763.5787 15 78.74533
423.3394 770.9624 15 78.7787
422.5902 778.7358 15 78.81207
421.8921 786.3571 15 78.84543
421.3166 794.0071 15 78.8788
420.9626 801.9493 15 78.91217
420.8246 809.6033 15 78.94553
420.5403 817.3183 15 78.9789
420.5343 824.7961 15 79.01227
420.422 832.4426 15 79.04563
420.4062 840.0831 15 79.079
420.8219 847.6801 15 79.11237
421.2792 855.0349 15 79.14573
422.169 862.4102 15 79.1791
423.2416 869.8746 15 79.21247
424.5362 877.1724 15 79.24583
426.0552 884.987 15 79.2792
427.8732 892.1219 15 79.31257
429.8513 899.8231 15 79.34593
431.501 907.0439 15 79.3793
434.01 914.3645 15 79.41267
436.1526 921.6731 15 79.44603
438.8466 928.6025 15 79.4794
441.3189 933.964 15 79.51277
443.6436 933.9621 15 79.54613
448.2396 934.2773 15 79.5795
451.7446 934.2914 15 79.61287
450.29 934.2714 15 79.64623
452.3061 934.3869 15 79.6796
452.6809 934.1998 15 79.71297
453.2188 933.6935 15 79.74633
453.339 935.4717 15 79.7797
454.0886 934.0246 15 79.81307
454.7967 935.6917 15 79.84643
454.2222 935.4923 15 79.8798
454.6989 934.0528 15 79.91317
454.8744 935.3706 15 79.94653
455.4493 935.5406 15 79.9799
455.2852 935.1315 15 80.01327
455.0706 936.672 15 80.04663
454.1858 936.3978 15 80.08
454.2941 935.1328 15 80.11337
452.7408 936.8877 15 80.14673
451.3775 937.651 15 80.1801
449.7994 936.4365 15 80.21347
448.5225 936.3116 15 80.24683
447.1705 935.6436 15 80.2802
445.0908 935.0874 15 80.31357
444.2778 934.88 15 80.34693
443.5854 935.3628 15 80.3803
441.8008 936.3837 15 80.41367
439.2395 936.27 15 80.44703
437.3326 934.2812 15 80.4804
434.3494 934.5048 15 80.51377
432.4324 934.6568 15 80.54713
431.3351 935.4649 15 80.5805
430.6015 936.5023 15 80.61387
430.093 934.006 15 80.64723
428.7213 933.2391 15 80.6806
427.0949 934.3504 15 80.71397
424.9454 936.3753 15 80.74733
424.0997 937.0336 15 80.7807
423.6566 936.6576 15 80.81407
422.2192 934.2103 15 80.84743
419.8136 933.2448 15 80.8808
418.352 933.9333 15 80.91417
415.78 934.666 15 80.94753
415.4733 933.0582 15 80.9809
413.6158 933.8792 15 81.01427
412.1258 934.34 15 81.04763
411.1084 930.8836 15 81.081
410.7023 935.2156 15 81.11437
409.7709 933.0451 15 81.14773
408.9309 934.9349 15 81.1811
408.8926 934.1123 15 81.21447
406.3849 933.1515 15 81.24783
405.1531 932.7428 15 81.2812
405.331 933.5758 15 81.31457
405.6809 933.1488 15 81.34793
406.2407 932.5337 15 81.3813
406.1504 932.9306 15 81.41467
405.0522 933.2044 15 81.44803
401.2994 933.8213 15 81.4814
