917.0118 535.4666 16 0
910.9877 417.2278 16 0.03336667
910.8116 411.4267 16 0.06673333
911.091 406.2528 16 0.1001
908.5531 402.9843 16 0.1334667
907.4499 397.1799 16 0.1668333
905.6704 391.9987 16 0.2002
904.965 386.9852 16 0.2335667
903.6799 382.5935 16 0.2669333
901.2475 376.9987 16 0.3003
901.0523 370.7056 16 0.3336667
897.9663 366.9268 16 0.3670333
895.6211 362.2711 16 0.4004
895.5823 357.2439 16 0.4337667
894.265 353.5565 16 0.4671333
892.4613 347.637 16 0.5005
892.0032 344.9443 16 0.5338667
889.8585 340.3437 16 0.5672333
887.4465 336.6579 16 0.6006
886.2582 333.4283 16 0.6339667
885.5754 331.4136 16 0.6673333
884.5454 327.0669 16 0.7007
881.5513 324.0404 16 0.7340667
879.5804 320.0729 16 0.7674333
879.6867 318.1297 16 0.8008
879.2134 316.3826 16 0.8341667
877.7416 313.7603 16 0.8675333
874.1495 308.721 16 0.9009
870.9492 303.5883 16 0.9342667
867.4543 297.7771 16 0.9676333
866.8722 296.516 16 1.001
865.0523 293.4831 16 1.034367
863.0898 288.8258 16 1.067733
862.0609 287.0653 16 1.1011
859.5937 283.089 16 1.134467
856.052 279.0336 16 1.167833
855.5298 275.5767 16 1.2012
853.4273 272.5325 16 1.234567
851.9358 268.4447 16 1.267933
850.137 267.5377 16 1.3013
850.5792 265.8378 16 1.334667
848.7667 263.0335 16 1.368033
848.3715 259.8344 16 1.4014
846.0881 256.7557 16 1.434767
843.9564 254.4731 16 1.468133
842.3283 250.9117 16 1.5015
840.3114 248.0318 16 1.534867
837.7395 245.0388 16 1.568233
837.2114 243.5434 16 1.6016
836.7958 243.4613 16 1.634967
836.7702 242.7641 16 1.668333
837.0017 242.6719 16 1.7017
836.4388 242.845 16 1.735067
837.3628 243.9054 16 1.768433
837.0223 243.6937 16 1.8018
837.5514 243.4139 16 1.835167
836.371 242.9226 16 1.868533
836.8985 242.8432 16 1.9019
837.0659 241.7408 16 1.935267
836.7459 241.3441 16 1.968633
835.1625 243.5792 16 2.002
836.0745 241.5714 16 2.035367
835.7234 240.2501 16 2.068733
835.3423 237.5328 16 2.1021
834.763 235.958 16 2.135467
833.5069 231.259 16 2.168833
830.3041 226.133 16 2.2022
826.711 224.2104 16 2.235567
822.1015 222.7653 16 2.268933
817.3197 220.6162 16 2.3023
810.9099 219.0972 16 2.335667
805.8417 216.1903 16 2.369033
799.4746 213.6117 16 2.4024
793.2785 211.113 16 2.435767
786.0364 208.4044 16 2.469133
778.1906 206.409 16 2.5025
771.0804 203.8974 16 2.535867
765.0365 201.5762 16 2.569233
758.6173 199.0161 16 2.6026
750.5985 197.2773 16 2.635967
743.2293 195.0093 16 2.669333
736.0243 193.5665 16 2.7027
729.5471 191.589 16 2.736067
722.3476 190.3986 16 2.769433
715.556 189.3398 16 2.8028
708.6719 187.8298 16 2.836167
702.4652 185.9955 16 2.869533
696.6696 184.6999 16 2.9029
689.8268 183.8215 16 2.936267
681.6693 183.395 16 2.969633
673.5498 182.4678 16 3.003
666.1544 182.45 16 3.036367
658.2278 182.5005 16 3.069733
654.3093 186.6123 16 3.1031
649.7713 189.6472 16 3.136467
644.594 193.4598 16 3.169833
640.3275 197.6296 16 3.2032
635.132 201.5512 16 3.236567
631.1215 205.3086 16 3.269933
626.7309 208.7971 16 3.3033
621.5732 212.036 16 3.336667
617.1116 214.7808 16 3.370033
611.0718 217.7821 16 3.4034
604.6571 221.0488 16 3.436767
599.2238 225.0808 16 3.470133
594.3396 228.113 16 3.5035
587.6601 232.2257 16 3.536867
582.5813 236.2549 16 3.570233
577.3288 240.5347 16 3.6036
572.6256 245.0556 16 3.636967
566.5329 247.7153 16 3.670333
561.7998 253.2778 16 3.7037
555.5202 257.7512 16 3.737067
549.9209 263.2749 16 3.770433
544.0273 268.8379 16 3.8038
539.0576 274.0465 16 3.837167
535.0672 281.7302 16 3.870533
529.7361 287.9191 16 3.9039
525.7375 294.8421 16 3.937267
520.517 299.9749 16 3.970633
516.9434 307.2332 16 4.004
512.5151 313.4949 16 4.037367
509.2676 321.038 16 4.070733
505.9307 327.4253 16 4.1041
501.3814 333.0469 16 4.137467
497.8773 339.7055 16 4.170833
493.4768 346.3552 16 4.2042
488.3222 351.6874 16 4.237567
482.9017 357.2689 16 4.270933
478.2371 362.3535 16 4.3043
472.1408 367.1438 16 4.337667
466.3009 372.189 16 4.371033
459.4496 376.4128 16 4.4044
452.8666 381.748 16 4.437767
445.5192 385.5257 16 4.471133
439.3626 389.4787 16 4.5045
432.9625 392.774 16 4.537867
425.7056 396.0057 16 4.571233
419.8671 398.9488 16 4.6046
413.3931 402.1918 16 4.637967
407.3333 404.6348 16 4.671333
401.7071 407.3261 16 4.7047
395.7559 409.4372 16 4.738067
389.5965 411.1044 16 4.771433
383.6327 413.6413 16 4.8048
377.7783 415.334 16 4.838167
372.7975 418.4295 16 4.871533
368.577 422.2431 16 4.9049
363.6716 425.4487 16 4.938267
358.7525 427.7819 16 4.971633
353.2281 431.657 16 5.005
348.9007 436.9535 16 5.038367
344.1142 442.0773 16 5.071733
338.7575 446.8565 16 5.1051
333.3808 451.5179 16 5.138467
327.7516 455.3001 16 5.171833
322.6459 459.7625 16 5.2052
318.6451 459.939 16 5.238567
315.0482 459.0191 16 5.271933
311.5478 456.8374 16 5.3053
306.7192 455.7865 16 5.338667
303.1442 455.0303 16 5.372033
298.7451 454.2475 16 5.4054
293.6715 454.3563 16 5.438767
289.3527 456.833 16 5.472133
283.5586 457.463 16 5.5055
277.7311 458.9945 16 5.538867
272.4768 462.0811 16 5.572233
267.6885 466.1816 16 5.6056
264.4531 471.5128 16 5.638967
262.9887 476.569 16 5.672333
262.0964 482.6772 16 5.7057
260.2756 489.2658 16 5.739067
259.4005 495.7051 16 5.772433
258.5016 502.3145 16 5.8058
256.7275 509.3362 16 5.839167
257.6412 515.3028 16 5.872533
257.4592 521.1576 16 5.9059
256.9949 527.1477 16 5.939267
257.6992 533.951 16 5.972633
258.4133 540.7544 16 6.006
260.0777 547.5393 16 6.039367
261.2578 553.8415 16 6.072733
263.5876 559.821 16 6.1061
265.6551 565.0826 16 6.139467
267.3961 570.4756 16 6.172833
269.7535 574.184 16 6.2062
265.2108 575.8387 16 6.239567
263.3527 579.1225 16 6.272933
259.5142 584.6206 16 6.3063
255.2291 589.2066 16 6.339667
250.4955 593.9625 16 6.373033
245.9492 599.2782 16 6.4064
241.9003 605.0393 16 6.439767
239.3333 611.7939 16 6.473133
232.483 618.329 16 6.5065
227.2374 626.0963 16 6.539867
221.3404 633.7052 16 6.573233
217.385 640.7201 16 6.6066
214.0249 647.5006 16 6.639967
209.935 653.9615 16 6.673333
206.556 660.2136 16 6.7067
202.226 666.204 16 6.740067
198.0002 672.368 16 6.773433
193.6617 677.7483 16 6.8068
189.471 683.3786 16 6.840167
185.2587 688.7505 16 6.873533
180.5388 694.3941 16 6.9069
177.0626 700.55 16 6.940267
172.8017 706.5164 16 6.973633
168.9037 712.2534 16 7.007
165.2252 717.7379 16 7.040367
161.655 723.3781 16 7.073733
160.0246 725.0436 16 7.1071
160.4962 725.883 16 7.140467
160.1254 728.74 16 7.173833
160.3736 729.7107 16 7.2072
160.0852 731.0218 16 7.240567
162.0488 732.6742 16 7.273933
162.3702 735.0587 16 7.3073
164.7643 737.6741 16 7.340667
167.8475 740.0838 16 7.374033
171.2257 742.2124 16 7.4074
174.8414 745.4044 16 7.440767
181.422 747.711 16 7.474133
187.7981 751.4175 16 7.5075
193.238 755.9263 16 7.540867
197.3104 760.2621 16 7.574233
202.052 764.9763 16 7.6076
207.2095 769.3408 16 7.640967
212.0413 773.1708 16 7.674333
216.6018 776.6668 16 7.7077
220.7673 779.165 16 7.741067
225.4843 781.5023 16 7.774433
230.9879 783.6859 16 7.8078
237.1326 786.0895 16 7.841167
243.8368 788.5555 16 7.874533
249.6031 791.3715 16 7.9079
255.5791 794.1434 16 7.941267
261.683 796.7889 16 7.974633
267.3026 800.1181 16 8.008
273.123 802.4604 16 8.041367
280.0738 805.3029 16 8.074733
287.3151 808.0847 16 8.1081
294.9087 810.8456 16 8.141467
302.0572 813.3555 16 8.174833
308.0983 815.9428 16 8.2082
314.6503 817.9706 16 8.241567
322.264 820.5232 16 8.274933
329.782 822.7856 16 8.3083
337.3648 824.713 16 8.341667
345.1548 826.8008 16 8.375033
351.5914 828.576 16 8.4084
359.1473 830.119 16 8.441767
365.5673 831.2532 16 8.475133
372.9586 832.0126 16 8.5085
380.6288 832.0635 16 8.541867
388.4115 832.0056 16 8.575233
396.4914 831.7643 16 8.6086
404.6367 830.6517 16 8.641967
412.4413 829.4209 16 8.675333
420.3635 827.6099 16 8.7087
427.8767 825.6053 16 8.742067
434.6408 823.4367 16 8.775433
441.7487 821.0572 16 8.8088
449.173 818.291 16 8.842167
455.6908 815.5456 16 8.875533
462.4177 812.4322 16 8.9089
469.6155 808.8726 16 8.942267
476.4176 805.608 16 8.975633
483.2336 801.6907 16 9.009
488.978 798.5577 16 9.042367
495.4671 794.6987 16 9.075733
498.0632 790.8459 16 9.1091
495.7537 786.9428 16 9.142467
496.5631 783.1255 16 9.175833
499.9554 780.4816 16 9.2092
499.6005 777.057 16 9.242567
501.5682 774.4576 16 9.275933
505.384 772.4151 16 9.3093
508.3508 768.4713 16 9.342667
513.3329 766.4391 16 9.376033
518.9786 764.9031 16 9.4094
525.5714 763.5214 16 9.442767
526.4344 760.709 16 9.476133
527.1114 758.0707 16 9.5095
528.4088 753.8208 16 9.542867
530.2623 750.1615 16 9.576233
532.9564 745.1473 16 9.6096
536.5475 742.4929 16 9.642967
538.4108 737.7402 16 9.676333
542.604 735.6428 16 9.7097
546.0839 733.2732 16 9.743067
549.5712 728.9696 16 9.776433
554.115 723.18 16 9.8098
559.3621 715.8786 16 9.843167
561.4946 709.7974 16 9.876533
561.6172 703.8699 16 9.9099
562.7396 697.6278 16 9.943267
564.5697 691.4707 16 9.976633
565.7517 684.6024 16 10.01
566.4658 678.177 16 10.04337
567.6015 671.3178 16 10.07673
568.0578 664.473 16 10.1101
568.2436 657.508 16 10.14347
569.1583 650.3739 16 10.17683
568.5047 644.4066 16 10.2102
568.0021 638.1151 16 10.24357
567.4889 631.9749 16 10.27693
566.2924 626.1894 16 10.3103
565.7676 620.0818 16 10.34367
565.2282 613.9562 16 10.37703
564.2977 607.49 16 10.4104
563.3455 600.0945 16 10.44377
561.3353 593.4134 16 10.47713
560.0258 586.7783 16 10.5105
558.931 579.5212 16 10.54387
557.7954 572.8124 16 10.57723
556.1284 566.0316 16 10.6106
554.4714 558.4901 16 10.64397
552.8893 551.8858 16 10.67733
551.58 545.5557 16 10.7107
550.3763 539.6837 16 10.74407
548.1606 533.0185 16 10.77743
546.6499 525.9447 16 10.8108
543.6352 521.2284 16 10.84417
537.9039 519.2271 16 10.87753
533.6136 514.78 16 10.9109
525.0756 514.5947 16 10.94427
519.0016 511.4463 16 10.97763
513.5054 508.2055 16 11.011
507.6721 505.0974 16 11.04437
503.029 504.3109 16 11.07773
496.8596 505.0675 16 11.1111
489.8703 507.8361 16 11.14447
481.7627 508.9967 16 11.17783
474.1574 509.2083 16 11.2112
467.2777 507.8305 16 11.24457
460.1615 505.7911 16 11.27793
453.2868 504.2478 16 11.3113
446.4038 502.7175 16 11.34467
439.1799 500.8197 16 11.37803
431.7186 499.4258 16 11.4114
424.171 498.2341 16 11.44477
416.6311 497.0442 16 11.47813
409.3981 496.4948 16 11.5115
401.6923 496.531 16 11.54487
393.8939 496.2637 16 11.57823
386.4322 496.3637 16 11.6116
379.4402 496.4521 16 11.64497
372.2196 497.1362 16 11.67833
364.6595 498.0561 16 11.7117
357.0559 498.9453 16 11.74507
349.6866 499.8872 16 11.77843
342.8963 501.3848 16 11.8118
336.1284 502.4536 16 11.84517
328.7928 503.6022 16 11.87853
321.6516 505.0458 16 11.9119
314.7503 505.8816 16 11.94527
307.6932 507.3753 16 11.97863
301.2627 508.6849 16 12.012
294.2308 509.6692 16 12.04537
287.6002 511.3541 16 12.07873
280.5537 512.4881 16 12.1121
273.5318 514.0425 16 12.14547
267.3087 515.4476 16 12.17883
260.4741 517.2465 16 12.2122
253.7341 519.115 16 12.24557
246.817 520.2382 16 12.27893
240.7009 521.8197 16 12.3123
234.7192 524.8525 16 12.34567
231.7858 529.2034 16 12.37903
228.2212 534.3534 16 12.4124
223.6331 538.9105 16 12.44577
218.8789 544.1799 16 12.47913
214.0475 549.7758 16 12.5125
208.801 555.2536 16 12.54587
205.7061 559.1706 16 12.57923
205.2636 561.5573 16 12.6126
204.0084 564.6895 16 12.64597
201.2451 568.1486 16 12.67933
199.6957 572.2605 16 12.7127
197.5533 579.3688 16 12.74607
194.4501 583.3499 16 12.77943
194.0895 589.7728 16 12.8128
192.3272 595.3777 16 12.84617
189.1349 601.3524 16 12.87953
186.4072 608.3676 16 12.9129
183.445 614.6416 16 12.94627
180.1681 622.3741 16 12.97963
177.7432 631.1352 16 13.013
174.2336 637.6862 16 13.04637
172.799 645.1396 16 13.07973
172.123 653.3629 16 13.1131
170.5513 661.205 16 13.14647
169.4095 668.7963 16 13.17983
167.5942 675.9347 16 13.2132
166.2028 683.2056 16 13.24657
165.0785 690.2668 16 13.27993
163.0906 697.5093 16 13.3133
161.57 704.7753 16 13.34667
160.0556 711.7431 16 13.38003
158.5502 719.1513 16 13.4134
160.32 725.4021 16 13.44677
160.9116 731.5275 16 13.48013
160.6526 738.5136 16 13.5135
159.9676 746.5952 16 13.54687
158.6246 754.3051 16 13.58023
156.652 762.5066 16 13.6136
156.099 769.7243 16 13.64697
154.321 777.0906 16 13.68033
152.8251 783.4487 16 13.7137
150.943 790.2071 16 13.74707
153.5226 792.6255 16 13.78043
156.7379 795.6016 16 13.8138
159.1177 799.1269 16 13.84717
162.4344 801.4139 16 13.88053
164.4132 806.8648 16 13.9139
168.4416 810.0223 16 13.94727
172.7972 813.3798 16 13.98063
176.2783 816.4393 16 14.014
178.7947 819.3271 16 14.04737
181.5807 822.8848 16 14.08073
183.9251 824.108 16 14.1141
184.1803 826.4519 16 14.14747
184.6225 824.0245 16 14.18083
185.032 823.4582 16 14.2142
185.2354 824.6414 16 14.24757
185.8145 824.3115 16 14.28093
184.696 823.131 16 14.3143
182.8967 822.076 16 14.34767
182.0411 818.6005 16 14.38103
179.2625 815.1571 16 14.4144
175.5473 814.6626 16 14.44777
174.8008 814.0121 16 14.48113
176.8221 812.7831 16 14.5145
178.4033 812.59 16 14.54787
179.8911 812.905 16 14.58123
180.9568 813.1499 16 14.6146
181.8042 812.9893 16 14.64797
184.639 811.7398 16 14.68133
187.1646 808.594 16 14.7147
191.8248 805.4015 16 14.74807
195.0586 806.3645 16 14.78143
199.3421 806.1639 16 14.8148
203.3852 806.0088 16 14.84817
207.3984 804.5453 16 14.88153
210.925 803.7714 16 14.9149
212.1159 802.4833 16 14.94827
215.5417 801.2865 16 14.98163
218.7276 798.6264 16 15.015
220.8897 794.4309 16 15.04837
224.1349 791.3292 16 15.08173
227.6776 787.2093 16 15.1151
231.0415 782.8404 16 15.14847
234.5823 779.481 16 15.18183
237.9043 774.7041 16 15.2152
242.5261 770.9509 16 15.24857
246.6382 767.523 16 15.28193
250.8027 765.6249 16 15.3153
255.025 763.9033 16 15.34867
260.1058 761.3967 16 15.38203
265.5952 758.6702 16 15.4154
272.1582 756.5136 16 15.44877
278.0096 754.9299 16 15.48213
285.0019 753.3806 16 15.5155
291.5496 752.1867 16 15.54887
296.78 752.1478 16 15.58223
303.3279 751.5643 16 15.6156
310.2439 751.1467 16 15.64897
315.3558 751.157 16 15.68233
321.1228 751.5578 16 15.7157
327.1083 751.873 16 15.74907
333.6866 751.5332 16 15.78243
340.3662 751.8265 16 15.8158
347.0024 752.0851 16 15.84917
353.74 752.4691 16 15.88253
360.5505 751.9366 16 15.9159
367.9473 751.2079 16 15.94927
375.5174 750.8755 16 15.98263
383.0476 750.2369 16 16.016
389.604 749.9738 16 16.04937
397.2924 749.9527 16 16.08273
404.8286 750.5473 16 16.1161
408.8575 751.1282 16 16.14947
414.3164 752.5601 16 16.18283
418.3461 754.8534 16 16.2162
423.9474 756.5948 16 16.24957
430.8473 757.9722 16 16.28293
437.6118 759.0682 16 16.3163
444.8822 759.3349 16 16.34967
449.6355 760.9682 16 16.38303
455.7729 762.3347 16 16.4164
462.06 762.879 16 16.44977
469.1317 763.5942 16 16.48313
476.7623 763.9686 16 16.5165
482.9987 765.1243 16 16.54987
490.1899 765.9778 16 16.58323
497.023 766.8384 16 16.6166
504.0939 767.6341 16 16.64997
510.5823 769.7919 16 16.68333
516.4597 771.5708 16 16.7167
523.229 773.0213 16 16.75007
528.8785 775.5257 16 16.78343
535.3569 778.0037 16 16.8168
542.2217 780.5507 16 16.85017
548.8781 782.9823 16 16.88353
555.3172 785.4914 16 16.9169
561.5347 787.9369 16 16.95027
567.9543 790.1434 16 16.98363
574.3221 792.7083 16 17.017
580.7945 794.6618 16 17.05037
587.0654 796.4942 16 17.08373
593.1461 798.1534 16 17.1171
599.7825 799.6292 16 17.15047
606.7445 801.251 16 17.18383
613.9716 803.0917 16 17.2172
621.1325 804.6505 16 17.25057
628.1526 806.8897 16 17.28393
635.5694 808.5476 16 17.3173
642.8746 809.4257 16 17.35067
650.057 809.8941 16 17.38403
656.9675 810.7409 16 17.4174
663.7648 810.8661 16 17.45077
670.0089 811.489 16 17.48413
675.9476 812.9744 16 17.5175
681.1318 818.5981 16 17.55087
685.9235 817.9045 16 17.58423
688.7844 816.4506 16 17.6176
692.7302 814.9317 16 17.65097
696.8873 811.5112 16 17.68433
702.0252 808.5767 16 17.7177
707.5649 806.751 16 17.75107
713.4552 805.5821 16 17.78443
719.2271 804.0581 16 17.8178
724.3105 803.0322 16 17.85117
729.1795 801.6975 16 17.88453
733.7899 800.7423 16 17.9179
739.5439 798.9451 16 17.95127
745.1481 796.6882 16 17.98463
751.6253 794.8878 16 18.018
757.6803 793.1181 16 18.05137
763.6717 790.2991 16 18.08473
769.9448 788.8466 16 18.1181
776.4398 786.0749 16 18.15147
782.6723 784.1996 16 18.18483
785.8564 784.659 16 18.2182
789.5834 784.4227 16 18.25157
794.6842 783.0067 16 18.28493
799.7532 780.139 16 18.3183
805.0881 777.2567 16 18.35167
810.5359 774.179 16 18.38503
815.801 771.3108 16 18.4184
821.4593 768.3907 16 18.45177
824.4986 770.406 16 18.48513
823.8853 766.8904 16 18.5185
825.6101 765.1074 16 18.55187
828.9353 761.8856 16 18.58523
833.0195 759.7625 16 18.6186
836.0309 756.346 16 18.65197
841.4134 752.0052 16 18.68533
843.2414 746.6453 16 18.7187
847.4288 741.7027 16 18.75207
850.6986 736.7742 16 18.78543
853.8154 731.9443 16 18.8188
855.6924 727.6564 16 18.85217
858.2822 723.551 16 18.88553
860.8419 717.8793 16 18.9189
862.2632 711.4337 16 18.95227
865.8278 706.4186 16 18.98563
869.3578 700.9157 16 19.019
873.198 695.8016 16 19.05237
876.02 691.0292 16 19.08573
878.2578 686.7436 16 19.1191
880.3862 682.7562 16 19.15247
882.7679 678.2511 16 19.18583
884.6744 672.8555 16 19.2192
886.6503 667.2654 16 19.25257
888.1393 661.9828 16 19.28593
890.1626 656.8988 16 19.3193
893.3662 651.0562 16 19.35267
895.3171 645.2267 16 19.38603
897.1091 639.44 16 19.4194
898.8112 633.2725 16 19.45277
900.8035 627.3904 16 19.48613
903.0155 621.5584 16 19.5195
905.0186 615.4171 16 19.55287
906.9352 609.8843 16 19.58623
908.5467 604.2258 16 19.6196
910.526 598.3302 16 19.65297
911.2029 593.0033 16 19.68633
912.3522 588.1698 16 19.7197
913.7844 583.1167 16 19.75307
912.6266 577.4759 16 19.78643
913.3315 570.4254 16 19.8198
915.5373 563.8583 16 19.85317
917.1699 557.189 16 19.88653
918.4206 549.9592 16 19.9199
916.534 543.4656 16 19.95327
916.1824 537.4482 16 19.98663
917.4261 532.2688 16 20.02
918.5975 527.7602 16 20.05337
919.9724 522.9861 16 20.08673
920.5979 518.6164 16 20.1201
918.9198 514.7766 16 20.15347
918.7687 510.0074 16 20.18683
920.0018 504.4298 16 20.2202
921.2768 498.9378 16 20.25357
920.9484 494.324 16 20.28693
921.2914 490.0547 16 20.3203
921.5705 484.5866 16 20.35367
918.5952 478.8274 16 20.38703
918.7671 473.2243 16 20.4204
919.2774 468.4528 16 20.45377
918.4874 464.5704 16 20.48713
918.1953 458.3868 16 20.5205
918.3758 452.8088 16 20.55387
915.9681 448.1529 16 20.58723
916.6209 442.1077 16 20.6206
915.3804 437.478 16 20.65397
914.2961 432.4565 16 20.68733
914.5128 430.3446 16 20.7207
913.4367 427.553 16 20.75407
912.416 424.5472 16 20.78743
911.7996 420.8428 16 20.8208
909.9205 416.9308 16 20.85417
910.0549 412.9696 16 20.88753
909.6114 408.6289 16 20.9209
908.447 404.5011 16 20.95427
908.9334 405.2717 16 20.98763
908.7512 405.2956 16 21.021
911.1263 407.5798 16 21.05437
911.2158 409.5264 16 21.08773
912.5669 409.5758 16 21.1211
911.8165 411.0567 16 21.15447
912.6772 412.2047 16 21.18783
913.1133 411.8732 16 21.2212
912.8882 410.3535 16 21.25457
911.8212 407.562 16 21.28793
912.4806 403.7176 16 21.3213
911.2525 399.2655 16 21.35467
910.5553 395.1803 16 21.38803
910.053 391.0203 16 21.4214
907.4961 388.9116 16 21.45477
904.5662 384.6803 16 21.48813
900.4611 379.7919 16 21.5215
896.1746 375.1084 16 21.55487
891.8163 370.1609 16 21.58823
887.7959 365.3832 16 21.6216
883.9238 360.5658 16 21.65497
879.8211 355.656 16 21.68833
875.8303 350.8504 16 21.7217
871.666 346.0611 16 21.75507
872.7616 344.6565 16 21.78843
874.0608 343.8779 16 21.8218
875.9879 343.4742 16 21.85517
879.5977 342.4331 16 21.88853
881.5928 340.9941 16 21.9219
884.2698 338.4692 16 21.95527
884.7848 336.6694 16 21.98863
882.6002 333.5191 16 22.022
879.705 330.5387 16 22.05537
876.9383 328.091 16 22.08873
871.8959 326.7173 16 22.1221
866.0186 323.3582 16 22.15547
860.0927 321.4603 16 22.18883
854.332 319.1756 16 22.2222
848.2297 317.7176 16 22.25557
842.0643 316.2571 16 22.28893
836.2486 315.1232 16 22.3223
830.8034 314.4095 16 22.35567
825.1025 313.6283 16 22.38903
819.134 312.493 16 22.4224
811.4248 310.2412 16 22.45577
804.5481 308.5563 16 22.48913
797.5593 307.4501 16 22.5225
791.2549 307.0424 16 22.55587
784.525 307.0494 16 22.58923
777.1388 306.5212 16 22.6226
770.2754 305.8496 16 22.65597
763.6529 305.9551 16 22.68933
756.6685 305.5651 16 22.7227
748.6992 305.0036 16 22.75607
741.7887 303.9636 16 22.78943
734.6507 303.7878 16 22.8228
727.4723 302.4418 16 22.85617
720.9462 301.7676 16 22.88953
715.095 300.7484 16 22.9229
709.2888 299.5767 16 22.95627
702.2538 298.3279 16 22.98963
696.0402 296.8894 16 23.023
689.7383 295.0978 16 23.05637
683.5879 293.3046 16 23.08973
677.4827 290.3101 16 23.1231
671.4379 288.1355 16 23.15647
664.7089 286.1415 16 23.18983
658.3549 284.5573 16 23.2232
651.9509 282.429 16 23.25657
645.4292 281.4262 16 23.28993
632.7749 277.5522 16 23.3233
632.7749 277.5522 16 23.35667
626.0288 276.0414 16 23.39003
613.3205 273.1656 16 23.4234
613.3205 273.1656 16 23.45677
606.5071 270.6962 16 23.49013
593.1048 268.0967 16 23.5235
593.1048 268.0967 16 23.55687
586.2398 266.3967 16 23.59023
572.1726 262.0618 16 23.6236
572.1726 262.0618 16 23.65697
559.0017 256.8548 16 23.69033
552.8909 254.4676 16 23.7237
552.8909 254.4676 16 23.75707
540.5379 249.4389 16 23.79043
533.391 246.636 16 23.8238
533.391 246.636 16 23.85717
520.559 241.9894 16 23.89053
514.3338 240.5841 16 23.9239
509.9911 239.7089 16 23.95727
505.9173 239.191 16 23.99063
501.4852 238.4938 16 24.024
496.0339 237.9738 16 24.05737
493.6659 239.7408 16 24.09073
488.5454 240.7156 16 24.1241
482.9362 241.025 16 24.15747
477.7599 242.4189 16 24.19083
473.8435 242.8225 16 24.2242
470.0286 244.137 16 24.25757
465.1398 245.9977 16 24.29093
461.1656 248.9494 16 24.3243
455.7766 249.6084 16 24.35767
451.2937 251.3376 16 24.39103
447.9816 253.517 16 24.4244
443.4379 257.0357 16 24.45777
437.5357 260.3211 16 24.49113
432.9676 263.0651 16 24.5245
429.9714 265.8842 16 24.55787
425.9467 269.7367 16 24.59123
422.6617 272.8 16 24.6246
419.7661 275.3979 16 24.65797
416.8234 279.0524 16 24.69133
415.4519 281.2944 16 24.7247
413.5821 284.5758 16 24.75807
411.4003 287.9583 16 24.79143
409.432 292.0659 16 24.8248
405.6853 296.5818 16 24.85817
403.4337 301.0488 16 24.89153
400.6311 305.5345 16 24.9249
397.8504 310.3324 16 24.95827
395.0476 314.8696 16 24.99163
391.8788 319.2326 16 25.025
389.6339 323.3658 16 25.05837
386.3805 326.8479 16 25.09173
383.2259 328.5011 16 25.1251
381.7031 330.4437 16 25.15847
378.1741 333.0042 16 25.19183
375.9781 336.7403 16 25.2252
372.4794 340.7515 16 25.25857
368.6712 345.8779 16 25.29193
364.617 350.7467 16 25.3253
359.0016 355.3425 16 25.35867
354.9548 358.9087 16 25.39203
350.8824 363.4531 16 25.4254
345.8062 366.5123 16 25.45877
340.3046 370.1941 16 25.49213
334.4077 370.7885 16 25.5255
329.9398 371.1224 16 25.55887
324.1729 373.6226 16 25.59223
318.4988 376.0558 16 25.6256
312.8153 379.5227 16 25.65897
307.2999 383.5454 16 25.69233
300.647 386.8399 16 25.7257
295.1145 390.2786 16 25.75907
289.2626 394.2547 16 25.79243
282.5136 398.4523 16 25.8258
276.5156 402.075 16 25.85917
270.1387 405.5679 16 25.89253
264.7662 404.4835 16 25.9259
259.775 403.5019 16 25.95927
253.6161 401.0038 16 25.99263
245.9738 398.6488 16 26.026
240.418 397.9107 16 26.05937
234.3314 397.7914 16 26.09273
228.1494 396.324 16 26.1261
223.1777 395.0274 16 26.15947
216.6239 393.7683 16 26.19283
210.1252 392.9359 16 26.2262
203.589 391.6339 16 26.25957
197.8371 390.3207 16 26.29293
190.9845 387.8677 16 26.3263
184.6007 386.3165 16 26.35967
177.6042 384.0723 16 26.39303
170.5133 381.7827 16 26.4264
163.8959 380.0287 16 26.45977
156.6179 378.0579 16 26.49313
149.4279 375.9235 16 26.5265
142.364 374.8508 16 26.55987
136.0589 373.7949 16 26.59323
129.3306 372.7893 16 26.6266
122.363 372.1983 16 26.65997
116.0921 371.6684 16 26.69333
110.1235 371.563 16 26.7267
105.3187 370.6162 16 26.76007
101.4641 370.6784 16 26.79343
97.30152 369.7673 16 26.8268
94.70489 368.6156 16 26.86017
93.55699 369.66 16 26.89353
93.82388 371.0575 16 26.9269
91.16556 372.0919 16 26.96027
88.72916 373.4597 16 26.99363
87.5021 375.5025 16 27.027
84.05931 378.1918 16 27.06037
79.545 378.7401 16 27.09373
75.60644 380.4325 16 27.1271
71.54045 383.2637 16 27.16047
66.24561 385.9188 16 27.19383
61.01609 389.7453 16 27.2272
55.31874 389.5284 16 27.26057
49.70736 389.6879 16 27.29393
49.46534 391.7546 16 27.3273
49.47425 390.3757 16 27.36067
48.60651 387.9814 16 27.39403
49.57921 387.1558 16 27.4274
49.88168 386.8054 16 27.46077
48.326 383.816 16 27.49413
48.50796 382.2865 16 27.5275
50.86609 379.7368 16 27.56087
50.1359 377.4406 16 27.59423
50.41623 377.239 16 27.6276
49.25463 374.6252 16 27.66097
46.70317 373.1825 16 27.69433
50.20723 373.3248 16 27.7277
52.48732 372.4367 16 27.76107
56.64047 371.8551 16 27.79443
62.30313 371.0481 16 27.8278
68.28069 370.2534 16 27.86117
73.99105 371.4487 16 27.89453
81.20109 372.157 16 27.9279
88.48738 373.0601 16 27.96127
97.53228 374.8484 16 27.99463
105.0826 377.4041 16 28.028
113.6317 378.8886 16 28.06137
120.8023 379.9534 16 28.09473
129.2152 380.6902 16 28.1281
137.3156 380.8816 16 28.16147
144.9726 382.1891 16 28.19483
151.6467 382.8487 16 28.2282
158.746 382.2847 16 28.26157
166.6559 382.1099 16 28.29493
174.5275 381.523 16 28.3283
181.5123 381.3328 16 28.36167
188.5199 379.1584 16 28.39503
196.069 378.1049 16 28.4284
203.1959 377.0361 16 28.46177
210.1594 375.6858 16 28.49513
216.9902 373.7868 16 28.5285
223.0843 372.4455 16 28.56187
229.3336 369.5929 16 28.59523
230.2954 373.7851 16 28.6286
229.8297 376.0143 16 28.66197
231.3083 380.8241 16 28.69533
231.3741 383.517 16 28.7287
233.1817 388.8737 16 28.76207
237.9254 393.7514 16 28.79543
240.8195 397.3814 16 28.8288
244.3193 401.0241 16 28.86217
244.6515 403.5592 16 28.89553
245.8125 405.3392 16 28.9289
246.0678 407.1854 16 28.96227
247.4249 408.9449 16 28.99563
247.8117 409.9101 16 29.029
250.9905 409.791 16 29.06237
253.9848 408.3944 16 29.09573
258.9827 406.6485 16 29.1291
263.8523 405.6414 16 29.16247
268.0637 404.1105 16 29.19583
273.7358 403.8563 16 29.2292
279.1287 404.2418 16 29.26257
285.3381 405.0365 16 29.29593
291.0587 406.3677 16 29.3293
297.8707 407.7187 16 29.36267
304.1998 408.8919 16 29.39603
310.327 409.8561 16 29.4294
317.7143 411.2501 16 29.46277
323.8685 412.5434 16 29.49613
330.383 414.2569 16 29.5295
336.8656 415.5132 16 29.56287
344.4307 417.0774 16 29.59623
351.6537 418.2634 16 29.6296
354.9601 417.121 16 29.66297
360.1715 415.1031 16 29.69633
363.7467 413.4155 16 29.7297
369.8977 413.3137 16 29.76307
375.8048 412.062 16 29.79643
382.2352 413.4369 16 29.8298
387.5066 415.4968 16 29.86317
392.8723 418.4608 16 29.89653
398.1248 421.5014 16 29.9299
402.8442 425.0629 16 29.96327
408.7092 428.5135 16 29.99663
413.2907 431.6668 16 30.03
418.5998 435.7018 16 30.06337
423.8938 439.4349 16 30.09673
429.3479 442.9212 16 30.1301
435.1451 446.7032 16 30.16347
440.1523 450.4339 16 30.19683
444.833 454.4705 16 30.2302
450.1667 458.1423 16 30.26357
455.5373 462.6748 16 30.29693
460.5211 466.971 16 30.3303
465.9247 471.0188 16 30.36367
470.5195 475.2187 16 30.39703
475.9276 479.053 16 30.4304
482.3108 483.0308 16 30.46377
487.8746 487.5765 16 30.49713
494.1791 491.3376 16 30.5305
499.886 494.7373 16 30.56387
506.4048 497.3428 16 30.59723
511.497 500.8002 16 30.6306
517.5745 502.7748 16 30.66397
522.5889 505.6017 16 30.69733
528.0716 508.4372 16 30.7307
533.499 510.9411 16 30.76407
538.6934 514.3677 16 30.79743
545.243 517.3812 16 30.8308
551.2961 521.3578 16 30.86417
558.7198 523.8509 16 30.89753
564.757 527.4694 16 30.9309
572.3466 527.3371 16 30.96427
579.3231 527.8019 16 30.99763
584.7621 525.0099 16 31.031
592.0619 522.6118 16 31.06437
597.238 521.4216 16 31.09773
603.3595 520.0809 16 31.1311
608.314 518.9165 16 31.16447
611.6001 520.9122 16 31.19783
614.4487 519.3778 16 31.2312
618.8612 520.0737 16 31.26457
624.5232 522.8812 16 31.29793
629.5472 525.2948 16 31.3313
633.7593 527.2772 16 31.36467
637.1472 528.059 16 31.39803
640.9626 529.4133 16 31.4314
641.9999 528.2797 16 31.46477
644.4444 527.8548 16 31.49813
647.5744 527.7137 16 31.5315
650.4313 525.753 16 31.56487
654.4925 524.7709 16 31.59823
658.8621 522.4219 16 31.6316
660.8941 520.1346 16 31.66497
663.0038 516.9192 16 31.69833
665.5697 514.1785 16 31.7317
666.6198 510.1233 16 31.76507
670.9352 505.5198 16 31.79843
673.3835 500.1788 16 31.8318
675.9947 494.4762 16 31.86517
675.1651 487.9426 16 31.89853
676.7852 482.0403 16 31.9319
678.5875 476.1571 16 31.96527
681.8329 470.1885 16 31.99863
683.9108 464.2963 16 32.032
686.4076 459.8396 16 32.06537
688.9924 454.0121 16 32.09873
692.2387 448.7626 16 32.1321
695.1842 443.9761 16 32.16547
697.7291 437.4574 16 32.19883
702.2042 432.4416 16 32.2322
705.6995 426.4574 16 32.26557
707.5542 418.9454 16 32.29893
709.4575 411.411 16 32.3323
711.8097 404.5132 16 32.36567
714.7093 398.6838 16 32.39903
718.5658 392.2166 16 32.4324
721.9749 386.6183 16 32.46577
724.2633 381.5051 16 32.49913
726.7811 377.0801 16 32.5325
730.2971 372.9832 16 32.56587
733.3873 367.9688 16 32.59923
736.6992 364.9914 16 32.6326
740.3534 359.8032 16 32.66597
743.6682 357.0523 16 32.69933
747.4065 352.3995 16 32.7327
751.6131 348.2334 16 32.76607
756.5001 344.7818 16 32.79943
760.209 339.2029 16 32.8328
765.066 335.9515 16 32.86617
769.5703 332.4663 16 32.89953
773.4525 328.6877 16 32.9329
776.0512 323.2244 16 32.96627
780.1274 319.146 16 32.99963
782.8474 314.315 16 33.033
785.548 312.4312 16 33.06637
786.9812 309.7275 16 33.09973
789.8547 309.5939 16 33.1331
793.3479 309.2811 16 33.16647
796.7008 307.3468 16 33.19983
799.2638 303.5478 16 33.2332
803.2798 299.1504 16 33.26657
802.8649 297.3073 16 33.29993
801.0135 294.6123 16 33.3333
799.2352 290.7804 16 33.36667
796.0352 285.7607 16 33.40003
793.8254 280.5999 16 33.4334
793.1269 278.9038 16 33.46677
792.2452 276.3431 16 33.50013
789.4625 276.3372 16 33.5335
788.3997 272.2577 16 33.56687
787.5821 269.951 16 33.60023
786.5307 267.2586 16 33.6336
784.252 264.1936 16 33.66697
782.4853 260.6805 16 33.70033
781.4389 256.476 16 33.7337
781.2294 253.1124 16 33.76707
780.4049 247.2119 16 33.80043
781.9044 240.6726 16 33.8338
783.7174 233.9834 16 33.86717
786.5935 227.3277 16 33.90053
789.3694 220.2488 16 33.9339
792.239 212.4604 16 33.96727
794.5996 205.3112 16 34.00063
797.2343 198.2823 16 34.034
796.0481 194.5712 16 34.06737
793.7896 191.8023 16 34.10073
790.8015 189.0633 16 34.1341
788.2933 185.6304 16 34.16747
785.3657 182.6467 16 34.20083
780.9199 179.3267 16 34.2342
776.5203 174.9806 16 34.26757
772.4968 169.3102 16 34.30093
769.0854 166.9482 16 34.3343
765.8239 162.8045 16 34.36767
761.3784 159.2237 16 34.40103
755.7638 158.218 16 34.4344
751.9582 154.227 16 34.46777
749.8335 152.3674 16 34.50113
747.7208 150.7179 16 34.5345
745.4135 148.6966 16 34.56787
742.7698 146.9395 16 34.60123
740.4558 145.0107 16 34.6346
738.0117 145.0484 16 34.66797
737.9107 144.4728 16 34.70133
736.5757 143.2123 16 34.7347
737.4277 143.3721 16 34.76807
737.4458 142.5128 16 34.80143
736.9153 143.2611 16 34.8348
735.2661 141.6579 16 34.86817
734.0379 140.643 16 34.90153
732.6529 138.9325 16 34.9349
731.5976 138.0927 16 34.96827
728.8268 136.7887 16 35.00163
726.1078 133.9695 16 35.035
724.2378 132.2375 16 35.06837
722.0374 130.6323 16 35.10173
718.7454 130.061 16 35.1351
715.6771 128.886 16 35.16847
712.6049 126.0945 16 35.20183
711.5879 125.1571 16 35.2352
710.5911 125.9195 16 35.26857
711.3223 123.8507 16 35.30193
711.7138 125.7324 16 35.3353
713.9763 127.9995 16 35.36867
718.3333 130.1762 16 35.40203
722.5965 131.6335 16 35.4354
726.7625 134.6408 16 35.46877
730.7051 139.2883 16 35.50213
734.4861 141.5052 16 35.5355
737.6653 143.0373 16 35.56887
742.0613 147.1249 16 35.60223
745.6707 150.0341 16 35.6356
750.4646 153.8886 16 35.66897
754.8361 156.9241 16 35.70233
757.9313 158.7663 16 35.7357
761.4562 161.8851 16 35.76907
763.8497 165.0614 16 35.80243
768.4775 167.9225 16 35.8358
771.7303 170.1888 16 35.86917
773.4509 173.2667 16 35.90253
775.7854 174.1936 16 35.9359
776.1453 175.2049 16 35.96927
775.3249 174.3993 16 36.00263
774.4042 172.0205 16 36.036
772.2401 170.0871 16 36.06937
768.4414 168.41 16 36.10273
765.0936 165.0066 16 36.1361
762.1993 160.4906 16 36.16947
758.6412 156.8938 16 36.20283
754.9388 155.3281 16 36.2362
752.083 152.1298 16 36.26957
749.1426 150.921 16 36.30293
745.6304 147.591 16 36.3363
741.6291 144.5509 16 36.36967
737.0165 141.8783 16 36.40303
732.9175 137.9951 16 36.4364
728.2987 135.9471 16 36.46977
723.1847 132.1968 16 36.50313
719.4941 130.4455 16 36.5365
715.4106 127.8112 16 36.56987
709.3445 123.7342 16 36.60323
704.7952 120.1721 16 36.6366
697.6227 115.894 16 36.66997
691.1136 112.4618 16 36.70333
685.7719 110.2098 16 36.7367
680.9238 107.643 16 36.77007
676.9827 104.5594 16 36.80343
670.959 102.7672 16 36.8368
666.3839 99.84886 16 36.87017
662.0181 96.06799 16 36.90353
657.2633 95.04394 16 36.9369
652.9229 92.87639 16 36.97027
649.0263 91.01452 16 37.00363
645.2828 89.31669 16 37.037
644.1653 88.66125 16 37.07037
642.5887 89.81705 16 37.10373
641.6219 89.30648 16 37.1371
641.5019 88.18395 16 37.17047
640.6664 88.55479 16 37.20383
640.026 86.65522 16 37.2372
639.5278 87.35945 16 37.27057
640.531 86.60698 16 37.30393
640.5471 87.1108 16 37.3373
642.164 86.27223 16 37.37067
642.6932 85.52932 16 37.40403
640.2503 87.78538 16 37.4374
637.1512 87.14746 16 37.47077
632.3658 84.12728 16 37.50413
628.6427 82.6646 16 37.5375
623.7035 80.34591 16 37.57087
618.8997 81.48192 16 37.60423
614.8062 78.97326 16 37.6376
612.1057 76.34872 16 37.67097
606.7294 76.46586 16 37.70433
600.3331 74.01095 16 37.7377
594.193 70.88973 16 37.77107
591.1586 69.48498 16 37.80443
588.4368 69.45881 16 37.8378
584.0014 68.17276 16 37.87117
579.3805 66.80579 16 37.90453
574.1804 65.44104 16 37.9379
569.5004 62.88961 16 37.97127
563.9696 62.22348 16 38.00463
557.7039 61.15147 16 38.038
550.8692 59.65924 16 38.07137
543.737 58.45291 16 38.10473
537.315 57.57265 16 38.1381
531.7341 57.3595 16 38.17147
525.971 56.6397 16 38.20483
520.0479 56.71189 16 38.2382
513.8863 56.49366 16 38.27157
507.0555 56.49932 16 38.30493
499.8396 56.38556 16 38.3383
493.0415 56.64433 16 38.37167
485.2647 57.346 16 38.40503
478.3875 57.59293 16 38.4384
470.7263 58.18471 16 38.47177
465.4621 59.56022 16 38.50513
457.3737 61.83141 16 38.5385
450.1631 63.15038 16 38.57187
446.9748 65.71898 16 38.60523
444.4213 67.91511 16 38.6386
442.399 70.24324 16 38.67197
440.2462 73.64484 16 38.70533
438.6853 78.61457 16 38.7387
436.8613 83.15146 16 38.77207
436.6709 90.19787 16 38.80543
435.491 98.71566 16 38.8388
432.2298 107.2949 16 38.87217
428.7186 113.9731 16 38.90553
424.3625 120.5438 16 38.9389
419.9438 125.898 16 38.97227
414.9854 130.9473 16 39.00563
411.1483 136.5693 16 39.039
406.3374 140.7924 16 39.07237
402.2055 146.5789 16 39.10573
397.4316 151.0297 16 39.1391
393.6118 156.4998 16 39.17247
388.6197 161.4923 16 39.20583
384.3325 166.0865 16 39.2392
380.4152 171.1663 16 39.27257
375.8088 175.6832 16 39.30593
371.2268 180.6928 16 39.3393
366.3145 185.4332 16 39.37267
362.4661 191.446 16 39.40603
356.7516 195.7347 16 39.4394
355.6059 202.3718 16 39.47277
356.049 208.7232 16 39.50613
355.3903 213.8099 16 39.5395
357.1131 218.845 16 39.57287
356.1888 223.3805 16 39.60623
356.5285 228.7012 16 39.6396
355.2825 233.2356 16 39.67297
354.5681 239.8398 16 39.70633
352.7637 246 16 39.7397
350.625 252.7597 16 39.77307
348.0362 259.3836 16 39.80643
344.5104 263.4569 16 39.8398
342.6411 267.1744 16 39.87317
337.7638 269.3758 16 39.90653
334.6964 274.0975 16 39.9399
331.6675 278.2077 16 39.97327
329.8763 281.8903 16 40.00663
327.0334 285.6079 16 40.04
321.8697 288.8266 16 40.07337
320.1858 292.0597 16 40.10673
318.7198 296.1496 16 40.1401
314.4111 300.5107 16 40.17347
313.0254 302.6824 16 40.20683
309.0525 305.7187 16 40.2402
305.38 309.5478 16 40.27357
301.5041 312.0957 16 40.30693
298.5983 315.1797 16 40.3403
295.1845 318.6378 16 40.37367
290.524 320.9715 16 40.40703
286.7249 325.4198 16 40.4404
282.7761 330.542 16 40.47377
278.8685 336.3 16 40.50713
274.8146 341.7873 16 40.5405
270.1773 347.4259 16 40.57387
266.1891 352.9127 16 40.60723
261.7773 358.5891 16 40.6406
257.152 364.4853 16 40.67397
252.437 370.5743 16 40.70733
248.1278 376.3234 16 40.7407
243.63 380.3099 16 40.77407
239.3203 384.487 16 40.80743
235.8668 389.2 16 40.8408
232.4871 394.3589 16 40.87417
228.835 399.3061 16 40.90753
225.2964 404.8294 16 40.9409
221.5474 410.9309 16 40.97427
217.3902 417.4091 16 41.00763
213.7536 423.4369 16 41.041
209.5958 429.5939 16 41.07437
206.6677 436.2234 16 41.10773
203.1157 442.9646 16 41.1411
200.0613 449.9339 16 41.17447
196.5426 456.1777 16 41.20783
193.6069 462.4992 16 41.2412
190.8607 469.0623 16 41.27457
187.9096 475.8401 16 41.30793
184.9699 482.1561 16 41.3413
182.2934 488.6071 16 41.37467
180.1286 494.6722 16 41.40803
177.4496 500.9867 16 41.4414
175.0873 508.4849 16 41.47477
172.8852 516.4091 16 41.50813
170.2993 524.0204 16 41.5415
168.1248 531.0202 16 41.57487
166.4432 538.3167 16 41.60823
164.8397 545.2591 16 41.6416
162.1805 552.2556 16 41.67497
160.6754 558.9331 16 41.70833
158.5428 565.6341 16 41.7417
156.3942 572.1641 16 41.77507
154.5362 578.6496 16 41.80843
152.5456 584.997 16 41.8418
150.1017 592.0279 16 41.87517
147.2607 598.7608 16 41.90853
144.8228 605.1622 16 41.9419
142.3449 611.7311 16 41.97527
139.8834 618.5586 16 42.00863
136.8231 626.3759 16 42.042
134.253 633.1509 16 42.07537
131.7658 639.9386 16 42.10873
129.0056 646.3467 16 42.1421
126.0933 652.6746 16 42.17547
123.2322 659.2403 16 42.20883
120.7597 665.7561 16 42.2422
119.5393 667.4539 16 42.27557
118.9964 669.0605 16 42.30893
117.962 671.3185 16 42.3423
118.088 671.9543 16 42.37567
117.2318 673.3798 16 42.40903
118.0814 673.8331 16 42.4424
118.2112 673.9082 16 42.47577
121.0828 673.5759 16 42.50913
122.1622 673.9986 16 42.5425
124.0162 673.3521 16 42.57587
128.2133 673.2602 16 42.60923
135.0502 675.8601 16 42.6426
140.2947 680.0226 16 42.67597
145.2087 685.1093 16 42.70933
151.4972 689.2802 16 42.7427
157.0687 692.3551 16 42.77607
163.0075 695.6583 16 42.80943
169.055 697.6702 16 42.8428
175.1288 700.1964 16 42.87617
182.2338 702.4233 16 42.90953
188.487 703.943 16 42.9429
194.9469 705.6555 16 42.97627
201.4029 707.9124 16 43.00963
206.9089 709.6867 16 43.043
213.3108 711.8165 16 43.07637
219.0941 714.414 16 43.10973
224.6428 716.8643 16 43.1431
229.5738 719.1381 16 43.17647
234.6521 721.2409 16 43.20983
240.4621 724.4283 16 43.2432
246.6459 726.5177 16 43.27657
253.2596 728.2799 16 43.30993
259.7019 730.8949 16 43.3433
266.2822 733.5707 16 43.37667
272.3228 736.2427 16 43.41003
278.5474 738.6179 16 43.4434
285.1018 741.0559 16 43.47677
292.113 743.334 16 43.51013
299.5554 745.852 16 43.5435
306.0866 748.3119 16 43.57687
312.5193 750.269 16 43.61023
318.796 752.2404 16 43.6436
324.909 753.3457 16 43.67697
330.0192 753.924 16 43.71033
335.1733 754.4839 16 43.7437
340.6203 755.1229 16 43.77707
346.5164 755.5153 16 43.81043
352.7288 755.6206 16 43.8438
359.0979 755.8824 16 43.87717
366.3667 756.2411 16 43.91053
373.1149 756.9048 16 43.9439
378.8151 757.6227 16 43.97727
382.1385 758.5894 16 44.01063
386.0109 759.0056 16 44.044
391.3472 759.8132 16 44.07737
397.6392 760.0613 16 44.11073
403.5394 761.0045 16 44.1441
410.3916 762.0435 16 44.17747
417.9364 763.4275 16 44.21083
425.3684 764.8414 16 44.2442
430.6583 766.4355 16 44.27757
437.1798 768.0084 16 44.31093
443.0199 768.8978 16 44.3443
448.6463 769.8572 16 44.37767
453.7919 771.7111 16 44.41103
459.6288 772.8446 16 44.4444
466.0683 774.5789 16 44.47777
472.994 776.4649 16 44.51113
479.9363 778.0826 16 44.5445
486.9843 780.1146 16 44.57787
494.1747 781.3894 16 44.61123
500.8432 783.252 16 44.6446
507.7223 784.9497 16 44.67797
515.4725 787.3058 16 44.71133
522.8545 789.785 16 44.7447
529.7065 791.745 16 44.77807
536.5012 794.1713 16 44.81143
543.1101 796.6248 16 44.8448
549.43 799.0102 16 44.87817
555.1496 802.0629 16 44.91153
561.1933 804.5139 16 44.9449
568.702 807.2513 16 44.97827
576.2516 810.0326 16 45.01163
583.7852 812.4169 16 45.045
591.2336 815.1149 16 45.07837
598.6035 817.7536 16 45.11173
605.7553 820.3958 16 45.1451
612.4531 822.9643 16 45.17847
618.3807 820.6818 16 45.21183
624.1352 819.4559 16 45.2452
630.6269 817.4632 16 45.27857
637.5985 814.112 16 45.31193
644.7042 810.9116 16 45.3453
650.895 808.5876 16 45.37867
657.3032 806.1881 16 45.41203
664.2795 803.6826 16 45.4454
671.4047 801.4796 16 45.47877
678.2947 798.5562 16 45.51213
684.3268 796.073 16 45.5455
690.6822 793.388 16 45.57887
697.0487 790.5974 16 45.61223
702.9421 788.1395 16 45.6456
708.9664 785.3587 16 45.67897
714.5358 782.8293 16 45.71233
720.7694 780.8284 16 45.7457
726.0178 777.771 16 45.77907
732.3485 775.8262 16 45.81243
737.9416 772.182 16 45.8458
743.4874 768.9044 16 45.87917
749.9463 765.7758 16 45.91253
756.037 762.4609 16 45.9459
761.5591 759.1176 16 45.97927
767.503 755.5355 16 46.01263
772.8765 751.9498 16 46.046
778.8826 748.1992 16 46.07937
785.3737 744.1266 16 46.11273
791.2823 740.3611 16 46.1461
796.9126 736.1282 16 46.17947
802.2098 732.0607 16 46.21283
806.9214 728.1662 16 46.2462
810.6884 723.4426 16 46.27957
814.6216 719.1708 16 46.31293
817.4722 714.2938 16 46.3463
820.6028 709.267 16 46.37967
822.0658 705.3897 16 46.41303
825.7863 698.2532 16 46.4464
828.2349 693.3698 16 46.47977
831.1439 686.7282 16 46.51313
833.757 680.0235 16 46.5465
835.6304 674.5175 16 46.57987
837.6603 667.4157 16 46.61323
839.0032 661.5556 16 46.6466
841.1992 654.988 16 46.67997
841.7686 648.3329 16 46.71333
843.0864 641.6803 16 46.7467
842.1254 637.5611 16 46.78007
841.2216 633.2401 16 46.81343
843.6617 626.8453 16 46.8468
843.7826 622.0646 16 46.88017
844.0856 617.6018 16 46.91353
842.8322 611.6547 16 46.9469
845.2851 604.6942 16 46.98027
847.617 597.9399 16 47.01363
850.414 591.9938 16 47.047
852.5716 586.2481 16 47.08037
855.0828 581.1538 16 47.11373
854.8434 578.0249 16 47.1471
853.7177 576.1317 16 47.18047
854.8324 571.4182 16 47.21383
855.0612 566.9744 16 47.2472
855.5243 560.3431 16 47.28057
856.5168 554.2451 16 47.31393
858.5299 548.2481 16 47.3473
858.9218 542.6912 16 47.38067
860.356 536.1793 16 47.41403
861.2123 529.6636 16 47.4474
862.2813 522.2525 16 47.48077
860.6159 514.1367 16 47.51413
858.916 505.7009 16 47.5475
858.5303 496.4353 16 47.58087
858.2344 489.849 16 47.61423
856.7909 482.3367 16 47.6476
854.3155 475.4511 16 47.68097
852.1971 468.6839 16 47.71433
852.2329 464.5845 16 47.7477
853.1476 460.1418 16 47.78107
853.3515 454.7101 16 47.81443
853.2704 449.5384 16 47.8478
854.7214 444.3628 16 47.88117
856.0642 437.6485 16 47.91453
857.0554 431.7581 16 47.9479
857.555 425.362 16 47.98127
854.3548 420.5533 16 48.01463
854.1837 415.3639 16 48.048
852.36 409.8999 16 48.08137
851.5337 405.4837 16 48.11473
852.4342 400.5704 16 48.1481
854.5486 396.1344 16 48.18147
856.0135 390.5296 16 48.21483
857.638 385.7397 16 48.2482
859.4027 381.5658 16 48.28157
862.2705 376.8778 16 48.31493
865.2844 371.9743 16 48.3483
867.4199 368.8137 16 48.38167
870.1008 365.9884 16 48.41503
873.3921 363.3053 16 48.4484
876.3686 362.4816 16 48.48177
880.0916 360.9441 16 48.51513
882.9353 360.7217 16 48.5485
885.4086 360.1187 16 48.58187
885.765 358.9525 16 48.61523
887.8421 357.5502 16 48.6486
888.312 358.2692 16 48.68197
886.7103 358.6768 16 48.71533
884.3539 359.1819 16 48.7487
879.9524 359.2568 16 48.78207
874.4044 361.5559 16 48.81543
868.7418 364.4644 16 48.8488
862.6439 367.8677 16 48.88217
855.6388 371.3359 16 48.91553
849.2211 375.926 16 48.9489
842.9642 378.4232 16 48.98227
836.9748 380.7277 16 49.01563
830.9991 383.5491 16 49.049
824.6433 385.8674 16 49.08237
818.3064 388.8895 16 49.11573
812.1044 392.248 16 49.1491
806.165 395.7368 16 49.18247
800.2027 399.4068 16 49.21583
794.4056 402.9155 16 49.2492
789.3816 406.7827 16 49.28257
783.3785 410.6752 16 49.31593
778.0904 414.4788 16 49.3493
773.0485 418.5473 16 49.38267
767.6965 420.4657 16 49.41603
763.1418 424.7557 16 49.4494
757.5055 427.0337 16 49.48277
752.5237 429.6379 16 49.51613
747.5092 432.0806 16 49.5495
741.7197 433.9857 16 49.58287
735.4509 436.6113 16 49.61623
728.7037 438.7688 16 49.6496
722.2022 441.758 16 49.68297
715.5008 444.1546 16 49.71633
709.5941 447.1209 16 49.7497
704.0615 449.6157 16 49.78307
699.0754 453.1334 16 49.81643
693.1813 456.2496 16 49.8498
686.2742 458.684 16 49.88317
680.3081 462.2162 16 49.91653
674.0766 465.9048 16 49.9499
668.4239 469.2742 16 49.98327
662.0812 472.8613 16 50.01663
656.4189 476.4899 16 50.05
649.9992 480.2419 16 50.08337
644.2528 483.9141 16 50.11673
638.0429 487.2581 16 50.1501
632.3959 491.2304 16 50.18347
627.0746 494.9812 16 50.21683
621.419 498.959 16 50.2502
616.1195 502.8244 16 50.28357
608.801 507.3865 16 50.31693
603.191 511.7162 16 50.3503
596.5778 516.513 16 50.38367
591.8588 520.4918 16 50.41703
586.2364 521.954 16 50.4504
580.7667 523.6389 16 50.48377
576.0497 526.5485 16 50.51713
569.3059 531.2156 16 50.5505
564.5345 535.2646 16 50.58387
558.8748 540.4707 16 50.61723
555.1746 544.8413 16 50.6506
550.8709 549.3882 16 50.68397
546.9909 553.772 16 50.71733
542.6638 559.0771 16 50.7507
539.0114 564.3616 16 50.78407
536.3301 566.7432 16 50.81743
534.9063 567.383 16 50.8508
534.0905 568.9995 16 50.88417
533.4274 570.4716 16 50.91753
531.6329 572.7227 16 50.9509
532.0632 574.4693 16 50.98427
533.657 578.1726 16 51.01763
533.774 581.1267 16 51.051
535.3721 584.1648 16 51.08437
537.1121 587.5845 16 51.11773
538.9134 591.9223 16 51.1511
540.1245 597.8941 16 51.18447
538.3612 604.3436 16 51.21783
536.9932 610.953 16 51.2512
535.3151 617.4133 16 51.28457
534.2649 623.9612 16 51.31793
532.7763 631.3031 16 51.3513
530.5881 638.6453 16 51.38467
531.043 646.4713 16 51.41803
530.0491 654.3159 16 51.4514
530.2145 661.0807 16 51.48477
531.1195 667.2836 16 51.51813
531.1855 674.1705 16 51.5515
532.2264 681.4865 16 51.58487
532.8079 688.742 16 51.61823
534.25 696.4484 16 51.6516
535.3648 703.5122 16 51.68497
537.2848 710.29 16 51.71833
538.3773 716.1479 16 51.7517
539.8662 723.0204 16 51.78507
542.191 730.3241 16 51.81843
544.3498 736.9105 16 51.8518
547.2024 744.5648 16 51.88517
549.878 751.5428 16 51.91853
553.2243 758.9649 16 51.9519
556.539 766.2271 16 51.98527
560.5957 773.271 16 52.01863
564.0174 780.0557 16 52.052
568.8328 786.8693 16 52.08537
573.5303 793.5375 16 52.11873
578.7341 799.8791 16 52.1521
583.2275 805.5704 16 52.18547
589.1907 811.5181 16 52.21883
594.0573 816.539 16 52.2522
599.7909 821.7806 16 52.28557
604.4166 826.0139 16 52.31893
610.7937 829.9538 16 52.3523
615.9176 833.2238 16 52.38567
622.7725 834.8717 16 52.41903
628.2728 840.4893 16 52.4524
635.3823 841.4266 16 52.48577
639.1663 840.1752 16 52.51913
642.4271 838.0652 16 52.5525
647.3541 836.9638 16 52.58587
650.9724 838.4026 16 52.61923
655.5096 837.0311 16 52.6526
659.0599 836.9603 16 52.68597
661.4128 837.8588 16 52.71933
662.911 839.2951 16 52.7527
665.2625 839.443 16 52.78607
668.7301 840.2446 16 52.81943
671.2242 841.7377 16 52.8528
673.5962 842.2604 16 52.88617
678.1711 844.863 16 52.91953
682.3003 848.1407 16 52.9529
686.5073 852.6335 16 52.98627
689.9508 856.8816 16 53.01963
694.1165 859.884 16 53.053
698.4021 863.01 16 53.08637
702.8979 865.0327 16 53.11973
703.1753 870.4331 16 53.1531
704.8944 873.0132 16 53.18647
705.5044 872.8006 16 53.21983
707.7751 870.8143 16 53.2532
710.6943 867.5022 16 53.28657
713.0959 868.1624 16 53.31993
714.7 866.1742 16 53.3533
719.0415 865.0588 16 53.38667
720.0463 862.7683 16 53.42003
720.4128 863.5347 16 53.4534
723.9196 861.7316 16 53.48677
724.6064 859.4245 16 53.52013
727.0013 857.6941 16 53.5535
731.219 856.1614 16 53.58687
733.9391 853.7174 16 53.62023
738.885 850.7548 16 53.6536
741.069 848.222 16 53.68697
744.4227 845.4219 16 53.72033
748.5786 842.903 16 53.7537
750.3254 841.3465 16 53.78707
753.1007 839.0113 16 53.82043
754.0176 835.101 16 53.8538
755.0908 833.1203 16 53.88717
759.4117 830.8198 16 53.92053
762.9052 828.9302 16 53.9539
763.7022 827.995 16 53.98727
763.6145 829.8271 16 54.02063
762.627 831.3019 16 54.054
763.2503 831.2372 16 54.08737
764.4776 830.3057 16 54.12073
764.5664 830.2044 16 54.1541
765.2461 829.762 16 54.18747
765.1997 829.5566 16 54.22083
765.2761 829.1787 16 54.2542
765.1762 828.8013 16 54.28757
766.1707 827.0969 16 54.32093
766.3951 826.8252 16 54.3543
766.753 828.3638 16 54.38767
767.3532 827.8976 16 54.42103
767.9505 827.4936 16 54.4544
769.1888 826.4321 16 54.48777
770.0822 825.5927 16 54.52113
770.7695 824.5951 16 54.5545
771.7317 823.72 16 54.58787
772.8283 822.4643 16 54.62123
773.9818 821.7974 16 54.6546
775.4643 820.4227 16 54.68797
775.9275 819.3843 16 54.72133
777.2499 818.0558 16 54.7547
777.899 817.1916 16 54.78807
779.7635 815.7362 16 54.82143
780.8702 814.8531 16 54.8548
781.6672 814.0559 16 54.88817
782.1266 813.6536 16 54.92153
782.9744 813.3783 16 54.9549
782.8726 813.0438 16 54.98827
783.382 813.1193 16 55.02163
783.7546 812.8422 16 55.055
784.7021 811.7348 16 55.08837
785.2566 811.5075 16 55.12173
785.9874 810.9382 16 55.1551
787.5688 809.1922 16 55.18847
788.3833 808.5974 16 55.22183
789.4623 807.4468 16 55.2552
790.1945 806.8114 16 55.28857
790.3561 806.6985 16 55.32193
790.7949 805.5137 16 55.3553
791.3865 805.1164 16 55.38867
791.6042 805.286 16 55.42203
791.8877 804.5684 16 55.4554
791.4012 805.4928 16 55.48877
790.9304 805.359 16 55.52213
790.6748 805.6919 16 55.5555
791.1539 805.1567 16 55.58887
791.3065 805.037 16 55.62223
791.5 805.0305 16 55.6556
792.2205 803.8128 16 55.68897
791.9389 804.5494 16 55.72233
790.2538 805.3948 16 55.7557
787.3219 807.3781 16 55.78907
786.5651 809.0333 16 55.82243
785.7576 810.2574 16 55.8558
784.8342 811.847 16 55.88917
783.0655 812.9271 16 55.92253
782.2016 814.0161 16 55.9559
782.4773 813.2092 16 55.98927
783.0715 813.5889 16 56.02263
783.0208 812.9029 16 56.056
779.7763 815.8212 16 56.08937
777.7741 819.1126 16 56.12273
775.7817 823.3259 16 56.1561
772.7806 824.2014 16 56.18947
769.9454 826.2308 16 56.22283
768.8762 830.7742 16 56.2562
765.3456 832.556 16 56.28957
763.2192 834.5108 16 56.32293
764.707 837.2994 16 56.3563
763.8083 837.8532 16 56.38967
759.4827 834.7828 16 56.42303
756.1423 834.6363 16 56.4564
753.2162 834.1855 16 56.48977
754.2012 831.0278 16 56.52313
754.1507 826.2434 16 56.5565
752.9889 821.3034 16 56.58987
755.655 815.6184 16 56.62323
756.1302 810.6282 16 56.6566
753.5412 806.7995 16 56.68997
750.2982 801.3707 16 56.72333
750.2982 801.3707 16 56.7567
747.9878 801.4069 16 56.79007
741.6929 799.4977 16 56.82343
741.6929 799.4977 16 56.8568
738.368 797.4365 16 56.89017
728.7857 796.1058 16 56.92353
728.7857 796.1058 16 56.9569
716.2237 793.7233 16 56.99027
711.3661 793.4149 16 57.02363
711.3661 793.4149 16 57.057
702.302 793.264 16 57.09037
697.9305 792.5583 16 57.12373
697.9305 792.5583 16 57.1571
690.256 789.9919 16 57.19047
684.7816 789.5167 16 57.22383
684.7816 789.5167 16 57.2572
672.4775 788.1716 16 57.29057
664.8035 786.6789 16 57.32393
657.7825 785.4418 16 57.3573
651.1773 784.6483 16 57.39067
644.286 783.9383 16 57.42403
638.0303 782.6675 16 57.4574
633.2939 781.9073 16 57.49077
633.8113 780.4492 16 57.52413
631.5322 778.9025 16 57.5575
631.718 777.0975 16 57.59087
632.9604 774.9067 16 57.62423
632.8437 774.2699 16 57.6576
633.5733 770.371 16 57.69097
635.0235 768.2182 16 57.72433
634.319 765.2259 16 57.7577
632.6997 762.5151 16 57.79107
631.3115 761.9368 16 57.82443
630.0477 762.8144 16 57.8578
625.4984 762.9396 16 57.89117
619.8138 761.5321 16 57.92453
612.5078 759.7535 16 57.9579
604.5357 759.2921 16 57.99127
597.9949 759.6615 16 58.02463
590.7843 760.5162 16 58.058
584.867 761.7007 16 58.09137
577.7791 763.1543 16 58.12473
571.4889 765.2047 16 58.1581
565.1583 767.7441 16 58.19147
558.6195 769.8539 16 58.22483
552.4942 772.1593 16 58.2582
546.2151 774.7642 16 58.29157
539.2508 777.2138 16 58.32493
532.0462 779.6935 16 58.3583
525.2616 782.9076 16 58.39167
519.5039 785.913 16 58.42503
513.6473 789.1227 16 58.4584
507.3151 791.8852 16 58.49177
500.6033 795.1981 16 58.52513
493.7826 798.4747 16 58.5585
487.4504 801.2308 16 58.59187
481.0312 803.9296 16 58.62523
475.6862 806.3557 16 58.6586
469.975 808.7706 16 58.69197
464.0286 810.4955 16 58.72533
458.7665 812.6606 16 58.7587
452.5194 814.7248 16 58.79207
446.7284 817.2504 16 58.82543
440.481 819.4341 16 58.8588
434.1293 821.3394 16 58.89217
428.5459 823.5315 16 58.92553
422.283 825.5538 16 58.9589
416.2397 827.8755 16 58.99227
409.6813 830.1669 16 59.02563
403.6309 832.4721 16 59.059
397.8189 835.0355 16 59.09237
390.3215 837.7261 16 59.12573
383.4416 840.706 16 59.1591
377.9329 837.4019 16 59.19247
373.292 837.365 16 59.22583
366.5786 837.0951 16 59.2592
357.8684 834.0409 16 59.29257
351.8049 833.6174 16 59.32593
346.3588 833.8169 16 59.3593
339.8075 833.1494 16 59.39267
333.5067 835.0182 16 59.42603
326.9372 837.2718 16 59.4594
320.0681 840.3454 16 59.49277
314.194 846.0745 16 59.52613
308.4139 851.0898 16 59.5595
299.8073 856.1004 16 59.59287
292.554 860.0412 16 59.62623
286.2148 863.9782 16 59.6596
280.9828 867.5833 16 59.69297
275.4946 870.9671 16 59.72633
269.6688 874.9831 16 59.7597
263.8454 878.8394 16 59.79307
262.3088 879.0371 16 59.82643
261.6952 876.9195 16 59.8598
260.1254 874.9139 16 59.89317
259.3942 875.9938 16 59.92653
256.2329 874.8648 16 59.9599
252.9473 872.8488 16 59.99327
250.423 871.3724 16 60.02663
246.6458 868.6574 16 60.06
244.8936 868.5816 16 60.09337
242.5936 867.8569 16 60.12673
241.7526 866.2867 16 60.1601
239.4496 865.7329 16 60.19347
237.966 865.0321 16 60.22683
236.2817 862.121 16 60.2602
235.5575 862.6246 16 60.29357
235.6766 862.1946 16 60.32693
235.3321 860.1971 16 60.3603
234.8512 860.1779 16 60.39367
234.2901 862.1402 16 60.42703
235.3886 864.0954 16 60.4604
234.8679 865.2169 16 60.49377
236.3931 866.5704 16 60.52713
237.4086 866.3378 16 60.5605
237.863 865.974 16 60.59387
237.1294 865.9259 16 60.62723
237.1305 867.0774 16 60.6606
237.906 867.4512 16 60.69397
240.9077 868.078 16 60.72733
242.9334 869.9395 16 60.7607
245.3354 872.2644 16 60.79407
248.4259 873.1287 16 60.82743
251.31 872.7575 16 60.8608
254.7445 872.7028 16 60.89417
255.5437 875.1434 16 60.92753
257.071 877.6774 16 60.9609
259.0376 879.1507 16 60.99427
262.2414 879.277 16 61.02763
264.098 881.0512 16 61.061
265.1682 882.4635 16 61.09437
267.2067 884.1319 16 61.12773
265.9435 885.7645 16 61.1611
265.9321 884.6792 16 61.19447
262.7134 883.753 16 61.22783
260.8905 881.6477 16 61.2612
257.7108 879.046 16 61.29457
257.502 878.5354 16 61.32793
259.5956 876.6333 16 61.3613
264.2834 873.1037 16 61.39467
268.599 873.1968 16 61.42803
273.4655 870.2735 16 61.4614
279.3525 867.1778 16 61.49477
281.653 864.3313 16 61.52813
286.7441 860.49 16 61.5615
289.8041 856.7851 16 61.59487
294.0478 849.9619 16 61.62823
298.1269 846.5006 16 61.6616
302.3045 842.1784 16 61.69497
307.552 837.0841 16 61.72833
312.1828 831.3675 16 61.7617
317.6448 825.4879 16 61.79507
322.038 819.671 16 61.82843
326.0625 813.0112 16 61.8618
329.1221 807.2267 16 61.89517
333.5711 801.2982 16 61.92853
336.8692 796.3639 16 61.9619
340.8544 790.8609 16 61.99527
344.4001 785.6805 16 62.02863
347.9749 780.6109 16 62.062
352.2826 775.0328 16 62.09537
356.5848 769.5609 16 62.12873
360.7002 763.5216 16 62.1621
364.6631 757.9559 16 62.19547
368.6184 751.5632 16 62.22883
372.6204 745.4669 16 62.2622
375.9857 739.8512 16 62.29557
379.4256 733.5273 16 62.32893
383.1636 728.4956 16 62.3623
386.4839 723.2449 16 62.39567
389.8495 719.1444 16 62.42903
394.0735 712.5849 16 62.4624
394.0623 708.5183 16 62.49577
396.0574 703.8764 16 62.52913
397.7221 698.3406 16 62.5625
399.8141 692.8429 16 62.59587
401.3623 686.0581 16 62.62923
402.5565 679.6418 16 62.6626
403.7554 676.3039 16 62.69597
404.377 673.2162 16 62.72933
405.0211 668.6151 16 62.7627
406.0526 664.3339 16 62.79607
407.1334 660.824 16 62.82943
407.8789 655.5562 16 62.8628
406.7112 650.7776 16 62.89617
406.6729 644.5067 16 62.92953
406.4775 638.195 16 62.9629
405.8776 632.9058 16 62.99627
405.4703 627.8999 16 63.02963
405.7429 622.3014 16 63.063
406.7913 616.3458 16 63.09637
407.6298 610.3526 16 63.12973
409.2296 603.8271 16 63.1631
410.9741 597.358 16 63.19647
412.8247 591.4998 16 63.22983
413.9595 585.0031 16 63.2632
415.7393 577.8067 16 63.29657
416.9369 571.3666 16 63.32993
417.3421 564.6243 16 63.3633
418.9744 557.8976 16 63.39667
421.7264 551.7295 16 63.43003
422.8013 545.2841 16 63.4634
423.6475 539.089 16 63.49677
425.3759 532.3628 16 63.53013
427.0902 525.8221 16 63.5635
428.088 519.566 16 63.59687
429.1699 512.9088 16 63.63023
430.2836 506.8362 16 63.6636
431.407 500.6473 16 63.69697
433.3057 495.1258 16 63.73033
434.6528 489.1819 16 63.7637
436.8148 483.4224 16 63.79707
438.3856 477.2797 16 63.83043
440.5175 470.8051 16 63.8638
442.6601 464.2859 16 63.89717
444.5631 457.9912 16 63.93053
445.3093 451.711 16 63.9639
446.921 445.4459 16 63.99727
447.596 439.0612 16 64.03063
448.1765 432.2433 16 64.064
448.6836 426.3198 16 64.09737
448.7458 420.1518 16 64.13073
449.444 414.325 16 64.1641
450.036 407.8692 16 64.19747
450.7275 401.924 16 64.23083
450.9859 395.0788 16 64.2642
453.0528 388.6158 16 64.29757
452.7286 381.6643 16 64.33093
453.6919 375.2685 16 64.3643
455.048 368.9728 16 64.39767
456.2588 361.8171 16 64.43103
457.3853 354.4077 16 64.4644
458.6101 347.3539 16 64.49777
459.2207 340.9331 16 64.53113
459.6715 334.4103 16 64.5645
460.2104 328.1358 16 64.59787
461.954 321.367 16 64.63123
462.875 314.7533 16 64.6646
464.1292 308.1803 16 64.69797
458.4747 303.8498 16 64.73133
455.6323 298.4369 16 64.7647
452.1602 292.0022 16 64.79807
448.4149 285.8192 16 64.83143
446.9983 280.6098 16 64.8648
443.322 275.0821 16 64.89817
441.222 269.3633 16 64.93153
439.8637 263.0239 16 64.9649
438.8956 256.6424 16 64.99827
438.0847 250.2977 16 65.03163
437.4482 243.4763 16 65.065
436.3113 236.1587 16 65.09837
435.5096 230.0595 16 65.13173
434.4932 223.5681 16 65.1651
433.1077 216.3585 16 65.19847
432.2531 209.0569 16 65.23183
431.0301 201.7236 16 65.2652
429.5922 194.2617 16 65.29857
427.6983 187.7811 16 65.33193
425.7066 180.7902 16 65.3653
423.7974 173.4453 16 65.39867
421.8441 166.8227 16 65.43203
419.8989 160.627 16 65.4654
416.8846 153.6052 16 65.49877
414.5111 147.1566 16 65.53213
411.6033 140.8314 16 65.5655
408.6277 133.3163 16 65.59887
405.8349 127.0687 16 65.63223
403.0648 120.6023 16 65.6656
400.1623 113.9274 16 65.69897
397.2146 107.4998 16 65.73233
394.1669 100.3204 16 65.7657
390.3754 93.40433 16 65.79907
387.5689 86.96408 16 65.83243
383.9436 80.30953 16 65.8658
380.6035 74.24286 16 65.89917
376.5767 67.53081 16 65.93253
374.8687 68.41606 16 65.9659
372.1527 68.74246 16 65.99927
368.3618 67.99841 16 66.03263
366.0479 69.67293 16 66.066
363.3457 69.69299 16 66.09937
360.5434 69.76925 16 66.13273
357.2766 70.97001 16 66.1661
353.4436 71.49061 16 66.19947
348.5185 73.10122 16 66.23283
343.5619 75.33029 16 66.2662
338.9405 76.36671 16 66.29957
333.9422 78.516 16 66.33293
331.1804 79.14116 16 66.3663
328.0977 80.64256 16 66.39967
324.069 80.50767 16 66.43303
321.3694 82.24416 16 66.4664
316.2193 84.69111 16 66.49977
311.5751 86.05002 16 66.53313
305.3982 89.49427 16 66.5665
299.7616 91.55065 16 66.59987
294.2258 93.17845 16 66.63323
290.4797 95.0655 16 66.6666
287.0466 96.47098 16 66.69997
284.1246 98.01671 16 66.73333
280.7616 99.13649 16 66.7667
277.43 100.8299 16 66.80007
274.1555 103.3314 16 66.83343
271.3618 104.2538 16 66.8668
269.7825 106.2969 16 66.90017
266.6962 107.0951 16 66.93353
263.6055 108.5509 16 66.9669
260.581 109.8337 16 67.00027
258.9631 110.9164 16 67.03363
258.9609 110.774 16 67.067
258.8057 110.7287 16 67.10037
257.991 110.9925 16 67.13373
257.2374 112.1942 16 67.1671
257.9041 110.7354 16 67.20047
259.1157 110.7244 16 67.23383
260.1413 110.5 16 67.2672
259.4731 109.6236 16 67.30057
260.4927 106.8652 16 67.33393
261.9863 109.1384 16 67.3673
262.5674 108.6621 16 67.40067
260.5726 108.3718 16 67.43403
258.5046 107.7835 16 67.4674
257.8583 108.0989 16 67.50077
256.7349 108.6598 16 67.53413
254.4084 110.3345 16 67.5675
253.2599 113.0651 16 67.60087
251.029 113.826 16 67.63423
248.0496 115.3809 16 67.6676
244.877 116.876 16 67.70097
242.0447 117.8534 16 67.73433
237.996 118.8995 16 67.7677
233.0102 120.9339 16 67.80107
229.0903 124.77 16 67.83443
224.4258 129.2219 16 67.8678
220.4116 134.6579 16 67.90117
215.4096 140.2453 16 67.93453
210.0457 145.3846 16 67.9679
205.5031 150.7712 16 68.00127
200.16 156.2593 16 68.03463
195.3438 161.5568 16 68.068
194.9695 161.67 16 68.10137
195.8803 161.1704 16 68.13473
196.7304 160.928 16 68.1681
199.3285 158.7265 16 68.20147
197.4887 153.6523 16 68.23483
196.5312 150.9471 16 68.2682
196.1184 147.6719 16 68.30157
195.6725 144.1893 16 68.33493
199.2461 145.3888 16 68.3683
201.7726 145.6971 16 68.40167
204.8602 144.7418 16 68.43503
207.1635 143.6002 16 68.4684
208.8778 143.813 16 68.50177
211.3699 143.8658 16 68.53513
214.4632 144.1018 16 68.5685
215.1234 144.6234 16 68.60187
218.2473 145.2882 16 68.63523
220.7798 145.1284 16 68.6686
222.5805 144.2806 16 68.70197
224.6432 145.8244 16 68.73533
226.5967 144.5623 16 68.7687
229.4223 142.4585 16 68.80207
233.0925 140.7608 16 68.83543
236.0945 136.0733 16 68.8688
239.9934 132.848 16 68.90217
241.7791 129.1947 16 68.93553
243.9188 125.2737 16 68.9689
246.3679 122.7807 16 69.00227
247.6812 121.415 16 69.03563
248.81 119.6968 16 69.069
249.9163 118.8728 16 69.10237
251.5827 118.6047 16 69.13573
253.5098 118.1649 16 69.1691
254.4432 118.3095 16 69.20247
256.5858 118.7305 16 69.23583
259.5227 119.8059 16 69.2692
263.1568 121.7078 16 69.30257
266.0748 123.0114 16 69.33593
269.2505 124.5082 16 69.3693
268.498 126.6192 16 69.40267
268.5618 133.4119 16 69.43603
270.1604 137.9934 16 69.4694
273.4555 139.2054 16 69.50277
277.7808 143.6797 16 69.53613
283.4092 147.5436 16 69.5695
288.7941 152.4081 16 69.60287
293.6706 156.7727 16 69.63623
298.4957 161.4899 16 69.6696
303.3051 166.0107 16 69.70297
308.2857 170.2775 16 69.73633
313.2663 175.3367 16 69.7697
317.8283 179.4272 16 69.80307
322.3694 183.913 16 69.83643
325.57 188.799 16 69.8698
322.9521 193.8193 16 69.90317
323.7041 199.0896 16 69.93653
325.5173 204.437 16 69.9699
327.7933 210.1891 16 70.00327
331.2341 216.4995 16 70.03663
335.4494 221.0578 16 70.07
340.8389 225.2993 16 70.10337
346.2725 229.2037 16 70.13673
351.309 232.9483 16 70.1701
357.8309 236.0247 16 70.20347
363.5594 240.263 16 70.23683
368.4799 244.9204 16 70.2702
373.9747 248.7055 16 70.30357
378.6732 252.6902 16 70.33693
383.6622 256.9009 16 70.3703
388.0712 260.8859 16 70.40367
392.581 265.4141 16 70.43703
397.4951 269.91 16 70.4704
402.0717 273.4677 16 70.50377
407.3919 278.5947 16 70.53713
411.6258 283.4102 16 70.5705
416.1595 288.0657 16 70.60387
420.2935 292.3438 16 70.63723
425.6449 297.8025 16 70.6706
430.5868 302.7046 16 70.70397
435.559 307.6077 16 70.73733
440.9291 312.8877 16 70.7707
446.1693 318.4394 16 70.80407
451.0927 324.0862 16 70.83743
455.5335 328.9368 16 70.8708
460.6342 334.5228 16 70.90417
465.249 339.6162 16 70.93753
469.5261 344.883 16 70.9709
474.7813 348.6622 16 71.00427
479.9554 353.7166 16 71.03763
484.8575 359.1596 16 71.071
490.4236 364.8374 16 71.10437
496.1579 369.4759 16 71.13773
501.5103 373.9731 16 71.1711
507.2538 378.4582 16 71.20447
512.6795 383.0508 16 71.23783
517.2405 387.3247 16 71.2712
522.3338 390.8695 16 71.30457
527.4894 396.0681 16 71.33793
532.9517 400.6993 16 71.3713
538.4938 405.3102 16 71.40467
543.6623 410.0342 16 71.43803
548.7405 414.4484 16 71.4714
554.5589 419.0702 16 71.50477
560.2698 423.2734 16 71.53813
566.3047 427.6494 16 71.5715
573.0857 431.2928 16 71.60487
579.0413 434.8699 16 71.63823
585.1061 437.9151 16 71.6716
591.2212 441.3992 16 71.70497
597.2805 444.0128 16 71.73833
604.0688 447.4394 16 71.7717
609.6651 450.618 16 71.80507
614.9922 453.5181 16 71.83843
619.5115 456.7609 16 71.8718
625.9986 459.6683 16 71.90517
632.6869 463.6094 16 71.93853
637.7763 462.9441 16 71.9719
642.948 461.0108 16 72.00527
648.9038 459.1942 16 72.03863
656.2106 457.6036 16 72.072
663.5914 455.4139 16 72.10537
670.7651 454.2116 16 72.13873
679.5375 451.3553 16 72.1721
688.0918 449.5847 16 72.20547
697.1316 447.4586 16 72.23883
704.5802 446.4585 16 72.2722
711.7076 444.7162 16 72.30557
718.6024 443.3076 16 72.33893
725.2126 442.6003 16 72.3723
731.4658 441.4644 16 72.40567
737.6986 439.5137 16 72.43903
744.2791 437.6596 16 72.4724
750.4033 436.194 16 72.50577
757.0245 435.1104 16 72.53913
763.0946 433.7493 16 72.5725
769.8155 432.9563 16 72.60587
777.4901 431.908 16 72.63923
785.3929 430.8857 16 72.6726
791.9057 430.1325 16 72.70597
798.3402 428.6875 16 72.73933
804.9389 428.4513 16 72.7727
812.5478 427.0699 16 72.80607
819.0834 426.4269 16 72.83943
825.316 425.2334 16 72.8728
831.2042 425.0178 16 72.90617
836.5952 423.3668 16 72.93953
842.998 422.1087 16 72.9729
849.8187 420.9923 16 73.00627
856.4135 419.9974 16 73.03963
862.255 418.766 16 73.073
868.3055 416.9251 16 73.10637
875.0049 414.9582 16 73.13973
881.3086 413.7547 16 73.1731
886.5611 412.3192 16 73.20647
891.885 410.6253 16 73.23983
897.4733 409.0173 16 73.2732
903.3504 407.9069 16 73.30657
907.9577 405.102 16 73.33993
908.5523 404.7142 16 73.3733
907.3277 401.7903 16 73.40667
904.7871 399.8664 16 73.44003
905.4051 398.428 16 73.4734
906.739 394.9861 16 73.50677
904.6858 391.8243 16 73.54013
905.1544 387.6439 16 73.5735
902.676 383.4349 16 73.60687
902.1429 378.0948 16 73.64023
900.3126 373.1813 16 73.6736
899.4316 368.8121 16 73.70697
896.7723 364.3226 16 73.74033
896.1992 359.4181 16 73.7737
894.8978 355.4262 16 73.80707
893.9892 351.8983 16 73.84043
892.2066 348.398 16 73.8738
890.6247 345.5433 16 73.90717
890.1526 343.3003 16 73.94053
887.4597 338.9104 16 73.9739
886.3969 333.9543 16 74.00727
884.5488 329.3444 16 74.04063
882.8046 324.1122 16 74.074
881.0784 320.8818 16 74.10737
879.7491 316.522 16 74.14073
877.6359 312.7355 16 74.1741
876.0935 308.9257 16 74.20747
873.2419 304.0085 16 74.24083
870.4932 300.2702 16 74.2742
868.5022 295.0022 16 74.30757
865.2421 290.9299 16 74.34093
863.2326 286.4073 16 74.3743
861.5056 283.1327 16 74.40767
860.662 280.8194 16 74.44103
859.8515 278.9432 16 74.4744
857.471 276.1268 16 74.50777
855.7365 272.9189 16 74.54113
853.493 269.7116 16 74.5745
852.1829 266.3197 16 74.60787
851.7255 266.4599 16 74.64123
853.1344 268.1221 16 74.6746
852.8035 268.7227 16 74.70797
853.7769 269.2984 16 74.74133
853.7066 271.6377 16 74.7747
854.0902 273.6674 16 74.80807
855.812 274.6059 16 74.84143
859.7057 274.749 16 74.8748
859.8124 274.8054 16 74.90817
862.4177 274.7017 16 74.94153
861.1983 276.1302 16 74.9749
861.4784 274.0642 16 75.00827
861.9597 275.5248 16 75.04163
861.5732 279.2372 16 75.075
863.0095 283.9887 16 75.10837
864.2952 288.3488 16 75.14173
862.4635 290.6932 16 75.1751
863.1956 294.086 16 75.20847
860.9372 298.8626 16 75.24183
860.6776 301.9864 16 75.2752
860.4616 303.9675 16 75.30857
858.068 305.0398 16 75.34193
855.167 310.8068 16 75.3753
851.8285 311.9129 16 75.40867
848.4859 314.2604 16 75.44203
844.5642 315.1957 16 75.4754
837.1141 318.1469 16 75.50877
830.0195 318.5774 16 75.54213
828.1086 317.8625 16 75.5755
822.7671 317.2005 16 75.60887
817.6969 317.8323 16 75.64223
812.7985 317.8652 16 75.6756
808.8828 319.44 16 75.70897
805.0236 319.7173 16 75.74233
799.9407 320.3258 16 75.7757
799.7938 320.4379 16 75.80907
795.4461 322.6871 16 75.84243
788.8858 323.7702 16 75.8758
783.4878 325.1298 16 75.90917
779.3978 327.729 16 75.94253
773.0207 329.4736 16 75.9759
766.2633 332.2995 16 76.00927
759.3905 332.7646 16 76.04263
752.7769 334.2668 16 76.076
746.2488 335.0511 16 76.10937
739.8457 335.8867 16 76.14273
733.5271 337.5984 16 76.1761
727.0416 338.3305 16 76.20947
721.2379 339.2198 16 76.24283
714.9689 339.9594 16 76.2762
709.4126 340.3624 16 76.30957
704.1687 340.8398 16 76.34293
698.306 340.6853 16 76.3763
691.6349 340.9138 16 76.40967
685.2352 340.272 16 76.44303
679.4962 339.9248 16 76.4764
676.9172 340.5008 16 76.50977
673.7336 339.6836 16 76.54313
668.7852 340.9082 16 76.5765
662.3739 340.5943 16 76.60987
655.665 341.1531 16 76.64323
649.3222 341.6659 16 76.6766
642.0661 341.6792 16 76.70997
635.1173 342.8591 16 76.74333
628.147 343.4231 16 76.7767
621.2155 344.2189 16 76.81007
614.6543 345.2015 16 76.84343
607.9108 346.2059 16 76.8768
601.7273 347.7254 16 76.91017
594.6736 349.1951 16 76.94353
587.4486 350.8907 16 76.9769
580.2971 352.6466 16 77.01027
572.9729 354.5209 16 77.04363
566.4146 356.167 16 77.077
560.7298 357.975 16 77.11037
553.2146 357.1397 16 77.14373
546.2747 357.0035 16 77.1771
540.5927 357.6677 16 77.21047
533.9612 358.0033 16 77.24383
526.1123 359.0479 16 77.2772
518.0225 362.1596 16 77.31057
510.4643 364.4234 16 77.34393
503.1236 366.5604 16 77.3773
496.5175 369.8824 16 77.41067
488.5369 372.1063 16 77.44403
482.4116 375.3483 16 77.4774
477.678 379.1864 16 77.51077
470.3762 382.5084 16 77.54413
465.0324 386.222 16 77.5775
458.6365 389.9459 16 77.61087
452.9481 393.5976 16 77.64423
447.6788 397.6276 16 77.6776
441.2018 400.8541 16 77.71097
435.9524 399.1286 16 77.74433
429.6664 399.203 16 77.7777
423.7316 400.6168 16 77.81107
417.4016 402.5961 16 77.84443
411.2687 405.0129 16 77.8778
404.431 406.8694 16 77.91117
397.0738 408.8654 16 77.94453
391.3502 410.6729 16 77.9779
384.1014 411.7528 16 78.01127
377.9781 413.168 16 78.04463
370.4178 413.1369 16 78.078
364.1729 413.9602 16 78.11137
357.6934 414.5454 16 78.14473
350.8187 414.7747 16 78.1781
344.2193 414.631 16 78.21147
337.9648 414.6069 16 78.24483
330.2628 414.1632 16 78.2782
322.9844 413.8047 16 78.31157
316.2253 413.3835 16 78.34493
309.4598 413.4753 16 78.3783
302.7064 413.6844 16 78.41167
296.3287 413.9633 16 78.44503
290.0405 414.2856 16 78.4784
283.4942 414.0067 16 78.51177
277.0999 415.284 16 78.54513
270.0025 415.4719 16 78.5785
263.2905 416.6264 16 78.61187
255.7992 417.5085 16 78.64523
248.9408 419.3859 16 78.6786
240.9528 421.1017 16 78.71197
233.8962 423.0373 16 78.74533
226.9277 425.2413 16 78.7787
220.0864 427.2718 16 78.81207
213.6345 429.4097 16 78.84543
206.7768 431.6899 16 78.8788
199.8807 434.2097 16 78.91217
194.7629 437.7871 16 78.94553
194.14 442.2759 16 78.9789
192.695 442.3047 16 79.01227
192.8136 445.1717 16 79.04563
189.2366 448.608 16 79.079
186.6672 451.3572 16 79.11237
183.2069 456.1409 16 79.14573
180.5335 461.9972 16 79.1791
178.9531 467.6948 16 79.21247
176.7999 474.1932 16 79.24583
175.9368 480.9929 16 79.2792
175.3467 487.2166 16 79.31257
174.5217 493.9743 16 79.34593
174.4325 501.0786 16 79.3793
173.7884 508.8383 16 79.41267
173.7757 516.9134 16 79.44603
173.37 524.0218 16 79.4794
173.168 531.1859 16 79.51277
173.4714 537.6486 16 79.54613
172.8127 544.2646 16 79.5795
172.9045 551.6862 16 79.61287
172.0288 558.6607 16 79.64623
171.5927 565.4601 16 79.6796
170.4774 572.2304 16 79.71297
170.2806 579.2186 16 79.74633
169.1813 586.3942 16 79.7797
167.4348 593.2883 16 79.81307
167.9243 599.8502 16 79.84643
166.8388 607.0471 16 79.8798
167.1228 614.2363 16 79.91317
166.5881 621.6315 16 79.94653
166.1902 629.0441 16 79.9799
166.178 636.6726 16 80.01327
165.7777 644.2583 16 80.04663
165.6098 652.1456 16 80.08
165.2683 660.2525 16 80.11337
164.8455 668.0827 16 80.14673
165.4632 676.1552 16 80.1801
165.8268 684.2849 16 80.21347
166.2285 692.1333 16 80.24683
166.7597 699.7327 16 80.2802
167.5432 707.1809 16 80.31357
168.6454 714.2033 16 80.34693
169.707 720.9339 16 80.3803
170.964 727.5231 16 80.41367
172.4039 733.9671 16 80.44703
174.1503 739.9787 16 80.4804
176.5784 745.8378 16 80.51377
178.2813 751.951 16 80.54713
180.1618 758.1641 16 80.5805
182.6089 764.9809 16 80.61387
185.2573 772.3414 16 80.64723
187.7527 779.2319 16 80.6806
190.7324 786.5859 16 80.71397
193.7799 792.9819 16 80.74733
196.0892 799.9749 16 80.7807
199.8079 805.7421 16 80.81407
203.1395 811.6219 16 80.84743
206.0988 817.9565 16 80.8808
209.4432 824.208 16 80.91417
212.7647 830.3735 16 80.94753
216.3751 836.6982 16 80.9809
220.1044 843.806 16 81.01427
223.6885 850.3339 16 81.04763
227.3745 856.6194 16 81.081
229.7212 861.6417 16 81.11437
231.0616 862.0376 16 81.14773
234.6089 862.8526 16 81.1811
237.3285 864.9148 16 81.21447
238.502 864.5196 16 81.24783
239.9895 864.5765 16 81.2812
241.0006 863.304 16 81.31457
242.3745 862.4883 16 81.34793
245.1114 859.4704 16 81.3813
247.3563 854.8239 16 81.41467
250.7414 849.0625 16 81.44803
255.5494 844.2345 16 81.4814
