589.1189 603.4666 20 0
674.4697 732.687 20 0.03336667
669.1532 731.1267 20 0.06673333
662.8407 730.0962 20 0.1001
656.4179 729.4771 20 0.1334667
650.732 728.9034 20 0.1668333
644.7716 728.5068 20 0.2002
638.8015 728.3234 20 0.2335667
633.1456 728.0527 20 0.2669333
627.5659 727.9564 20 0.3003
621.2514 728.1491 20 0.3336667
614.8044 728.4237 20 0.3670333
609.0752 728.8328 20 0.4004
602.8629 729.5146 20 0.4337667
596.5709 730.1346 20 0.4671333
590.2787 730.8759 20 0.5005
584.9981 731.3251 20 0.5338667
578.6022 732.3534 20 0.5672333
572.7291 733.3756 20 0.6006
567.0615 734.3102 20 0.6339667
561.075 735.5076 20 0.6673333
554.8551 736.779 20 0.7007
549.6257 738.0744 20 0.7340667
543.4894 739.6709 20 0.7674333
537.3844 741.2127 20 0.8008
531.6433 742.8549 20 0.8341667
525.9131 744.2815 20 0.8675333
519.8649 745.7115 20 0.9009
513.891 748.0952 20 0.9342667
508.8394 749.9436 20 0.9676333
503.1217 752.2279 20 1.001
496.8644 754.617 20 1.034367
491.5136 756.5484 20 1.067733
486.6132 758.7123 20 1.1011
480.346 761.4079 20 1.134467
475.3866 763.813 20 1.167833
469.7645 766.31 20 1.2012
464.1669 769.2305 20 1.234567
458.6935 772.4268 20 1.267933
453.6526 775.2526 20 1.3013
448.769 778.0698 20 1.334667
443.0563 781.2027 20 1.368033
438.2199 784.1806 20 1.4014
433.519 786.8264 20 1.434767
428.1122 790.6524 20 1.468133
423.3201 793.9191 20 1.5015
418.6713 797.1514 20 1.534867
413.7146 800.9961 20 1.568233
408.7858 804.6769 20 1.6016
404.273 808.6645 20 1.634967
400.0659 812.2817 20 1.668333
395.19 816.4707 20 1.7017
391.4151 819.9935 20 1.735067
386.6069 824.1097 20 1.768433
382.2871 828.2259 20 1.8018
377.668 832.4361 20 1.835167
373.3111 836.1365 20 1.868533
369.3128 839.8687 20 1.9019
364.5026 844.3986 20 1.935267
360.1519 848.4446 20 1.968633
356.1557 852.4478 20 2.002
352.3425 856.4838 20 2.035367
347.7676 860.751 20 2.068733
343.9986 864.5141 20 2.1021
339.6696 869.1402 20 2.135467
335.4681 873.5432 20 2.168833
334.2372 878.8213 20 2.2022
330.4132 885.3827 20 2.235567
328.4061 890.9853 20 2.268933
325.0134 896.7435 20 2.3023
323.6389 901.5912 20 2.335667
323.7923 907.1357 20 2.369033
325.5724 910.5833 20 2.4024
326.8697 910.2699 20 2.435767
328.4402 910.2115 20 2.469133
328.3061 911.2592 20 2.5025
328.7744 912.2387 20 2.535867
329.0608 911.3225 20 2.569233
328.7744 910.2782 20 2.6026
328.1389 912.4006 20 2.635967
328.1493 911.2535 20 2.669333
328.7561 909.9627 20 2.7027
328.388 909.2545 20 2.736067
329.6604 905.4555 20 2.769433
328.8218 904.8709 20 2.8028
328.9881 905.4134 20 2.836167
331.0252 903.3537 20 2.869533
334.4644 901.4317 20 2.9029
336.243 897.9752 20 2.936267
337.8476 896.249 20 2.969633
340.8244 892.0816 20 3.003
341.7398 886.9225 20 3.036367
345.5657 882.4548 20 3.069733
346.9877 878.9018 20 3.1031
349.9247 873.724 20 3.136467
352.2673 869.391 20 3.169833
355.2356 865.0041 20 3.2032
358.5231 859.632 20 3.236567
359.6596 854.382 20 3.269933
361.5199 849.2453 20 3.3033
362.6727 844.2416 20 3.336667
364.372 837.7755 20 3.370033
366.2542 831.7786 20 3.4034
367.9867 825.9236 20 3.436767
369.171 820.4521 20 3.470133
369.9899 816.1972 20 3.5035
370.3247 811.2349 20 3.536867
370.8246 805.465 20 3.570233
371.4637 798.9344 20 3.6036
371.5206 792.6254 20 3.636967
372.4637 786.1752 20 3.670333
371.5467 780.1981 20 3.7037
372.4168 773.5711 20 3.737067
371.5477 768.4576 20 3.770433
371.4924 762.5944 20 3.8038
370.8588 756.6002 20 3.837167
370.6642 750.3399 20 3.870533
369.6518 744.8551 20 3.9039
369.0447 738.6725 20 3.937267
368.731 732.7977 20 3.970633
367.71 726.6724 20 4.004
367.4041 720.7331 20 4.037367
365.9241 714.4216 20 4.070733
365.5493 708.5818 20 4.1041
363.8302 702.4606 20 4.137467
362.9121 696.1613 20 4.170833
361.5615 690.5567 20 4.2042
360.3202 684.9195 20 4.237567
358.8509 679.4367 20 4.270933
357.6816 673.4389 20 4.3043
355.8547 667.9698 20 4.337667
353.9919 662.3527 20 4.371033
352.3454 656.5343 20 4.4044
350.5894 651.299 20 4.437767
348.6087 645.3565 20 4.471133
345.1205 644.8456 20 4.5045
343.9594 641.4706 20 4.537867
342.4922 636.7494 20 4.571233
341.7154 631.0884 20 4.6046
340.3115 624.6353 20 4.637967
339.6181 618.4536 20 4.671333
339.3886 613.1101 20 4.7047
338.8447 607.6856 20 4.738067
338.4511 601.5418 20 4.771433
338.0069 595.4839 20 4.8048
337.8412 589.8344 20 4.838167
337.0657 583.8729 20 4.871533
336.3745 577.8094 20 4.9049
335.4697 572.3556 20 4.938267
334.5874 566.6473 20 4.971633
333.4372 560.2643 20 5.005
332.1848 554.5044 20 5.038367
330.9922 548.758 20 5.071733
329.4453 542.6256 20 5.1051
328.3392 536.821 20 5.138467
326.7909 531.4478 20 5.171833
325.3263 524.6195 20 5.2052
323.9242 524.5807 20 5.238567
322.8659 522.481 20 5.271933
322.2412 521.0986 20 5.3053
322.0349 517.9298 20 5.338667
322.8849 515.8417 20 5.372033
324.1653 513.5589 20 5.4054
324.8357 510.9924 20 5.438767
325.6011 506.8386 20 5.472133
326.636 503.1764 20 5.5055
330.3393 499.0464 20 5.538867
332.4456 493.7847 20 5.572233
334.1139 487.8608 20 5.6056
335.2871 481.9903 20 5.638967
335.9643 476.0836 20 5.672333
337.1843 470.0496 20 5.7057
337.2991 463.8266 20 5.739067
338.0773 458.0681 20 5.772433
338.2659 451.7584 20 5.8058
338.4821 445.4004 20 5.839167
338.8417 439.5991 20 5.872533
338.2967 433.4155 20 5.9059
338.3498 427.1561 20 5.939267
337.8978 421.1903 20 5.972633
337.514 415.4409 20 6.006
336.8832 408.8377 20 6.039367
336.2107 402.7227 20 6.072733
335.5529 397.2671 20 6.1061
334.5109 391.2181 20 6.139467
333.3837 384.8063 20 6.172833
332.7056 378.7952 20 6.2062
330.8007 372.9249 20 6.239567
330.5728 366.8635 20 6.272933
328.8193 360.3282 20 6.3063
327.6325 354.731 20 6.339667
326.2455 348.78 20 6.373033
322.0966 344.1624 20 6.4064
317.5043 339.9879 20 6.439767
313.3719 334.6879 20 6.473133
310.0806 329.5052 20 6.5065
306.5608 323.471 20 6.539867
304.3041 317.1256 20 6.573233
303.4749 311.5485 20 6.6066
303.1938 305.3488 20 6.639967
303.3182 299.0114 20 6.673333
303.5158 292.9944 20 6.7067
303.4397 287.3144 20 6.740067
303.6609 280.8081 20 6.773433
303.277 274.5331 20 6.8068
303.2329 268.8839 20 6.840167
302.8357 262.6724 20 6.873533
302.5371 256.2263 20 6.9069
304.6338 250.2076 20 6.940267
306.681 244.3761 20 6.973633
310.4074 239.8091 20 7.007
311.6681 234.0341 20 7.040367
313.8577 228.223 20 7.073733
317.0045 222.1168 20 7.1071
318.7281 217.1772 20 7.140467
320.5031 211.9022 20 7.173833
322.7668 205.9666 20 7.2072
324.4424 199.8162 20 7.240567
326.2661 194.0225 20 7.273933
328.8318 188.0165 20 7.3073
330.4553 181.9074 20 7.340667
331.9186 176.2357 20 7.374033
333.5678 170.2923 20 7.4074
335.5196 164.7507 20 7.440767
337.5505 159.1903 20 7.474133
340.5991 153.9084 20 7.5075
342.2543 148.014 20 7.540867
343.5422 142.236 20 7.574233
344.1793 136.5328 20 7.6076
346.1772 133.1791 20 7.640967
348.624 131.6502 20 7.674333
351.0003 130.3138 20 7.7077
354.6682 130.4173 20 7.741067
356.5824 128.5327 20 7.774433
359.8305 124.9138 20 7.8078
362.813 123.3761 20 7.841167
366.3289 123.912 20 7.874533
370.2204 123.6809 20 7.9079
374.6952 124.0582 20 7.941267
380.0345 124.2946 20 7.974633
381.2149 122.9964 20 8.008
377.6112 121.9853 20 8.041367
375.27 121.775 20 8.074733
374.7202 120.0831 20 8.1081
374.4107 119.674 20 8.141467
373.5836 120.4306 20 8.174833
373.2656 119.6613 20 8.2082
376.3176 119.9009 20 8.241567
378.9273 121.0243 20 8.274933
381.3068 121.1478 20 8.3083
382.9658 121.7702 20 8.341667
387.4468 122.0831 20 8.375033
389.9641 122.8292 20 8.4084
392.104 124.2519 20 8.441767
391.6539 125.916 20 8.475133
392.4792 127.0345 20 8.5085
393.7564 126.7749 20 8.541867
396.047 125.2547 20 8.575233
398.5493 123.1868 20 8.6086
401.2051 121.3133 20 8.641967
402.5971 120.0909 20 8.675333
404.8706 118.6998 20 8.7087
407.7522 117.6839 20 8.742067
411.1092 118.0392 20 8.775433
415.0675 118.4518 20 8.8088
419.1861 118.5389 20 8.842167
422.4574 120.0774 20 8.875533
424.5341 125.22 20 8.9089
426.4844 131.5215 20 8.942267
428.3437 137.7045 20 8.975633
431.118 142.9962 20 9.009
434.0806 149.2504 20 9.042367
437.1001 154.5473 20 9.075733
440.5952 159.4831 20 9.1091
443.0897 165.6517 20 9.142467
446.3594 172.3733 20 9.175833
449.7539 177.2621 20 9.2092
453.9471 182.1373 20 9.242567
458.5452 186.7779 20 9.275933
462.7043 190.5208 20 9.3093
467.3138 194.6902 20 9.342667
471.8477 198.4486 20 9.376033
477.0692 202.5098 20 9.4094
480.7525 205.4774 20 9.442767
480.4002 204.3561 20 9.476133
480.5607 201.9536 20 9.5095
480.166 199.9529 20 9.542867
481.2316 196.9244 20 9.576233
482.5516 195.9592 20 9.6096
484.1996 195.7111 20 9.642967
483.9501 195.1177 20 9.676333
483.5619 195.593 20 9.7097
484.7149 196.0005 20 9.743067
486.7451 196.3422 20 9.776433
487.2667 196.717 20 9.8098
489.4328 197.5139 20 9.843167
492.4437 198.2045 20 9.876533
494.4776 197.6527 20 9.9099
498.7044 199.3327 20 9.943267
500.9962 200.4621 20 9.976633
505.7154 200.7875 20 10.01
509.9429 201.6166 20 10.04337
515.7168 201.682 20 10.07673
521.1972 201.095 20 10.1101
526.9019 200.6573 20 10.14347
532.3685 199.3958 20 10.17683
537.4431 198.2686 20 10.2102
542.6875 197.3568 20 10.24357
548.0796 196.3596 20 10.27693
553.8721 198.0383 20 10.3103
559.0736 199.3882 20 10.34367
565.4474 200.7834 20 10.37703
571.2566 200.9467 20 10.4104
575.039 199.3605 20 10.44377
578.6994 199.2337 20 10.47713
582.3965 197.5103 20 10.5105
584.1644 192.6646 20 10.54387
584.8553 188.0357 20 10.57723
584.6676 182.142 20 10.6106
584.5578 176.2034 20 10.64397
583.922 170.3494 20 10.67733
583.6215 165.8687 20 10.7107
582.8748 160.2887 20 10.74407
582.1128 155.0326 20 10.77743
580.3522 151.5769 20 10.8108
575.7507 150.7827 20 10.84417
570.4136 148.927 20 10.87753
566.4368 144.9424 20 10.9109
562.2356 141.3498 20 10.94427
560.117 137.8601 20 10.97763
558.194 133.425 20 11.011
557.351 129.1544 20 11.04437
557.6948 124.0193 20 11.07773
557.6999 118.7053 20 11.1111
558.3799 114.1359 20 11.14447
560.6293 114.9795 20 11.17783
562.3985 114.9989 20 11.2112
563.4173 114.7999 20 11.24457
564.3227 113.8432 20 11.27793
563.0382 109.5988 20 11.3113
560.2325 104.2864 20 11.34467
556.9209 99.9476 20 11.37803
553.7284 97.74882 20 11.4114
550.0664 96.45637 20 11.44477
546.5254 97.20351 20 11.47813
541.1408 96.67979 20 11.5115
535.4888 98.18381 20 11.54487
529.2961 97.10877 20 11.57823
523.8035 96.15409 20 11.6116
518.0926 95.10231 20 11.64497
513.3824 92.89403 20 11.67833
509.4081 90.66221 20 11.7117
507.3389 89.12211 20 11.74507
506.1478 86.93476 20 11.77843
505.9753 84.92532 20 11.8118
506.1758 83.22419 20 11.84517
507.899 81.0371 20 11.87853
509.7892 79.48138 20 11.9119
512.3264 76.86437 20 11.94527
514.7489 76.03237 20 11.97863
517.0765 75.38719 20 12.012
521.2197 73.48752 20 12.04537
525.4434 71.17402 20 12.07873
528.885 69.17499 20 12.1121
533.0207 67.04887 20 12.14547
538.4809 64.71483 20 12.17883
543.3492 63.06577 20 12.2122
547.4229 61.80174 20 12.24557
550.7965 62.10708 20 12.27893
554.458 63.66862 20 12.3123
559.8403 63.55228 20 12.34567
563.79 64.75725 20 12.37903
567.3456 64.83506 20 12.4124
568.3576 65.3909 20 12.44577
571.4974 66.20976 20 12.47913
573.8504 67.05344 20 12.5125
578.3459 66.34115 20 12.54587
582.5801 67.85098 20 12.57923
587.9965 70.04786 20 12.6126
592.6073 70.25246 20 12.64597
597.3203 74.03549 20 12.67933
602.629 76.02424 20 12.7127
608.2725 77.20262 20 12.74607
614.0961 78.04974 20 12.77943
619.8413 78.53251 20 12.8128
624.9812 81.86029 20 12.84617
631.1833 84.37557 20 12.87953
636.955 85.48579 20 12.9129
641.9043 87.55929 20 12.94627
647.0847 90.02942 20 12.97963
651.7255 92.48564 20 13.013
656.2532 95.36377 20 13.04637
661.2843 97.01349 20 13.07973
666.9397 98.38814 20 13.1131
671.6395 101.5145 20 13.14647
676.1622 104.2259 20 13.17983
681.3052 107.2349 20 13.2132
686.7504 109.0308 20 13.24657
691.2465 112.1284 20 13.27993
696.4355 115.1239 20 13.3133
701.2124 117.9402 20 13.34667
704.8696 122.2948 20 13.38003
709.9516 124.6049 20 13.4134
716.4552 126.7769 20 13.44677
721.0233 130.2662 20 13.48013
725.7394 134.3397 20 13.5135
730.1736 137.8613 20 13.54687
733.9892 141.9995 20 13.58023
739.7178 144.791 20 13.6136
743.5011 148.7691 20 13.64697
748.6123 151.8881 20 13.68033
753.4878 155.282 20 13.7137
758.7357 158.8667 20 13.74707
762.3529 162.2457 20 13.78043
766.1209 167.185 20 13.8138
770.4261 169.9387 20 13.84717
774.1398 173.0267 20 13.88053
778.3546 178.1112 20 13.9139
782.3339 182.3481 20 13.94727
786.647 185.9026 20 13.98063
789.7668 188.7482 20 14.014
793.3986 192.1241 20 14.04737
796.3114 195.9695 20 14.08073
799.3144 199.6308 20 14.1141
802.6171 202.6304 20 14.14747
804.5764 204.834 20 14.18083
805.8116 205.8117 20 14.2142
806.5907 206.8061 20 14.24757
807.1489 207.689 20 14.28093
806.9652 207.7483 20 14.3143
806.2723 206.9904 20 14.34767
805.858 206.1679 20 14.38103
804.411 204.8398 20 14.4144
804.0151 204.0247 20 14.44777
803.2949 203.1008 20 14.48113
803.2808 204.4118 20 14.5145
803.9398 204.3608 20 14.54787
804.5064 204.7988 20 14.58123
805.7242 205.9969 20 14.6146
805.996 207.3348 20 14.64797
807.298 208.1319 20 14.68133
808.9712 209.6013 20 14.7147
810.5046 212.4433 20 14.74807
812.1644 213.1792 20 14.78143
813.1535 214.726 20 14.8148
814.5519 216.031 20 14.84817
815.068 217.303 20 14.88153
814.5423 217.9648 20 14.9149
815.0613 217.4603 20 14.94827
815.1246 216.9832 20 14.98163
815.081 216.7574 20 15.015
814.6911 216.4903 20 15.04837
815.3064 216.9987 20 15.08173
815.1388 217.5234 20 15.1151
815.4726 217.8652 20 15.14847
815.7501 217.3847 20 15.18183
814.5873 217.3525 20 15.2152
813.7101 217.3439 20 15.24857
814.9788 216.6045 20 15.28193
815.2233 216.3 20 15.3153
815.3709 216.981 20 15.34867
816.1508 218.0317 20 15.38203
817.588 219.8756 20 15.4154
819.229 221.17 20 15.44877
820.6123 223.7829 20 15.48213
821.3526 224.2011 20 15.5155
821.7871 225.0355 20 15.54887
822.3255 224.9648 20 15.58223
822.857 225.7509 20 15.6156
823.2297 226.2262 20 15.64897
824.1988 227.4342 20 15.68233
825.0661 228.8943 20 15.7157
825.5126 229.6519 20 15.74907
825.3474 229.2183 20 15.78243
825.4219 228.9783 20 15.8158
824.7163 228.2416 20 15.84917
824.0164 227.286 20 15.88253
823.0608 226.8642 20 15.9159
823.2043 226.2047 20 15.94927
823.1257 227.1038 20 15.98263
824.8368 228.5734 20 16.016
825.8556 230.1403 20 16.04937
827.3686 231.9653 20 16.08273
829.106 234.5355 20 16.1161
830.7216 237.1932 20 16.14947
831.4774 238.8016 20 16.18283
831.7309 238.8551 20 16.2162
832.6024 239.1009 20 16.24957
832.5333 239.1507 20 16.28293
832.9114 238.9813 20 16.3163
832.9701 238.6251 20 16.34967
832.3702 238.5706 20 16.38303
832.0437 238.2956 20 16.4164
831.9677 238.2709 20 16.44977
832.0806 238.3946 20 16.48313
833.0574 239.2118 20 16.5165
834.5216 241.0436 20 16.54987
835.1584 242.3021 20 16.58323
836.4051 244.107 20 16.6166
837.7392 245.5759 20 16.64997
838.814 247.9188 20 16.68333
839.7302 250.034 20 16.7167
841.92 251.6703 20 16.75007
842.5786 252.9503 20 16.78343
842.988 253.8255 20 16.8168
843.4313 253.8831 20 16.85017
843.7414 254.4308 20 16.88353
843.2137 253.8441 20 16.9169
842.894 253.8388 20 16.95027
842.9824 254.2573 20 16.98363
842.9796 253.9388 20 17.017
842.5752 253.0851 20 17.05037
841.5815 252.7781 20 17.08373
841.5326 250.9254 20 17.1171
839.9974 249.279 20 17.15047
838.5108 247.0567 20 17.18383
837.4811 245.4264 20 17.2172
836.3176 243.5117 20 17.25057
836.0747 243.563 20 17.28393
837.131 244.4147 20 17.3173
838.5875 246.1962 20 17.35067
840.3351 248.7378 20 17.38403
842.0989 252.0623 20 17.4174
844.4657 256.2404 20 17.45077
847.0178 259.2329 20 17.48413
848.8587 262.6895 20 17.5175
851.4305 266.4259 20 17.55087
853.7855 270.9331 20 17.58423
856.8284 276.2163 20 17.6176
858.63 280.0017 20 17.65097
861.8121 283.1025 20 17.68433
863.5278 287.8809 20 17.7177
865.7522 290.5155 20 17.75107
867.4553 294.1733 20 17.78443
869.4289 297.9292 20 17.8178
871.1506 302.6981 20 17.85117
872.9781 304.8866 20 17.88453
874.2731 307.7171 20 17.9179
875.7117 310.8537 20 17.95127
877.1806 314.2518 20 17.98463
878.0622 316.743 20 18.018
879.867 318.8112 20 18.05137
881.2583 322.2834 20 18.08473
882.6516 325.8439 20 18.1181
884.2791 329.5659 20 18.15147
886.2155 332.5702 20 18.18483
887.2709 336.4969 20 18.2182
887.9893 340.1591 20 18.25157
888.3904 343.3304 20 18.28493
890.1386 347.9087 20 18.3183
892.0762 350.8585 20 18.35167
894.2163 355.5604 20 18.38503
895.2988 358.9933 20 18.4184
895.8736 361.2043 20 18.45177
896.5461 362.4307 20 18.48513
897.9522 365.0674 20 18.5185
897.7531 367.3435 20 18.55187
900.158 368.894 20 18.58523
899.4633 367.9925 20 18.6186
899.47 367.2864 20 18.65197
897.6121 367.0853 20 18.68533
894.9136 364.809 20 18.7187
895.2686 362.5414 20 18.75207
895.7112 358.8832 20 18.78543
895.5927 354.6195 20 18.8188
894.5846 349.1059 20 18.85217
892.2243 344.3129 20 18.88553
889.4479 338.469 20 18.9189
887.4445 333.1547 20 18.95227
884.2578 328.9212 20 18.98563
881.3132 324.1147 20 19.019
879.6289 317.5573 20 19.05237
877.1541 312.7686 20 19.08573
873.5857 307.9866 20 19.1191
872.1413 302.1762 20 19.15247
868.8619 297.432 20 19.18583
865.86 291.7511 20 19.2192
864.6231 286.1883 20 19.25257
861.851 282.341 20 19.28593
859.3838 277.696 20 19.3193
856.6999 272.7308 20 19.35267
852.8576 267.7244 20 19.38603
849.9343 262.7961 20 19.4194
846.8194 258.1008 20 19.45277
843.2611 252.6674 20 19.48613
839.3004 247.5506 20 19.5195
836.5348 243.5699 20 19.55287
833.6486 240.2765 20 19.58623
830.6838 236.2365 20 19.6196
828.7848 233.3837 20 19.65297
826.8285 230.1541 20 19.68633
824.0567 227.535 20 19.7197
822.6865 225.3971 20 19.75307
822.1281 224.6669 20 19.78643
822.3171 224.9118 20 19.8198
823.6308 226.2257 20 19.85317
826.1863 229.8279 20 19.88653
828.3824 233.4963 20 19.9199
832.4109 237.5717 20 19.95327
834.4465 242.3202 20 19.98663
838.3396 246.1654 20 20.02
841.7062 249.8202 20 20.05337
844.0616 254.2553 20 20.08673
846.6541 258.1608 20 20.1201
849.6527 261.9841 20 20.15347
852.4545 267.4679 20 20.18683
855.3188 272.0564 20 20.2202
857.9496 275.848 20 20.25357
859.7532 279.7032 20 20.28693
861.6651 283.529 20 20.3203
863.7949 286.4461 20 20.35367
865.7464 289.5016 20 20.38703
867.8329 294.1881 20 20.4204
870.4621 300.4657 20 20.45377
873.4409 305.4078 20 20.48713
874.939 309.7778 20 20.5205
877.0457 312.2676 20 20.55387
878.9212 316.4454 20 20.58723
880.6948 321.6088 20 20.6206
882.8166 326.5687 20 20.65397
882.4449 326.4112 20 20.68733
882.1657 324.0805 20 20.7207
881.8091 322.9473 20 20.75407
881.8262 323.4246 20 20.78743
883.3309 324.7776 20 20.8208
884.4908 327.2423 20 20.85417
885.6367 330.9228 20 20.88753
886.8221 335.8602 20 20.9209
889.8307 340.0038 20 20.95427
890.6774 341.5246 20 20.98763
890.1281 343.9926 20 21.021
889.2117 346.4531 20 21.05437
887.38 347.4501 20 21.08773
885.453 350.3631 20 21.1211
883.5857 352.6787 20 21.15447
879.765 356.1436 20 21.18783
875.5043 359.7102 20 21.2212
870.4 363.7425 20 21.25457
865.6625 366.8559 20 21.28793
858.5689 369.706 20 21.3213
854.2592 372.7531 20 21.35467
851.9504 375.6297 20 21.38803
849.0885 379.6969 20 21.4214
846.3199 384.6399 20 21.45477
843.2592 389.6567 20 21.48813
840.646 394.7788 20 21.5215
838.1584 400.3075 20 21.55487
835.6391 405.8711 20 21.58823
833.4416 411.1923 20 21.6216
831.4406 416.3622 20 21.65497
829.1877 422.281 20 21.68833
827.1775 427.6214 20 21.7217
822.1211 427.8494 20 21.75507
816.4933 425.3167 20 21.78843
810.6117 423.5679 20 21.8218
804.7229 424.4733 20 21.85517
800.2454 426.1166 20 21.88853
795.8077 427.4818 20 21.9219
789.1424 427.5693 20 21.95527
782.2944 428.4922 20 21.98863
776.6048 430.1343 20 22.022
770.205 432.4761 20 22.05537
764.1319 432.913 20 22.08873
759.5519 434.7346 20 22.1221
754.1439 437.5853 20 22.15547
748.8181 440.9606 20 22.18883
743.9413 444.0972 20 22.2222
739.3066 446.9814 20 22.25557
734.1621 450.507 20 22.28893
729.2052 453.8377 20 22.3223
724.8309 457.197 20 22.35567
720.0666 460.5393 20 22.38903
715.4766 464.1834 20 22.4224
710.7292 467.9388 20 22.45577
706.2943 471.6041 20 22.48913
701.9026 475.1991 20 22.5225
697.4233 479.0021 20 22.55587
693.1468 483.0144 20 22.58923
689.0661 487.2176 20 22.6226
684.8212 491.2086 20 22.65597
681.1704 495.5177 20 22.68933
677.135 500.0628 20 22.7227
673.3696 504.5741 20 22.75607
669.4103 509.1805 20 22.78943
669.7286 515.0992 20 22.8228
668.3659 521.3044 20 22.85617
665.5944 527.1892 20 22.88953
663.0773 531.642 20 22.9229
659.701 536.6327 20 22.95627
656.2703 541.0662 20 22.98963
653.0164 545.9608 20 23.023
650.8882 546.769 20 23.05637
648.2054 549.3511 20 23.08973
645.7038 552.161 20 23.1231
643.9785 555.6246 20 23.15647
641.8453 560.0325 20 23.18983
639.0507 564.0563 20 23.2232
637.1733 568.8009 20 23.25657
635.4898 574.5281 20 23.28993
632.9718 585.368 20 23.3233
632.9718 585.368 20 23.35667
631.9249 591.3987 20 23.39003
630.0577 602.6299 20 23.4234
630.0577 602.6299 20 23.45677
629.2422 608.8258 20 23.49013
628.1367 619.7327 20 23.5235
628.1367 619.7327 20 23.55687
627.2077 625.7674 20 23.59023
628.6536 635.2729 20 23.6236
628.6536 635.2729 20 23.65697
632.0473 643.7433 20 23.69033
632.9935 649.0115 20 23.7237
632.9935 649.0115 20 23.75707
632.5488 660.9927 20 23.79043
631.8773 666.6036 20 23.8238
631.8773 666.6036 20 23.85717
630.5797 678.661 20 23.89053
629.9323 684.2458 20 23.9239
629.6559 690.2397 20 23.95727
629.1945 696.544 20 23.99063
629.2178 702.1247 20 24.024
629.1026 707.7025 20 24.05737
629.0167 713.8486 20 24.09073
628.8609 719.6352 20 24.1241
628.9115 725.7095 20 24.15747
629.1775 731.7307 20 24.19083
629.5745 737.7774 20 24.2242
629.8067 743.3231 20 24.25757
630.156 749.4954 20 24.29093
630.5742 755.5574 20 24.3243
630.985 761.2169 20 24.35767
631.3248 767.1544 20 24.39103
631.943 773.1555 20 24.4244
632.4379 778.9578 20 24.45777
633.1347 784.4907 20 24.49113
633.8243 790.5348 20 24.5245
634.4155 796.7957 20 24.55787
634.033 801.8018 20 24.59123
633.4269 806.7249 20 24.6246
633.675 812.19 20 24.65797
634.5985 818.4442 20 24.69133
635.991 824.1272 20 24.7247
637.4265 829.8275 20 24.75807
638.9433 835.4391 20 24.79143
637.3222 838.4325 20 24.8248
635.2996 841.5138 20 24.85817
633.879 846.5183 20 24.89153
632.3876 851.4771 20 24.9249
630.2076 849.1611 20 24.95827
628.3371 849.9912 20 24.99163
626.432 846.441 20 25.025
624.9404 846.1597 20 25.05837
620.7493 847.962 20 25.09173
618.1144 850.8895 20 25.1251
614.2184 854.8242 20 25.15847
610.5536 858.9516 20 25.19183
607.2201 864.2769 20 25.2252
605.4611 869.7416 20 25.25857
604.3958 875.8377 20 25.29193
603.8042 881.9259 20 25.3253
603.5475 887.543 20 25.35867
603.0669 893.5982 20 25.39203
602.6469 899.4011 20 25.4254
602.3455 905.8505 20 25.45877
602.3338 911.842 20 25.49213
602.1674 917.4289 20 25.5255
599.9133 918.3477 20 25.55887
598.3799 919.0373 20 25.59223
595.7436 920.0952 20 25.6256
593.0667 920.6322 20 25.65897
590.5993 921.4753 20 25.69233
589.6729 921.3464 20 25.7257
588.0126 922.1437 20 25.75907
586.909 921.844 20 25.79243
585.7729 921.8138 20 25.8258
583.6339 921.9643 20 25.85917
581.0568 922.8894 20 25.89253
580.1698 923.4279 20 25.9259
577.9449 923.4461 20 25.95927
576.0767 924.6401 20 25.99263
574.2567 925.0063 20 26.026
572.7618 925.3628 20 26.05937
572.4074 925.5636 20 26.09273
571.6696 925.8845 20 26.1261
571.2017 925.913 20 26.15947
570.3602 926.2939 20 26.19283
569.6842 926.417 20 26.2262
568.2554 926.8106 20 26.25957
566.2904 926.9573 20 26.29293
563.9192 927.6506 20 26.3263
561.0444 928.3818 20 26.35967
557.493 928.2979 20 26.39303
554.7696 929.6757 20 26.4264
551.2844 929.9312 20 26.45977
547.8891 930.1937 20 26.49313
545.2455 930.9401 20 26.5265
543.254 930.5914 20 26.55987
540.8563 931.345 20 26.59323
538.1128 931.9904 20 26.6266
535.3928 931.8678 20 26.65997
532.3816 932.8321 20 26.69333
530.6397 932.4643 20 26.7267
529.5808 931.8093 20 26.76007
529.1997 932.1579 20 26.79343
529.4609 932.5108 20 26.8268
529.9354 932.278 20 26.86017
531.3556 932.3512 20 26.89353
532.549 932.0522 20 26.9269
533.6278 931.7311 20 26.96027
533.8816 932.2007 20 26.99363
534.814 932.0153 20 27.027
534.8254 931.3647 20 27.06037
537.4363 931.745 20 27.09373
541.172 931.3259 20 27.1271
544.4262 930.6234 20 27.16047
547.236 930.4974 20 27.19383
550.4721 930.8245 20 27.2272
553.043 929.9349 20 27.26057
553.7898 929.6026 20 27.29393
555.3107 929.4811 20 27.3273
554.5302 929.5783 20 27.36067
555.4377 929.8367 20 27.39403
556.1592 929.6057 20 27.4274
556.9984 927.0768 20 27.46077
560.7696 925.332 20 27.49413
562.2351 923.5821 20 27.5275
564.6761 921.0073 20 27.56087
566.4848 917.3187 20 27.59423
566.9413 912.694 20 27.6276
567.6127 907.4102 20 27.66097
567.51 901.7078 20 27.69433
565.3284 896.7836 20 27.7277
563.1613 890.5585 20 27.76107
560.7142 884.6273 20 27.79443
556.3351 878.9762 20 27.8278
551.1177 875.2878 20 27.86117
546.0649 873.2998 20 27.89453
543.8567 873.128 20 27.9279
541.2147 873.694 20 27.96127
535.8786 874.02 20 27.99463
530.532 874.1325 20 28.028
525.7154 873.5741 20 28.06137
519.6389 872.5276 20 28.09473
513.6247 870.8026 20 28.1281
508.6273 868.7223 20 28.16147
502.8394 866.8452 20 28.19483
497.3697 865.2228 20 28.2282
491.5724 863.5419 20 28.26157
486.0739 861.7754 20 28.29493
480.2305 860.132 20 28.3283
474.6889 858.592 20 28.36167
468.4733 857.0852 20 28.39503
462.2936 855.7151 20 28.4284
456.9237 854.437 20 28.46177
451.2535 853.3734 20 28.49513
445.8415 851.8706 20 28.5285
439.794 849.9845 20 28.56187
433.7966 847.8917 20 28.59523
427.8438 846.1726 20 28.6286
422.8285 843.8835 20 28.66197
415.9726 842.8779 20 28.69533
411.0515 840.3107 20 28.7287
404.2964 838.9835 20 28.76207
399.2587 836.7305 20 28.79543
393.4463 834.7934 20 28.8288
387.4181 833.0249 20 28.86217
381.3614 831.0147 20 28.89553
375.6942 829.5437 20 28.9289
369.9414 827.481 20 28.96227
364.229 825.6504 20 28.99563
358.7881 824.1289 20 29.029
352.3476 822.3048 20 29.06237
346.9807 820.3859 20 29.09573
346.4194 822.1081 20 29.1291
344.6476 823.1909 20 29.16247
344.5789 823.2233 20 29.19583
344.2066 824.0146 20 29.2292
342.1853 823.8648 20 29.26257
339.7764 822.4435 20 29.29593
336.668 820.5653 20 29.3293
334.9339 818.2592 20 29.36267
331.4398 815.0987 20 29.39603
329.6479 809.7698 20 29.4294
327.9538 803.9811 20 29.46277
326.8972 798.4273 20 29.49613
326.0842 792.9269 20 29.5295
326.4289 786.6736 20 29.56287
325.4052 781.106 20 29.59623
326.2815 774.0577 20 29.6296
324.87 768.8164 20 29.66297
324.955 762.7014 20 29.69633
324.1721 756.3297 20 29.7297
323.4778 750.4959 20 29.76307
323.1985 744.1998 20 29.79643
322.0515 738.5752 20 29.8298
321.5557 732.2895 20 29.86317
319.9985 726.8043 20 29.89653
319.6894 721.0711 20 29.9299
318.8056 714.8897 20 29.96327
317.8649 709.5279 20 29.99663
316.6144 703.7892 20 30.03
314.9583 697.7044 20 30.06337
313.6424 691.8505 20 30.09673
312.3668 686.2581 20 30.1301
310.926 680.5601 20 30.16347
309.0929 674.0243 20 30.19683
307.583 668.8048 20 30.2302
305.8477 663.2807 20 30.26357
304.2022 657.5815 20 30.29693
301.663 652.4491 20 30.3303
299.5552 647.2003 20 30.36367
297.0233 641.7584 20 30.39703
293.8339 636.1636 20 30.4304
291.8469 630.9523 20 30.46377
288.8185 626.1142 20 30.49713
286.0541 620.4268 20 30.5305
282.405 615.3097 20 30.56387
280.7554 609.8395 20 30.59723
280.0124 607.7222 20 30.6306
281.8096 604.7944 20 30.66397
280.7868 601.1507 20 30.69733
280.6432 597.8758 20 30.7307
281.387 593.9785 20 30.76407
280.3115 589.4613 20 30.79743
279.5726 583.8375 20 30.8308
277.5383 578.7486 20 30.86417
276.0067 572.8399 20 30.89753
273.6308 567.2055 20 30.9309
275.8836 561.9155 20 30.96427
276.7625 555.9579 20 30.99763
276.9086 550.0064 20 31.031
279.5054 545.0292 20 31.06437
280.92 538.7757 20 31.09773
281.1016 534.0107 20 31.1311
281.3493 528.8446 20 31.16447
282.771 524.2833 20 31.19783
284.1551 518.3024 20 31.2312
285.236 513.3947 20 31.26457
287.0674 507.7893 20 31.29793
287.8481 502.7905 20 31.3313
288.6433 497.216 20 31.36467
289.5317 491.8449 20 31.39803
290.761 486.066 20 31.4314
292.4891 480.7819 20 31.46477
294.6274 475.9142 20 31.49813
295.9339 470.1683 20 31.5315
298.1069 464.6636 20 31.56487
300.307 460.2769 20 31.59823
301.5658 454.7807 20 31.6316
304.8285 450.3754 20 31.66497
307.4862 445.7252 20 31.69833
311.9518 440.2393 20 31.7317
314.4988 436.1566 20 31.76507
318.7482 431.4842 20 31.79843
321.5782 427.5649 20 31.8318
326.204 422.0325 20 31.86517
328.832 417.9497 20 31.89853
332.5287 413.1403 20 31.9319
336.4352 408.0016 20 31.96527
339.71 403.5449 20 31.99863
342.9318 398.4234 20 32.032
346.2182 393.5875 20 32.06537
349.4152 388.6609 20 32.09873
352.5923 383.8605 20 32.1321
355.9606 378.9456 20 32.16547
358.7855 373.6886 20 32.19883
361.703 368.8195 20 32.2322
364.6493 363.6518 20 32.26557
367.5899 358.5228 20 32.29893
370.1254 353.2799 20 32.3323
372.6987 347.5863 20 32.36567
375.2576 342.4894 20 32.39903
377.5428 336.8047 20 32.4324
380.1535 331.6628 20 32.46577
382.1557 325.6045 20 32.49913
384.2085 320.2229 20 32.5325
387.0256 315.446 20 32.56587
388.219 309.1723 20 32.59923
391.3105 304.0169 20 32.6326
392.4492 297.8877 20 32.66597
391.247 291.4208 20 32.69933
391.7332 284.9989 20 32.7327
393.53 279.4638 20 32.76607
395.8959 274.6546 20 32.79943
398.4069 268.9611 20 32.8328
399.9777 264.1143 20 32.86617
398.9429 258.522 20 32.89953
399.081 253.2851 20 32.9329
399.2208 247.5445 20 32.96627
399.4251 242.4537 20 32.99963
400.1902 237.2086 20 33.033
401.7768 231.5957 20 33.06637
402.3955 226.447 20 33.09973
402.723 221.0669 20 33.1331
404.6439 215.6108 20 33.16647
407.4424 210.3431 20 33.19983
409.1973 205.3107 20 33.2332
411.1934 200.7121 20 33.26657
413.7958 195.1697 20 33.29993
414.6729 189.8154 20 33.3333
416.7728 183.6949 20 33.36667
418.2702 177.6619 20 33.40003
419.9127 171.9829 20 33.4334
421.9851 166.3586 20 33.46677
423.4709 159.9878 20 33.50013
425.9752 155.4464 20 33.5335
426.1389 148.5497 20 33.56687
426.8174 144.3869 20 33.60023
427.2551 138.1065 20 33.6336
428.6624 132.6016 20 33.66697
429.4449 129.7951 20 33.70033
430.279 124.0254 20 33.7337
432.3251 118.7553 20 33.76707
433.6787 113.2904 20 33.80043
437.6814 114.3062 20 33.8338
442.1867 113.6949 20 33.86717
447.465 112.0853 20 33.90053
452.1534 110.5928 20 33.9339
457.3505 109.0689 20 33.96727
460.5465 108.3601 20 34.00063
463.4705 108.5204 20 34.034
467.4397 109.0062 20 34.06737
469.3722 109.6688 20 34.10073
473.7106 110.1483 20 34.1341
477.9272 111.5252 20 34.16747
483.0437 113.3322 20 34.20083
488.7109 113.785 20 34.2342
495.6496 113.4519 20 34.26757
501.8429 114.503 20 34.30093
505.52 115.9417 20 34.3343
505.961 118.0796 20 34.36767
505.8562 117.6717 20 34.40103
509.8435 118.7041 20 34.4344
511.4598 119.5214 20 34.46777
512.4237 122.5728 20 34.50113
515.6569 125.2144 20 34.5345
517.7754 128.2745 20 34.56787
522.7313 132.3938 20 34.60123
522.9106 132.2524 20 34.6346
524.3762 134.2976 20 34.66797
525.5879 136.375 20 34.70133
526.4517 137.8746 20 34.7347
529.8796 141.4977 20 34.76807
533.3187 144.2992 20 34.80143
537.3059 148.2622 20 34.8348
541.4121 152.563 20 34.86817
545.3676 157.4598 20 34.90153
549.3729 161.7457 20 34.9349
553.7822 166.7838 20 34.96827
553.4823 168.6269 20 35.00163
553.3011 171.8664 20 35.035
554.8937 177.6771 20 35.06837
554.5186 182.7335 20 35.10173
553.5612 187.9776 20 35.1351
552.4422 191.9382 20 35.16847
550.9338 196.2767 20 35.20183
549.1595 201.4383 20 35.2352
546.2875 206.1501 20 35.26857
543.6147 211.9161 20 35.30193
539.4898 215.1952 20 35.3353
536.0482 219.6721 20 35.36867
532.5021 224.6162 20 35.40203
529.34 229.8766 20 35.4354
525.6712 233.7685 20 35.46877
522.351 239.5207 20 35.50213
519.6476 245.9247 20 35.5355
515.5275 249.6848 20 35.56887
513.7688 255.6646 20 35.60223
509.6226 260.6589 20 35.6356
507.4443 266.1168 20 35.66897
504.1008 270.9347 20 35.70233
502.4254 275.232 20 35.7357
499.7709 280.6561 20 35.76907
496.4225 284.9844 20 35.80243
493.9907 290.3981 20 35.8358
490.3781 295.2029 20 35.86917
487.0618 300.2969 20 35.90253
483.1446 304.7667 20 35.9359
479.3614 309.2034 20 35.96927
475.4182 313.4942 20 36.00263
471.4219 317.6051 20 36.036
467.435 322.6532 20 36.06937
463.6214 326.9785 20 36.10273
459.9098 331.3462 20 36.1361
456.0059 336.0061 20 36.16947
452.6965 339.2159 20 36.20283
448.2838 343.6905 20 36.2362
444.8246 347.9111 20 36.26957
441.0956 352.3227 20 36.30293
437.047 357.2825 20 36.3363
433.2417 361.825 20 36.36967
429.5467 366.438 20 36.40303
425.7149 371.0647 20 36.4364
422.3802 376.2283 20 36.46977
421.649 380.2101 20 36.50313
420.0318 383.5637 20 36.5365
418.3414 384.9186 20 36.56987
413.127 387.3596 20 36.60323
409.5378 388.6457 20 36.6366
405.7724 389.7985 20 36.66997
402.0228 392.3185 20 36.70333
399.9064 394.1028 20 36.7367
398.6476 395.5623 20 36.77007
399.111 397.2416 20 36.80343
399.531 399.9527 20 36.8368
400.3316 403.6506 20 36.87017
400.7118 406.1722 20 36.90353
399.1832 409.7334 20 36.9369
396.5247 412.0463 20 36.97027
393.8188 415.3944 20 37.00363
390.6512 417.9878 20 37.037
386.6665 420.3622 20 37.07037
382.2614 422.638 20 37.10373
377.6569 425.7028 20 37.1371
372.83 426.6759 20 37.17047
367.3325 429.4523 20 37.20383
362.2706 431.712 20 37.2372
357.4651 433.3589 20 37.27057
351.5489 435.5699 20 37.30393
346.3697 438.4453 20 37.3373
340.8429 441.3684 20 37.37067
335.9833 444.4382 20 37.40403
330.731 447.9628 20 37.4374
326.8086 451.744 20 37.47077
320.6563 454.7622 20 37.50413
316.4726 458.0288 20 37.5375
311.9835 461.5026 20 37.57087
306.1043 465.1961 20 37.60423
302.4268 468.7154 20 37.6376
296.5033 472.2968 20 37.67097
292.5162 476.125 20 37.70433
287.4935 479.3849 20 37.7377
282.8934 483.4901 20 37.77107
278.4062 486.7367 20 37.80443
273.7658 490.2951 20 37.8378
269.2189 494.0458 20 37.87117
264.2686 498.0086 20 37.90453
260.1691 501.8482 20 37.9379
255.3853 505.3938 20 37.97127
250.7798 509.6629 20 38.00463
246.2042 513.4709 20 38.038
242.0003 517.2231 20 38.07137
237.5844 521.4261 20 38.10473
233.0568 525.4011 20 38.1381
228.9186 529.5681 20 38.17147
224.7633 533.2834 20 38.20483
220.3828 537.2869 20 38.2382
216.074 541.1751 20 38.27157
211.6767 545.5086 20 38.30493
206.7063 549.5493 20 38.3383
202.3169 553.5363 20 38.37167
197.8296 557.5435 20 38.40503
193.8796 560.8704 20 38.4384
189.7724 565.6142 20 38.47177
183.6843 569.7185 20 38.50513
181.4501 573.6365 20 38.5385
175.8636 577.8445 20 38.57187
172.2463 581.6687 20 38.60523
168.0465 586.1939 20 38.6386
163.4802 590.2624 20 38.67197
159.8699 594.5971 20 38.70533
155.0272 598.7449 20 38.7387
151.5053 603.3208 20 38.77207
147.0046 607.3898 20 38.80543
143.3774 611.8001 20 38.8388
139.2815 616.3723 20 38.87217
135.3419 620.6135 20 38.90553
131.2147 625.115 20 38.9389
127.7896 629.2402 20 38.97227
123.4676 633.6597 20 39.00563
119.7458 638.1195 20 39.039
116.2891 642.512 20 39.07237
112.2743 647.2806 20 39.10573
109.4188 651.5909 20 39.1391
105.3191 656.0506 20 39.17247
101.6821 660.7784 20 39.20583
97.60978 665.6156 20 39.2392
94.32667 670.1688 20 39.27257
90.56172 674.6391 20 39.30593
86.80821 679.3656 20 39.3393
82.83692 684.1443 20 39.37267
78.98508 689.0811 20 39.40603
80.46687 691.4537 20 39.4394
80.57235 694.0485 20 39.47277
82.92312 696.4061 20 39.50613
83.37487 699.8444 20 39.5395
83.9963 701.5443 20 39.57287
86.37372 703.1674 20 39.60623
86.85772 705.2693 20 39.6396
88.08956 706.3329 20 39.67297
87.55747 707.8936 20 39.70633
88.69674 707.6037 20 39.7397
87.56886 707.3226 20 39.77307
87.63288 706.1161 20 39.80643
87.14111 704.1365 20 39.8398
85.91579 703.1903 20 39.87317
85.4484 702.5043 20 39.90653
84.17686 700.978 20 39.9399
83.5206 699.0316 20 39.97327
81.56199 696.0257 20 40.00663
80.07937 693.2677 20 40.04
78.8559 690.4716 20 40.07337
78.34853 688.5142 20 40.10673
76.3484 685.5803 20 40.1401
74.02475 681.3362 20 40.17347
73.63136 677.1545 20 40.20683
71.33083 674.2851 20 40.2402
70.23492 670.8574 20 40.27357
68.97854 668.5615 20 40.30693
67.49956 665.5513 20 40.3403
65.94734 663.161 20 40.37367
64.99939 660.413 20 40.40703
63.69406 657.7304 20 40.4404
63.74261 656.7006 20 40.47377
62.12757 654.6561 20 40.50713
62.58021 653.5158 20 40.5405
62.03776 652.1027 20 40.57387
61.98026 651.0011 20 40.60723
61.03913 649.7261 20 40.6406
60.45346 649.1286 20 40.67397
60.59437 648.3194 20 40.70733
60.09278 647.0186 20 40.7407
59.81154 646.2464 20 40.77407
59.11217 645.446 20 40.80743
59.4723 645.6545 20 40.8408
58.91197 644.6292 20 40.87417
58.11008 643.0249 20 40.90753
58.07477 642.3396 20 40.9409
57.97155 641.9214 20 40.97427
57.47029 641.3604 20 41.00763
57.9452 640.8059 20 41.041
57.74475 641.1118 20 41.07437
57.47264 641.13 20 41.10773
57.54764 640.9871 20 41.1411
57.83192 641.3758 20 41.17447
57.75259 641.4869 20 41.20783
58.07257 640.6738 20 41.2412
57.09513 639.6152 20 41.27457
56.70128 637.3927 20 41.30793
55.95569 634.4013 20 41.3413
54.87737 631.1605 20 41.37467
54.04035 629.2273 20 41.40803
53.04287 626.6362 20 41.4414
52.7691 624.3926 20 41.47477
50.57198 621.423 20 41.50813
49.6569 618.0631 20 41.5415
48.8507 614.4422 20 41.57487
47.93018 611.1208 20 41.60823
46.93344 607.3985 20 41.6416
46.26294 603.2857 20 41.67497
45.53368 598.6513 20 41.70833
43.75296 595.0677 20 41.7417
42.84595 590.6303 20 41.77507
42.24772 589.1003 20 41.80843
42.11847 587.7927 20 41.8418
41.88056 586.6511 20 41.87517
42.3638 586.3921 20 41.90853
42.84771 587.044 20 41.9419
41.33773 587.1433 20 41.97527
41.80135 586.0839 20 42.00863
40.41061 585.368 20 42.042
40.92667 584.4597 20 42.07537
40.94862 584.1023 20 42.10873
40.75301 583.8329 20 42.1421
40.80276 582.7386 20 42.17547
39.75735 581.1076 20 42.20883
39.91352 580.2318 20 42.2422
38.93059 578.8889 20 42.27557
38.52739 577.6036 20 42.30893
38.22889 576.0291 20 42.3423
39.59134 575.1396 20 42.37567
40.84006 573.3738 20 42.40903
44.58065 572.0308 20 42.4424
47.03362 570.7437 20 42.47577
51.10267 568.9062 20 42.50913
56.38637 567.5071 20 42.5425
63.00028 566.9929 20 42.57587
68.55893 565.1785 20 42.60923
75.02032 566.8086 20 42.6426
81.39674 565.7016 20 42.67597
86.82123 563.7017 20 42.70933
94.5968 563.9461 20 42.7427
99.66433 563.0798 20 42.77607
104.6617 561.36 20 42.80943
110.9487 560.8197 20 42.8428
116.801 560.4423 20 42.87617
123.4061 560.2815 20 42.90953
128.8643 559.4245 20 42.9429
134.2743 558.1806 20 42.97627
140.584 556.6181 20 43.00963
146.5856 555.0059 20 43.043
153.1505 555.3703 20 43.07637
159.1663 556.0441 20 43.10973
164.5169 556.1651 20 43.1431
170.4432 556.4824 20 43.17647
177.0556 557.4659 20 43.20983
182.5921 557.9289 20 43.2432
188.5967 558.2171 20 43.27657
194.82 558.6777 20 43.30993
200.513 559.0851 20 43.3433
206.3019 559.4395 20 43.37667
212.5983 559.6303 20 43.41003
218.8754 559.6514 20 43.4434
224.8801 559.9221 20 43.47677
230.6013 559.9233 20 43.51013
236.4934 559.9648 20 43.5435
242.4571 559.9665 20 43.57687
248.781 559.9699 20 43.61023
255.1965 559.662 20 43.6436
261.1881 559.6694 20 43.67697
266.652 559.6239 20 43.71033
272.5719 559.5789 20 43.7437
278.5226 559.4679 20 43.77707
284.3802 559.2267 20 43.81043
290.2687 559.0323 20 43.8438
296.3191 558.9988 20 43.87717
302.577 558.8893 20 43.91053
308.2037 558.6508 20 43.9439
314.3428 558.3456 20 43.97727
320.2539 558.1074 20 44.01063
325.4744 558.3008 20 44.044
328.0904 561.4888 20 44.07737
331.323 565.9525 20 44.11073
335.4319 570.3306 20 44.1441
339.7442 573.9459 20 44.17747
345.8059 576.2993 20 44.21083
350.4145 580.4329 20 44.2442
355.8266 583.0305 20 44.27757
361.922 585.0107 20 44.31093
367.8217 587.1376 20 44.3443
372.9573 588.0301 20 44.37767
379.2123 591.1201 20 44.41103
384.3593 592.9758 20 44.4444
389.9729 594.4217 20 44.47777
395.2153 595.8657 20 44.51113
400.6192 597.3246 20 44.5445
406.14 599.1609 20 44.57787
412.3594 601.6167 20 44.61123
417.6894 603.1795 20 44.6446
422.8697 604.6406 20 44.67797
428.9111 605.7559 20 44.71133
434.8315 606.9972 20 44.7447
440.256 607.9276 20 44.77807
445.8511 609.1468 20 44.81143
451.5413 610.0772 20 44.8448
457.8162 611.1156 20 44.87817
463.6071 612.2432 20 44.91153
469.6724 613.2783 20 44.9449
475.2083 614.277 20 44.97827
480.9399 615.0551 20 45.01163
486.9873 615.7908 20 45.045
493.011 616.7943 20 45.07837
498.893 617.7558 20 45.11173
505.2134 618.4161 20 45.1451
512.2728 619.4848 20 45.17847
518.4347 619.9461 20 45.21183
523.9765 620.6105 20 45.2452
530.1559 621.5154 20 45.27857
536.1728 623.0432 20 45.31193
541.8627 624.4276 20 45.3453
548.6418 626.1234 20 45.37867
554.5829 627.5852 20 45.41203
560.0599 629.3608 20 45.4454
564.7182 630.0271 20 45.47877
569.8812 631.3935 20 45.51213
575.641 633.8284 20 45.5455
580.7854 636.2542 20 45.57887
585.7611 638.6431 20 45.61223
591.4737 641.3508 20 45.6456
596.6246 643.1282 20 45.67897
601.8479 645.3917 20 45.71233
607.8208 647.8857 20 45.7457
613.1187 651.6305 20 45.77907
617.7805 655.8371 20 45.81243
622.7585 658.3934 20 45.8458
627.8129 661.5678 20 45.87917
632.7081 664.6241 20 45.91253
636.9706 668.9535 20 45.9459
641.9079 672.2941 20 45.97927
646.2538 674.8781 20 46.01263
650.8936 678.464 20 46.046
655.918 682.2475 20 46.07937
660.4802 684.6724 20 46.11273
664.7432 688.2184 20 46.1461
669.2207 692.759 20 46.17947
673.8848 696.5781 20 46.21283
677.8255 695.4797 20 46.2462
682.2653 696.8673 20 46.27957
685.4034 697.9031 20 46.31293
688.8013 699.9081 20 46.3463
692.4079 700.3322 20 46.37967
696.1812 702.1677 20 46.41303
701.9413 702.3211 20 46.4464
706.0875 704.9766 20 46.47977
711.1657 707.3323 20 46.51313
716.2825 710.682 20 46.5465
719.5038 713.0408 20 46.57987
723.8792 714.1254 20 46.61323
728.4757 716.5656 20 46.6466
734.2972 718.3559 20 46.67997
737.8083 720.3864 20 46.71333
742.6874 721.6183 20 46.7467
748.187 723.7406 20 46.78007
753.8799 725.1305 20 46.81343
759.848 726.0642 20 46.8468
765.2191 727.8296 20 46.88017
771.331 729.0707 20 46.91353
776.7224 730.0993 20 46.9469
781.7871 730.3521 20 46.98027
788.2901 731.006 20 47.01363
794.1882 731.5953 20 47.047
799.2081 731.84 20 47.08037
805.3439 732.2899 20 47.11373
811.464 732.3376 20 47.1471
816.675 732.3179 20 47.18047
822.5339 732.456 20 47.21383
828.8851 732.2539 20 47.2472
833.833 731.9515 20 47.28057
839.411 732.4425 20 47.31393
845.8878 732.1032 20 47.3473
850.4943 731.8187 20 47.38067
852.592 729.1686 20 47.41403
854.2385 726.2401 20 47.4474
855.6371 723.1113 20 47.48077
857.1721 721.5338 20 47.51413
857.7179 721.3044 20 47.5475
857.4816 721.0006 20 47.58087
857.3164 721.534 20 47.61423
856.9218 722.928 20 47.6476
856.0393 723.6115 20 47.68097
854.7487 725.2139 20 47.71433
853.7301 726.842 20 47.7477
855.082 725.1456 20 47.78107
855.8843 723.9713 20 47.81443
856.0803 723.7578 20 47.8478
857.7706 723.0799 20 47.88117
858.2247 721.6955 20 47.91453
858.4805 720.773 20 47.9479
859.3265 720.4632 20 47.98127
859.2759 721.3812 20 48.01463
856.4082 719.622 20 48.048
855.2035 718.3149 20 48.08137
852.9674 715.693 20 48.11473
849.2915 714.1677 20 48.1481
844.8165 712.8807 20 48.18147
839.8576 710.8306 20 48.21483
834.5361 707.9644 20 48.2482
828.6483 704.1686 20 48.28157
822.4955 698.0265 20 48.31493
818.0763 695.2265 20 48.3483
815.4246 695.437 20 48.38167
810.7642 696.4558 20 48.41503
806.4924 692.6094 20 48.4484
800.88 690.6386 20 48.48177
795.6708 688.0121 20 48.51513
790.0954 685.4244 20 48.5485
786.0251 685.1455 20 48.58187
783.2101 686.4074 20 48.61523
781.3762 690.73 20 48.6486
779.1904 692.9281 20 48.68197
774.6511 696.0031 20 48.71533
770.4597 699.0624 20 48.7487
765.0302 701.5289 20 48.78207
760.452 704.0533 20 48.81543
755.596 705.9657 20 48.8488
749.451 707.0517 20 48.88217
744.7213 707.9548 20 48.91553
738.9995 708.6799 20 48.9489
734.9233 709.7067 20 48.98227
732.2908 711.829 20 49.01563
728.2698 713.3741 20 49.049
722.9381 714.5959 20 49.08237
717.0361 716.1569 20 49.11573
711.6785 717.3723 20 49.1491
706.0815 718.1981 20 49.18247
699.9376 718.8294 20 49.21583
697.127 723.5059 20 49.2492
692.5612 726.5791 20 49.28257
686.4007 731.6811 20 49.31593
679.4122 734.7507 20 49.3493
674.4401 736.0246 20 49.38267
668.5884 736.4443 20 49.41603
665.4212 736.3719 20 49.4494
660.9789 734.7312 20 49.48277
655.776 732.8248 20 49.51613
651.3108 731.2726 20 49.5495
645.2496 728.9253 20 49.58287
640.2509 726.887 20 49.61623
636.7719 724.8472 20 49.6496
633.1294 722.587 20 49.68297
629.5785 720.7937 20 49.71633
627.0311 719.6926 20 49.7497
621.9993 718.912 20 49.78307
617.53 716.3501 20 49.81643
612.7875 714.7972 20 49.8498
606.6119 712.497 20 49.88317
601.0155 710.5317 20 49.91653
595.5905 708.5399 20 49.9499
590.4096 706.4525 20 49.98327
585.3561 704.2451 20 50.01663
579.9619 701.574 20 50.05
575.0102 699.1347 20 50.08337
569.9654 696.2441 20 50.11673
565.0174 693.405 20 50.1501
558.9135 695.3297 20 50.18347
552.3603 695.5136 20 50.21683
543.3838 695.9233 20 50.2502
537.4214 694.6945 20 50.28357
530.4552 692.9572 20 50.31693
524.5332 689.0433 20 50.3503
518.6064 684.9415 20 50.38367
511.4462 681.3972 20 50.41703
508.3471 675.2516 20 50.4504
501.3867 671.0644 20 50.48377
498.0224 664.2876 20 50.51713
495.5881 658.8818 20 50.5505
493.349 652.0348 20 50.58387
491.6381 646.2587 20 50.61723
491.3595 640.3125 20 50.6506
491.1057 634.4798 20 50.68397
490.9131 628.4378 20 50.71733
490.7462 621.8992 20 50.7507
490.821 616.1277 20 50.78407
488.9148 611.7959 20 50.81743
486.5118 611.9236 20 50.8508
484.5312 612.285 20 50.88417
479.9153 611.2859 20 50.91753
481.0685 613.1775 20 50.9509
478.4509 612.7974 20 50.98427
476.7614 610.4079 20 51.01763
475.1482 606.5128 20 51.051
474.9891 603.7549 20 51.08437
475.0526 599.1588 20 51.11773
474.4521 594.0963 20 51.1511
476.9059 589.39 20 51.18447
478.6356 583.8867 20 51.21783
481.0295 578.2109 20 51.2512
482.7987 572.6056 20 51.28457
485.0388 567.1709 20 51.31793
486.2774 561.4214 20 51.3513
487.0486 555.6284 20 51.38467
489.7917 550.3464 20 51.41803
489.9461 544.3501 20 51.4514
492.0936 538.8339 20 51.48477
493.0644 532.7786 20 51.51813
494.1378 527.3256 20 51.5515
495.5794 521.4086 20 51.58487
499.6178 516.4604 20 51.61823
503.6316 512.2575 20 51.6516
509.0464 511.9944 20 51.68497
513.9911 511.2343 20 51.71833
519.4579 510.9292 20 51.7517
525.3442 509.0337 20 51.78507
530.6101 508.6304 20 51.81843
536.073 507.3305 20 51.8518
541.6099 504.8741 20 51.88517
546.6955 501.9102 20 51.91853
551.8582 503.0345 20 51.9519
557.234 502.3859 20 51.98527
563.2541 500.5964 20 52.01863
568.4106 498.5341 20 52.052
574.752 495.8897 20 52.08537
580.8216 493.6533 20 52.11873
586.1677 492.6459 20 52.1521
591.3849 490.5785 20 52.18547
598.3686 489.0443 20 52.21883
604.0644 489.0757 20 52.2522
609.8437 489.374 20 52.28557
615.4416 488.2363 20 52.31893
619.082 486.9301 20 52.3523
624.1381 484.2774 20 52.38567
630.3105 482.2693 20 52.41903
634.3657 479.9128 20 52.4524
641.6567 477.9796 20 52.48577
647.2691 476.3173 20 52.51913
652.7874 473.3846 20 52.5525
656.7328 470.3127 20 52.58587
662.9766 466.925 20 52.61923
669.0119 463.6336 20 52.6526
671.8591 461.507 20 52.68597
675.8893 458.3028 20 52.71933
680.7384 455.1259 20 52.7527
685.6776 452.1656 20 52.78607
690.0687 449.3251 20 52.81943
695.4857 445.9897 20 52.8528
700.0252 442.4626 20 52.88617
705.4085 440.3306 20 52.91953
710.6986 438.316 20 52.9529
715.094 435.8059 20 52.98627
719.7043 433.1017 20 53.01963
725.3876 430.1264 20 53.053
730.3273 428.0635 20 53.08637
736.2015 425.6847 20 53.11973
741.1212 422.9443 20 53.1531
745.5176 420.5949 20 53.18647
751.4619 418.2667 20 53.21983
756.7635 415.4698 20 53.2532
762.3922 414.4177 20 53.28657
767.316 412.8135 20 53.31993
772.569 410.0169 20 53.3533
780.391 409.8036 20 53.38667
784.9172 408.1678 20 53.42003
788.8703 406.928 20 53.4534
794.3566 404.0837 20 53.48677
800.5725 403.229 20 53.52013
805.6519 401.5809 20 53.5535
810.0452 399.5514 20 53.58687
815.7782 396.9671 20 53.62023
821.271 394.9865 20 53.6536
826.0438 393.6028 20 53.68697
830.9366 390.9603 20 53.72033
836.7814 389.3988 20 53.7537
842.6162 388.1565 20 53.78707
846.5418 386.2544 20 53.82043
851.457 384.7973 20 53.8538
856.8524 383.2951 20 53.88717
861.795 382.0691 20 53.92053
867.3642 379.937 20 53.9539
872.3125 378.3313 20 53.98727
877.3712 376.3985 20 54.02063
883.2482 374.4166 20 54.054
888.4363 372.5749 20 54.08737
893.1801 370.4735 20 54.12073
898.7586 368.967 20 54.1541
898.4878 371.971 20 54.18747
900.4385 375.1273 20 54.22083
900.7043 378.4391 20 54.2542
902.9437 381.1323 20 54.28757
903.6292 384.1416 20 54.32093
904.7445 387.6407 20 54.3543
905.2442 391.7245 20 54.38767
906.3261 395.0922 20 54.42103
907.2734 399.233 20 54.4544
907.7754 403.0325 20 54.48777
908.4822 407.4722 20 54.52113
909.9287 411.6383 20 54.5545
910.5468 414.7588 20 54.58787
910.8508 418.946 20 54.62123
911.5874 423.2482 20 54.6546
912.995 427.3017 20 54.68797
913.8438 432.0015 20 54.72133
914.0505 436.5593 20 54.7547
914.6885 439.8068 20 54.78807
914.6564 440.9418 20 54.82143
914.6757 440.8956 20 54.8548
914.7819 441.3799 20 54.88817
914.6496 440.5275 20 54.92153
914.484 439.1729 20 54.9549
914.6566 438.1797 20 54.98827
914.1767 435.8932 20 55.02163
913.8244 433.2232 20 55.055
913.7503 430.511 20 55.08837
913.4281 427.3108 20 55.12173
912.6808 423.7174 20 55.1551
913.0886 421.8155 20 55.18847
912.9043 421.4364 20 55.22183
912.5413 421.7861 20 55.2552
913.2938 422.0294 20 55.28857
913.5008 422.4442 20 55.32193
913.2028 421.3967 20 55.3553
910.4916 420.3862 20 55.38867
910.8624 420.1155 20 55.42203
913.63 420.7428 20 55.4554
913.7982 421.3583 20 55.48877
913.8459 422.3897 20 55.52213
911.8515 423.6929 20 55.5555
911.993 424.5395 20 55.58887
912.4349 427.4461 20 55.62223
913.1225 429.7437 20 55.6556
915.348 431.386 20 55.68897
916.286 433.9655 20 55.72233
916.6306 436.4445 20 55.7557
915.8993 439.9371 20 55.78907
915.5377 444.0117 20 55.82243
916.5565 448.2996 20 55.8558
916.281 453.6072 20 55.88917
915.1764 459.0577 20 55.92253
914.0251 465.0537 20 55.9559
912.7849 470.6795 20 55.98927
911.7397 476.091 20 56.02263
910.2925 482.3077 20 56.056
909.1711 488.0744 20 56.08937
908.2065 493.6314 20 56.12273
907.1612 499.5022 20 56.1561
906.0944 505.3098 20 56.18947
905.117 510.4201 20 56.22283
903.9661 516.6293 20 56.2562
903.2211 521.8949 20 56.28957
902.3732 527.2011 20 56.32293
901.3644 533.2494 20 56.3563
900.517 539.2639 20 56.38967
899.726 544.6026 20 56.42303
899.1462 550.0036 20 56.4564
898.7009 556.3908 20 56.48977
898.1188 561.4928 20 56.52313
897.6433 566.7767 20 56.5565
897.1926 572.9642 20 56.58987
896.8977 578.9425 20 56.62323
896.4637 584.2101 20 56.6566
896.0948 589.6185 20 56.68997
895.0811 601.0789 20 56.72333
895.0811 601.0789 20 56.7567
895.0505 606.235 20 56.79007
894.6581 618.057 20 56.82343
894.6581 618.057 20 56.8568
894.3811 623.3076 20 56.89017
893.9693 635.3099 20 56.92353
893.9693 635.3099 20 56.9569
894.0043 646.4823 20 56.99027
891.7586 651.0599 20 57.02363
891.7586 651.0599 20 57.057
888.3955 660.4715 20 57.09037
886.3557 665.873 20 57.12373
886.3557 665.873 20 57.1571
881.5827 675.5515 20 57.19047
880.4136 681.1261 20 57.22383
880.4136 681.1261 20 57.2572
873.4966 690.7964 20 57.29057
871.435 696.3061 20 57.32393
869.5873 701.2712 20 57.3573
866.7388 706.9057 20 57.39067
863.8757 711.3525 20 57.42403
860.7063 715.4507 20 57.4574
858.2896 719.5216 20 57.49077
856.3189 722.8699 20 57.52413
854.6188 725.7336 20 57.5575
855.0467 724.8931 20 57.59087
856.8459 722.9567 20 57.62423
857.3639 720.6085 20 57.6576
858.5074 718.9015 20 57.69097
859.5202 718.3343 20 57.72433
860.3898 717.4575 20 57.7577
860.0588 718.4092 20 57.79107
859.036 719.8759 20 57.82443
857.6628 721.5814 20 57.8578
856.3561 724.2588 20 57.89117
856.3814 726.0832 20 57.92453
853.8585 727.0953 20 57.9579
853.5474 729.6046 20 57.99127
851.9582 730.9762 20 58.02463
848.9091 731.3218 20 58.058
848.3744 733.6157 20 58.09137
848.6226 736.2413 20 58.12473
847.3505 736.9699 20 58.1581
845.6514 737.2998 20 58.19147
844.312 740.7626 20 58.22483
842.6446 744.7029 20 58.2582
841.7306 748.4376 20 58.29157
838.792 752.2945 20 58.32493
835.3143 755.9649 20 58.3583
831.1009 760.0907 20 58.39167
826.7627 763.5098 20 58.42503
822.0273 767.0754 20 58.4584
816.9942 770.4907 20 58.49177
811.9922 773.7323 20 58.52513
806.829 777.4531 20 58.5585
802.1332 780.6086 20 58.59187
796.991 784.0668 20 58.62523
792.0116 787.7297 20 58.6586
787.3706 791.2275 20 58.69197
782.7714 794.672 20 58.72533
778.1175 798.445 20 58.7587
773.2017 802.4295 20 58.79207
768.8879 805.9901 20 58.82543
764.1934 809.9791 20 58.8588
759.2927 813.7395 20 58.89217
755.0326 817.3794 20 58.92553
750.4843 821.2929 20 58.9589
745.9996 825.2821 20 58.99227
741.5851 829.0995 20 59.02563
737.3679 833.1355 20 59.059
733.1057 837.3002 20 59.09237
728.4098 841.486 20 59.12573
724.4293 845.4636 20 59.1591
720.0228 849.4132 20 59.19247
715.6296 854.0139 20 59.22583
711.7868 857.7293 20 59.2592
707.6586 861.9989 20 59.29257
703.3479 866.6069 20 59.32593
699.1911 871.1871 20 59.3593
695.4144 875.0098 20 59.39267
691.3796 879.6074 20 59.42603
687.3805 884.1545 20 59.4594
682.8252 885.9832 20 59.49277
677.2653 888.4215 20 59.52613
672.1291 891.5339 20 59.5595
667.3133 894.73 20 59.59287
662.6347 896.9325 20 59.62623
657.069 898.3749 20 59.6596
652.4066 900.8509 20 59.69297
646.6937 902.1544 20 59.72633
641.6478 905.2343 20 59.7597
636.1117 906.9763 20 59.79307
630.9538 908.9082 20 59.82643
625.7345 910.6757 20 59.8598
619.5763 912.9847 20 59.89317
614.3872 914.5047 20 59.92653
608.6969 917.0437 20 59.9599
602.8773 918.2653 20 59.99327
597.7124 919.6702 20 60.02663
592.2732 920.7257 20 60.06
588.0405 922.7171 20 60.09337
584.1194 923.9394 20 60.12673
579.9871 924.9218 20 60.1601
575.2799 925.234 20 60.19347
572.0075 925.9812 20 60.22683
568.2776 926.6988 20 60.2602
564.5753 927.6634 20 60.29357
560.0429 927.6695 20 60.32693
556.7582 929.2231 20 60.3603
553.2641 929.1886 20 60.39367
550.3579 930.2599 20 60.42703
548.6801 930.263 20 60.4604
547.8486 930.1385 20 60.49377
547.934 930.3289 20 60.52713
548.1055 930.271 20 60.5605
548.7994 930.2136 20 60.59387
549.6401 930.1204 20 60.62723
549.6299 929.6349 20 60.6606
548.1855 929.7734 20 60.69397
546.9173 930.6712 20 60.72733
544.9604 930.6003 20 60.7607
541.8134 930.8151 20 60.79407
539.3677 931.3274 20 60.82743
536.6608 932.06 20 60.8608
532.234 932.1271 20 60.89417
528.4403 933.4205 20 60.92753
524.7949 933.5864 20 60.9609
521.0663 933.4748 20 60.99427
518.2386 933.7244 20 61.02763
515.5745 933.9348 20 61.061
512.1951 934.3676 20 61.09437
510.631 934.7029 20 61.12773
511.0344 934.39 20 61.1611
510.3231 934.1197 20 61.19447
508.7502 934.345 20 61.22783
509.0408 934.3715 20 61.2612
508.8159 934.1045 20 61.29457
507.8716 934.6591 20 61.32793
508.5058 935.4058 20 61.3613
509.6942 934.7703 20 61.39467
510.0081 935.425 20 61.42803
509.4512 936.0094 20 61.4614
512.882 934.2201 20 61.49477
512.7418 935.748 20 61.52813
516.9356 935.2487 20 61.5615
516.8272 935.6315 20 61.59487
517.1744 935.1056 20 61.62823
517.3682 935.927 20 61.6616
518.0312 936.5729 20 61.69497
518.026 936.2315 20 61.72833
517.8718 934.5666 20 61.7617
519.2162 933.3967 20 61.79507
519.9981 935.3994 20 61.82843
518.9232 932.4198 20 61.8618
516.0631 932.5929 20 61.89517
513.9437 932.7315 20 61.92853
510.8775 933.2181 20 61.9619
508.268 932.9638 20 61.99527
504.4931 931.8572 20 62.02863
500.5801 931.3736 20 62.062
496.5663 929.5893 20 62.09537
492.1423 927.4879 20 62.12873
488.2485 925.3458 20 62.1621
483.7967 921.6738 20 62.19547
478.6523 918.1637 20 62.22883
473.977 913.9486 20 62.2622
468.7664 910.4753 20 62.29557
464.021 906.0945 20 62.32893
459.1858 903.0308 20 62.3623
455.1568 898.8018 20 62.39567
449.0121 896.5417 20 62.42903
444.9486 891.7951 20 62.4624
439.2585 888.8063 20 62.49577
434.8251 886.0293 20 62.52913
429.687 882.5849 20 62.5625
424.2663 880.0187 20 62.59587
419.0367 876.4382 20 62.62923
413.7657 874.0102 20 62.6626
408.7566 870.5631 20 62.69597
403.3598 867.6373 20 62.72933
398.2029 864.9339 20 62.7627
392.5378 862.0105 20 62.79607
387.5342 859.4436 20 62.82943
382.3127 856.545 20 62.8628
376.8386 853.9499 20 62.89617
371.3056 851.5157 20 62.92953
365.9306 848.9058 20 62.9629
360.8329 846.734 20 62.99627
355.3193 844.3221 20 63.02963
350.0306 841.9327 20 63.063
344.524 839.7505 20 63.09637
338.9609 837.2834 20 63.12973
332.8857 834.9254 20 63.1631
327.6419 832.4592 20 63.19647
321.9623 830.3797 20 63.22983
316.1026 828.1412 20 63.2632
310.8137 826.0156 20 63.29657
305.2835 823.9066 20 63.32993
299.8927 821.8772 20 63.3633
293.4978 819.9926 20 63.39667
288.2605 817.8399 20 63.43003
282.3835 815.9716 20 63.4634
276.2729 814.5057 20 63.49677
271.0302 812.6285 20 63.53013
264.7303 810.8926 20 63.5635
259.5213 809.1577 20 63.59687
253.4891 807.559 20 63.63023
247.9119 805.7853 20 63.6636
241.5156 804.1556 20 63.69697
236.2228 802.5785 20 63.73033
230.2846 801.1427 20 63.7637
224.4444 799.8966 20 63.79707
218.863 798.7011 20 63.83043
212.962 797.3353 20 63.8638
207.5342 797.2795 20 63.89717
207.1306 799.0639 20 63.93053
206.5775 798.1048 20 63.9639
206.2738 797.9555 20 63.99727
205.3114 796.7988 20 64.03063
204.2578 797.2455 20 64.064
204.815 795.9311 20 64.09737
205.6858 790.4402 20 64.13073
204.8513 787.2587 20 64.1641
202.8521 784.9993 20 64.19747
203.5001 780.8518 20 64.23083
204.1897 777.5881 20 64.2642
204.2996 773.6747 20 64.29757
204.1768 769.5156 20 64.33093
202.7129 764.529 20 64.3643
203.6277 760.0075 20 64.39767
203.294 754.3166 20 64.43103
203.4769 748.5145 20 64.4644
202.7673 742.46 20 64.49777
201.5049 736.9136 20 64.53113
201.8108 730.412 20 64.5645
201.937 724.4607 20 64.59787
200.975 719.0003 20 64.63123
203.2041 714.2372 20 64.6646
203.3435 708.0694 20 64.69797
202.0923 701.9158 20 64.73133
200.3726 695.6168 20 64.7647
198.3824 690.2355 20 64.79807
195.6919 684.8938 20 64.83143
193.1562 679.9086 20 64.8648
189.8585 674.9503 20 64.89817
189.4048 673.8219 20 64.93153
190.7785 675.6332 20 64.9649
190.5133 676.5399 20 64.99827
191.3561 676.793 20 65.03163
190.6963 676.3623 20 65.065
190.0824 676.7667 20 65.09837
188.5951 676.2176 20 65.13173
186.8567 675.5344 20 65.1651
185.7532 674.3825 20 65.19847
182.9563 672.5808 20 65.23183
184.9836 671.2648 20 65.2652
186.7157 668.8426 20 65.29857
188.797 666.9604 20 65.33193
191.4148 664.9303 20 65.3653
195.0881 663.0917 20 65.39867
197.3388 659.0469 20 65.43203
198.6488 655.4781 20 65.4654
201.4048 650.7895 20 65.49877
204.0526 645.4445 20 65.53213
206.8478 639.6413 20 65.5655
209.0608 634.6822 20 65.59887
212.0147 628.9934 20 65.63223
214.3636 623.6279 20 65.6656
216.7821 618.2855 20 65.69897
218.6339 613.0466 20 65.73233
221.1735 607.2094 20 65.7657
223.3258 602.0809 20 65.79907
225.3228 596.4708 20 65.83243
227.9071 590.619 20 65.8658
229.4317 585.0502 20 65.89917
231.3798 579.6175 20 65.93253
233.548 576.3554 20 65.9659
236.2464 575.3404 20 65.99927
240.3331 573.1517 20 66.03263
243.6466 573.2791 20 66.066
248.2285 570.8872 20 66.09937
253.1917 569.83 20 66.13273
258.5805 567.0104 20 66.1661
261.2446 564.8208 20 66.19947
263.607 563.1425 20 66.23283
266.4531 563.0809 20 66.2662
268.2539 560.3665 20 66.29957
270.4333 556.9717 20 66.33293
272.82 555.4111 20 66.3663
275.5145 553.6861 20 66.39967
277.6783 552.7929 20 66.43303
281.8217 550.0281 20 66.4664
284.4094 546.8328 20 66.49977
288.9403 543.7545 20 66.53313
290.2938 538.9881 20 66.5665
291.02 534.3169 20 66.59987
292.5093 529.877 20 66.63323
293.936 525.2777 20 66.6666
297.0108 518.9504 20 66.69997
300.0263 513.2964 20 66.73333
303.4603 507.4446 20 66.7667
306.6903 502.231 20 66.80007
309.791 496.786 20 66.83343
314.3247 492.6646 20 66.8668
317.5779 487.2803 20 66.90017
322.1812 483.2683 20 66.93353
326.2695 479.6557 20 66.9669
331.2377 476.1187 20 67.00027
336.0893 472.6049 20 67.03363
341.6985 469.2485 20 67.067
346.3845 465.5241 20 67.10037
350.9956 461.9075 20 67.13373
355.7461 458.242 20 67.1671
360.7823 454.0387 20 67.20047
365.321 450.6501 20 67.23383
369.5953 446.8375 20 67.2672
374.7215 442.7362 20 67.30057
378.9061 439.0772 20 67.33393
383.1737 435.3444 20 67.3673
387.4578 431.2755 20 67.40067
391.6596 427.2969 20 67.43403
395.6591 423.4458 20 67.4674
400.321 419.1927 20 67.50077
404.7091 414.786 20 67.53413
408.4206 410.7623 20 67.5675
412.6354 406.5334 20 67.60087
416.6557 401.7553 20 67.63423
420.4784 397.5062 20 67.6676
424.0425 393.2217 20 67.70097
428.0264 388.3723 20 67.73433
431.7849 383.9936 20 67.7677
435.2956 379.3751 20 67.80107
439.0947 374.6941 20 67.83443
439.807 370.4155 20 67.8678
435.5115 366.2842 20 67.90117
435.3922 361.4812 20 67.93453
433.3901 355.7723 20 67.9679
429.3833 350.5967 20 68.00127
428.3281 344.8614 20 68.03463
426.9674 338.0591 20 68.068
426.7837 331.3565 20 68.10137
425.86 325.3768 20 68.13473
426.7627 319.4178 20 68.1681
429.5062 313.8974 20 68.20147
431.0043 308.9032 20 68.23483
432.3423 303.6379 20 68.2682
434.1887 297.8363 20 68.30157
436.5112 292.1563 20 68.33493
437.4971 287.4242 20 68.3683
437.016 282.8805 20 68.40167
437.7683 277.6528 20 68.43503
439.2258 272.2077 20 68.4684
441.0356 266.9796 20 68.50177
441.3973 262.3492 20 68.53513
440.7157 258.5343 20 68.5685
442.1144 254.8366 20 68.60187
443.1846 249.1289 20 68.63523
444.924 244.0521 20 68.6686
445.9671 241.9443 20 68.70197
448.3369 238.0371 20 68.73533
450.1659 236.2191 20 68.7687
453.3588 233.2889 20 68.80207
457.3438 229.1335 20 68.83543
461.6824 224.8158 20 68.8688
465.906 221.1229 20 68.90217
470.0247 217.5202 20 68.93553
475.1106 213.2972 20 68.9689
478.7412 210.9162 20 69.00227
482.4751 208.5827 20 69.03563
486.9796 205.2481 20 69.069
491.8055 201.8488 20 69.10237
496.4324 198.1828 20 69.13573
501.1565 194.3903 20 69.1691
505.738 190.4463 20 69.20247
510.5344 186.3123 20 69.23583
516.0988 183.8915 20 69.2692
520.6797 181.1143 20 69.30257
526.0645 178.0553 20 69.33593
530.6903 174.2908 20 69.3693
535.3933 171.1587 20 69.40267
541.8792 168.6894 20 69.43603
545.5274 166.0152 20 69.4694
550.0071 162.5342 20 69.50277
555.3145 158.9526 20 69.53613
561.2312 155.4957 20 69.5695
565.5699 151.8466 20 69.60287
569.8704 147.3227 20 69.63623
572.4769 143.0527 20 69.6696
575.5751 137.7948 20 69.70297
580.6802 132.559 20 69.73633
583.9099 129.2191 20 69.7697
587.4181 124.9913 20 69.80307
591.5732 120.2153 20 69.83643
595.455 115.3043 20 69.8698
598.1625 110.6572 20 69.90317
601.2782 106.0878 20 69.93653
605.3784 100.8334 20 69.9699
608.2128 96.22277 20 70.00327
611.3037 91.02101 20 70.03663
614.8985 86.51523 20 70.07
618.2857 81.80368 20 70.10337
619.8183 80.95832 20 70.13673
620.2247 80.8899 20 70.1701
621.9763 81.10249 20 70.20347
624.3643 81.75563 20 70.23683
627.1039 82.77698 20 70.2702
630.9955 84.31546 20 70.30357
633.325 84.34399 20 70.33693
636.3099 85.44602 20 70.3703
639.9068 85.19814 20 70.40367
641.9158 85.78132 20 70.43703
642.1295 85.60841 20 70.4704
643.4794 85.52648 20 70.50377
643.8579 83.37902 20 70.53713
642.721 83.85568 20 70.5705
640.8623 83.29508 20 70.60387
639.7058 81.88942 20 70.63723
638.6953 81.4864 20 70.6706
635.0683 82.13912 20 70.70397
631.3218 81.61203 20 70.73733
627.2482 80.56928 20 70.7707
623.1856 81.4601 20 70.80407
619.8351 83.07469 20 70.83743
617.1627 86.83816 20 70.8708
613.0284 91.43465 20 70.90417
609.0243 95.699 20 70.93753
605.4819 100.09 20 70.9709
601.9094 104.6837 20 71.00427
598.6045 109.6389 20 71.03763
595.1938 114.3267 20 71.071
591.9447 118.9848 20 71.10437
588.6988 124.0613 20 71.13773
585.3323 128.9911 20 71.1711
581.9268 133.4187 20 71.20447
578.7398 138.6086 20 71.23783
575.3316 143.7928 20 71.2712
572.5047 148.5732 20 71.30457
569.4006 153.776 20 71.33793
566.1234 159.0403 20 71.3713
563.5348 164.015 20 71.40467
560.4677 169.1008 20 71.43803
557.5024 174.392 20 71.4714
554.7969 179.5411 20 71.50477
551.7671 184.5256 20 71.53813
548.9463 189.8696 20 71.5715
546.3255 195.3013 20 71.60487
543.6236 200.0169 20 71.63823
540.945 206.0231 20 71.6716
538.3042 211.1651 20 71.70497
535.8486 216.1965 20 71.73833
533.4923 221.7281 20 71.7717
530.8133 226.937 20 71.80507
528.7492 232.1516 20 71.83843
526.1146 237.6174 20 71.8718
523.9419 243.154 20 71.90517
521.6979 248.1714 20 71.93853
519.3653 253.6629 20 71.9719
517.2758 259.4016 20 72.00527
515.1023 264.7367 20 72.03863
513.6612 269.9687 20 72.072
511.3793 275.7379 20 72.10537
509.6351 281.3022 20 72.13873
507.8336 286.6857 20 72.1721
505.7337 292.1908 20 72.20547
503.8059 298.1593 20 72.23883
501.6936 303.6354 20 72.2722
500.1176 309.366 20 72.30557
498.1886 315.1821 20 72.33893
496.3149 320.7201 20 72.3723
494.4429 326.154 20 72.40567
492.918 332.4068 20 72.43903
491.1615 337.7445 20 72.4724
489.6971 343.0912 20 72.50577
488.04 349.1438 20 72.53913
486.4411 354.6661 20 72.5725
485.1356 360.2057 20 72.60587
483.59 365.6241 20 72.63923
482.3419 371.556 20 72.6726
480.6388 376.8637 20 72.70597
479.1998 382.3867 20 72.73933
478.2361 388.8231 20 72.7727
477.2378 394.1827 20 72.80607
476.2754 399.9065 20 72.83943
474.9825 405.8054 20 72.8728
474.1527 411.4592 20 72.90617
473.1343 416.9972 20 72.93953
472.8182 422.794 20 72.9729
471.9949 428.5674 20 73.00627
471.3946 434.0637 20 73.03963
471.5214 438.6038 20 73.073
472.4201 440.4769 20 73.10637
475.751 442.6449 20 73.13973
478.752 447.1094 20 73.1731
481.8905 451.4078 20 73.20647
484.8585 456.5311 20 73.23983
488.5778 463.4585 20 73.2732
488.8839 470.4136 20 73.30657
489.0007 476.2309 20 73.33993
488.8622 481.4085 20 73.3733
487.8012 486.9256 20 73.40667
485.3939 491.9679 20 73.44003
483.2387 496.9919 20 73.4734
480.8231 502.6308 20 73.50677
478.2397 507.504 20 73.54013
476.6685 512.5374 20 73.5735
473.674 518.1678 20 73.60687
471.948 523.3057 20 73.64023
469.8447 528.2605 20 73.6736
467.7001 533.9583 20 73.70697
465.6401 539.489 20 73.74033
463.7134 544.9378 20 73.7737
462.0733 550.4315 20 73.80707
460.7585 555.8784 20 73.84043
464.6754 557.467 20 73.8738
465.5637 562.0479 20 73.90717
468.4471 565.1302 20 73.94053
472.5603 568.1944 20 73.9739
475.5115 570.8916 20 74.00727
479.8243 574.5888 20 74.04063
483.5312 578.2705 20 74.074
487.0494 584.0646 20 74.10737
491.4621 589.5696 20 74.14073
495.9817 596.0972 20 74.1741
497.2281 595.8669 20 74.20747
500.7112 597.4102 20 74.24083
504.1973 597.3391 20 74.2742
508.2771 596.7991 20 74.30757
512.5904 596.5111 20 74.34093
515.1324 598.129 20 74.3743
517.1018 599.7842 20 74.40767
520.3247 601.2089 20 74.44103
525.3062 603.9027 20 74.4744
526.4291 604.1294 20 74.50777
530.5937 604.5641 20 74.54113
534.0507 606.939 20 74.5745
536.0136 608.4139 20 74.60787
539.2101 612.7213 20 74.64123
541.7851 616.2262 20 74.6746
544.687 619.8164 20 74.70797
547.184 623.5879 20 74.74133
549.5238 627.1792 20 74.7747
552.9905 631.5647 20 74.80807
555.1932 636.8496 20 74.84143
558.215 641.94 20 74.8748
560.3036 647.2651 20 74.90817
562.0463 653.1633 20 74.94153
564.3266 659.6794 20 74.9749
565.6546 665.6218 20 75.00827
568.0563 672.4824 20 75.04163
568.7955 679.2659 20 75.075
570.0109 686.2268 20 75.10837
570.3499 692.9645 20 75.14173
568.6062 699.153 20 75.1751
568.4096 706.8671 20 75.20847
566.7074 712.1298 20 75.24183
564.8962 717.9847 20 75.2752
564.2038 725.6771 20 75.30857
563.0099 730.6747 20 75.34193
560.5367 736.027 20 75.3753
558.489 741.5095 20 75.40867
556.2827 747.3947 20 75.44203
555.7515 753.8614 20 75.4754
554.4829 758.6263 20 75.50877
552.0388 765.7369 20 75.54213
551.1534 770.2691 20 75.5755
548.4896 775.9925 20 75.60887
546.0889 781.639 20 75.64223
543.3956 786.8978 20 75.6756
540.2547 791.3066 20 75.70897
536.4481 796.565 20 75.74233
533.0912 801.9203 20 75.7757
530.9062 807.3687 20 75.80907
528.1278 812.2668 20 75.84243
524.8023 816.7789 20 75.8758
521.0082 822.3037 20 75.90917
518.2335 827.6379 20 75.94253
515.2704 832.1613 20 75.9759
512.8341 836.1257 20 76.00927
509.6406 840.457 20 76.04263
505.8819 845.7263 20 76.076
503.035 849.9341 20 76.10937
500.1348 854.7024 20 76.14273
496.9122 860.0362 20 76.1761
494.2358 864.2665 20 76.20947
491.1139 869.6315 20 76.24283
488.6834 874.6727 20 76.2762
485.4834 879.3125 20 76.30957
483.2755 884.4673 20 76.34293
480.3311 889.9931 20 76.3763
478.2006 894.2885 20 76.40967
475.4322 899.3078 20 76.44303
472.4797 904.1485 20 76.4764
470.3242 908.8311 20 76.50977
466.6885 913.5856 20 76.54313
463.8011 917.7331 20 76.5765
460.1145 922.7358 20 76.60987
457.8721 926.0754 20 76.64323
454.3151 930.6846 20 76.6766
450.8303 934.4019 20 76.70997
448.3156 934.9557 20 76.74333
443.4119 933.3422 20 76.7767
438.5898 933.8797 20 76.81007
433.7059 933.4909 20 76.84343
429.5078 933.6009 20 76.8768
423.2926 932.4052 20 76.91017
419.085 931.0354 20 76.94353
414.5858 931.1943 20 76.9769
409.6453 930.8032 20 77.01027
404.7275 929.1611 20 77.04363
400.1954 929.5039 20 77.077
396.3451 928.5542 20 77.11037
391.9254 927.2266 20 77.14373
387.3391 926.7868 20 77.1771
383.0858 925.9854 20 77.21047
378.6581 925.0347 20 77.24383
374.3847 923.9202 20 77.2772
370.4431 922.6691 20 77.31057
366.2976 922.4104 20 77.34393
363.6033 921.2454 20 77.3773
360.0605 919.3441 20 77.41067
356.9449 918.7942 20 77.44403
352.7839 918.669 20 77.4774
350.0318 917.3791 20 77.51077
346.4525 916.3829 20 77.54413
342.4147 915.5502 20 77.5775
341.3259 914.7484 20 77.61087
338.9502 913.425 20 77.64423
336.9654 912.3105 20 77.6776
335.2171 912.7325 20 77.71097
334.1087 911.8346 20 77.74433
332.5619 912.3728 20 77.7777
332.1064 911.5415 20 77.81107
332.3517 911.5062 20 77.84443
332.5528 911.557 20 77.8778
332.4938 911.2048 20 77.91117
332.1833 911.731 20 77.94453
332.7762 911.8706 20 77.9779
331.9344 911.183 20 78.01127
330.5925 911.596 20 78.04463
329.8267 909.4541 20 78.078
327.8322 910.1173 20 78.11137
327.2702 909.7907 20 78.14473
326.2038 909.7978 20 78.1781
326.3846 909.4562 20 78.21147
326.6467 909.7292 20 78.24483
326.7403 909.4887 20 78.2782
326.9087 909.5617 20 78.31157
327.1424 909.8334 20 78.34493
328.3886 910.1718 20 78.3783
327.9794 909.9482 20 78.41167
327.8474 909.7739 20 78.44503
328.7603 909.6897 20 78.4784
329.5465 910.4857 20 78.51177
329.2805 910.2614 20 78.54513
328.3197 909.9749 20 78.5785
327.742 909.5397 20 78.61187
326.0615 909.1787 20 78.64523
323.7652 908.2168 20 78.6786
322.4503 908.1384 20 78.71197
321.3784 908.0801 20 78.74533
320.6151 907.333 20 78.7787
320.3407 907.1731 20 78.81207
319.8362 907.2995 20 78.84543
319.7733 907.1957 20 78.8788
320.2337 907.1787 20 78.91217
320.6148 907.328 20 78.94553
320.5609 906.974 20 78.9789
320.2122 907.0731 20 79.01227
319.2903 906.8419 20 79.04563
318.1969 906.4263 20 79.079
317.4323 906.5898 20 79.11237
317.2899 906.5727 20 79.14573
318.0531 906.7297 20 79.1791
317.8312 906.0896 20 79.21247
318.438 906.0319 20 79.24583
318.1068 906.5325 20 79.2792
318.93 906.1545 20 79.31257
318.9645 906.1878 20 79.34593
319.3814 905.5942 20 79.3793
318.9557 906.6958 20 79.41267
318.2118 906.5422 20 79.44603
317.3212 905.6957 20 79.4794
315.9859 906.0994 20 79.51277
314.5757 904.8506 20 79.54613
311.5379 904.2229 20 79.5795
309.5003 901.7234 20 79.61287
306.1427 901.9771 20 79.64623
304.4651 901.7224 20 79.6796
301.6853 900.6537 20 79.71297
299.6932 899.4249 20 79.74633
297.9536 898.1847 20 79.7797
295.8608 897.6724 20 79.81307
294.6299 896.1089 20 79.84643
293.1944 895.9392 20 79.8798
291.4786 895.333 20 79.91317
290.3838 894.4157 20 79.94653
288.9402 894.2864 20 79.9799
288.4983 894.2659 20 80.01327
288.7831 894.7271 20 80.04663
289.3731 894.5198 20 80.08
289.6191 894.6204 20 80.11337
289.5115 894.2397 20 80.14673
289.9608 894.4542 20 80.1801
290.1958 894.6169 20 80.21347
289.8596 894.3836 20 80.24683
289.7322 894.6414 20 80.2802
289.6325 894.3824 20 80.31357
289.1188 893.7482 20 80.34693
288.5177 893.7955 20 80.3803
287.687 893.3304 20 80.41367
287.6277 892.9508 20 80.44703
287.5146 893.8282 20 80.4804
287.7445 893.6454 20 80.51377
287.4221 893.7625 20 80.54713
286.87 893.3664 20 80.5805
286.7028 893.1395 20 80.61387
286.451 892.9922 20 80.64723
285.7472 892.407 20 80.6806
285.1565 892.0318 20 80.71397
285.0567 891.1179 20 80.74733
284.1223 891.8638 20 80.7807
285.2626 891.8118 20 80.81407
285.9193 892.4945 20 80.84743
285.3605 892.6167 20 80.8808
285.7016 892.7333 20 80.91417
285.7098 892.7792 20 80.94753
286.1507 892.3938 20 80.9809
285.3546 892.0678 20 81.01427
284.3858 892.1645 20 81.04763
284.2953 891.9146 20 81.081
284.3959 891.998 20 81.11437
287.0597 893.4663 20 81.14773
289.1222 894.8558 20 81.1811
292.054 896.3203 20 81.21447
293.2762 896.4661 20 81.24783
293.5276 896.991 20 81.2812
294.0296 896.4244 20 81.31457
293.5901 898.5236 20 81.34793
294.613 896.9685 20 81.3813
294.5722 895.8772 20 81.41467
294.873 895.3999 20 81.44803
291.7591 894.096 20 81.4814
