873.5498 632.6118 21 0
700.1147 273.1297 21 0.03336667
704.69 277.6391 21 0.06673333
708.6237 282.4513 21 0.1001
712.8521 287.696 21 0.1334667
716.814 292.5695 21 0.1668333
720.8199 297.9761 21 0.2002
724.9242 303.4279 21 0.2335667
729.5008 308.6184 21 0.2669333
734.8613 313.5889 21 0.3003
739.5642 318.8505 21 0.3336667
745.372 324.4323 21 0.3670333
750.3922 329.0035 21 0.4004
755.3333 334.1266 21 0.4337667
760.1586 338.0147 21 0.4671333
764.7224 342.6503 21 0.5005
770.0016 346.8124 21 0.5338667
773.6571 350.8124 21 0.5672333
773.5147 354.8153 21 0.6006
774.3918 358.3373 21 0.6339667
776.7383 363.0926 21 0.6673333
779.0652 368.15 21 0.7007
780.2532 374.1202 21 0.7340667
782.9726 380.3686 21 0.7674333
785.5277 385.7081 21 0.8008
787.9458 391.0578 21 0.8341667
790.4792 397.1082 21 0.8675333
792.3703 402.1004 21 0.9009
794.5834 408.2557 21 0.9342667
796.7429 414.5416 21 0.9676333
799.0281 421.3987 21 1.001
801.3403 427.1659 21 1.034367
804.008 433.3042 21 1.067733
806.0284 439.6612 21 1.1011
808.6207 445.3807 21 1.134467
811.6171 450.8889 21 1.167833
814.9525 456.9939 21 1.2012
818.8163 462.3473 21 1.234567
822.6285 467.6634 21 1.267933
827.048 472.7958 21 1.3013
831.5055 478.0015 21 1.334667
836.0623 483.0129 21 1.368033
840.0308 487.3328 21 1.4014
844.2475 491.3729 21 1.434767
848.2505 495.4578 21 1.468133
852.6425 499.5248 21 1.5015
857.2965 503.7093 21 1.534867
861.8499 508.1537 21 1.568233
865.547 512.752 21 1.6016
869.686 517.2931 21 1.634967
873.6403 521.4059 21 1.668333
878.0228 525.4485 21 1.7017
883.173 530.0397 21 1.735067
887.6011 534.6309 21 1.768433
892.7109 539.3819 21 1.8018
896.8292 543.9098 21 1.835167
901.2728 547.5255 21 1.868533
905.3502 550.9172 21 1.9019
909.9055 554.7826 21 1.935267
913.876 558.8015 21 1.968633
914.2552 562.849 21 2.002
913.6087 567.9325 21 2.035367
912.156 572.5214 21 2.068733
911.3914 576.7488 21 2.1021
909.9565 581.9725 21 2.135467
909.619 585.804 21 2.168833
909.4381 587.9464 21 2.2022
908.8011 589.3644 21 2.235567
909.3008 590.2078 21 2.268933
909.3511 588.483 21 2.3023
910.1072 586.0605 21 2.335667
910.868 582.785 21 2.369033
912.0954 578.0561 21 2.4024
912.6551 573.4556 21 2.435767
913.1336 568.0907 21 2.469133
914.1097 562.6887 21 2.5025
914.5063 557.1157 21 2.535867
915.0372 551.7017 21 2.569233
914.4328 548.0056 21 2.6026
914.2625 547.5062 21 2.635967
914.5697 549.2105 21 2.669333
913.9657 551.8145 21 2.7027
914.5345 555.5331 21 2.736067
913.4844 560.9128 21 2.769433
913.5712 564.2039 21 2.8028
912.9803 564.8462 21 2.836167
912.8532 566.4396 21 2.869533
912.764 567.6765 21 2.9029
912.4217 569.1377 21 2.936267
912.2206 572.184 21 2.969633
912.083 573.7391 21 3.003
912.4592 576.6767 21 3.036367
912.5435 580.1315 21 3.069733
911.8256 584.0037 21 3.1031
910.8711 588.2715 21 3.136467
910.5017 591.9905 21 3.169833
909.1666 595.6919 21 3.2032
907.5861 601.1812 21 3.236567
905.1378 607.5383 21 3.269933
903.0872 613.891 21 3.3033
900.7775 619.9403 21 3.336667
898.3204 624.7322 21 3.370033
895.3903 630.0984 21 3.4034
892.4101 635.5213 21 3.436767
891.0031 637.427 21 3.470133
890.5696 636.7721 21 3.5035
888.9363 635.794 21 3.536867
884.2299 634.7951 21 3.570233
878.8851 634.3335 21 3.6036
873.5498 632.6118 21 3.636967
867.0678 631.8389 21 3.670333
859.9009 631.8922 21 3.7037
853.3691 630.8203 21 3.737067
847.3649 630.0969 21 3.770433
841.2239 628.6576 21 3.8038
835.082 627.0041 21 3.837167
829.4136 625.4147 21 3.870533
823.205 623.9317 21 3.9039
817.3449 622.5953 21 3.937267
811.7867 621.1084 21 3.970633
806.6487 619.404 21 4.004
800.914 617.552 21 4.037367
795.2744 616.2892 21 4.070733
790.0184 614.727 21 4.1041
783.9646 613.1456 21 4.137467
778.54 611.2307 21 4.170833
771.9675 609.6877 21 4.2042
765.1344 607.1026 21 4.237567
758.4157 605.487 21 4.270933
751.6361 603.1616 21 4.3043
744.9525 600.6537 21 4.337667
739.3549 598.2838 21 4.371033
734.0342 596.3181 21 4.4044
728.64 594.3725 21 4.437767
728.0252 593.3923 21 4.471133
728.3231 591.1692 21 4.5045
728.6285 589.0774 21 4.537867
727.0172 587.3219 21 4.571233
725.596 585.4776 21 4.6046
725.9035 585.6541 21 4.637967
724.4831 585.5817 21 4.671333
722.0115 584.3213 21 4.7047
718.1267 582.7258 21 4.738067
714.5254 581.7184 21 4.771433
710.6928 578.9019 21 4.8048
706.4041 575.6088 21 4.838167
702.0995 571.871 21 4.871533
697.6786 567.9498 21 4.9049
692.995 563.9654 21 4.938267
688.1391 560.4488 21 4.971633
683.6271 556.5258 21 5.005
678.7287 552.5299 21 5.038367
673.935 548.9299 21 5.071733
668.3218 545.4075 21 5.1051
663.2715 541.4128 21 5.138467
657.3299 537.4985 21 5.171833
650.9514 533.4802 21 5.2052
644.0905 529.4994 21 5.238567
637.9446 525.5401 21 5.271933
631.355 521.4182 21 5.3053
633.2809 519.9202 21 5.338667
633.8802 518.2849 21 5.372033
633.8124 515.0033 21 5.4054
635.7553 511.3645 21 5.438767
639.1859 507.9768 21 5.472133
642.8014 501.9682 21 5.5055
643.732 495.0287 21 5.538867
645.7564 488.9064 21 5.572233
649.6362 481.3733 21 5.6056
650.9112 474.1329 21 5.638967
651.618 466.4296 21 5.672333
654.3343 459.0163 21 5.7057
655.6326 451.9141 21 5.739067
657.2208 445.0707 21 5.772433
658.3719 436.8548 21 5.8058
659.6393 429.8068 21 5.839167
660.8312 422.9742 21 5.872533
661.8868 416.3198 21 5.9059
663.2102 408.7798 21 5.939267
664.6496 401.3597 21 5.972633
665.6293 394.7027 21 6.006
666.6955 388.5665 21 6.039367
667.7707 382.3625 21 6.072733
668.5554 376.2939 21 6.1061
669.5579 370.2777 21 6.139467
670.6372 364.0432 21 6.172833
671.0986 357.4453 21 6.2062
670.6881 350.4664 21 6.239567
671.7195 344.7081 21 6.272933
672.4114 338.2617 21 6.3063
672.9072 332.5287 21 6.339667
673.5559 325.5216 21 6.373033
674.66 319.2108 21 6.4064
674.8802 311.7601 21 6.439767
675.5316 304.7651 21 6.473133
675.9273 298.2565 21 6.5065
676.8951 291.9262 21 6.539867
676.3255 287.233 21 6.573233
674.347 281.678 21 6.6066
672.1424 275.2217 21 6.639967
668.3249 269.6575 21 6.673333
665.3884 263.4109 21 6.7067
662.1719 257.232 21 6.740067
658.0297 251.6593 21 6.773433
654.3185 246.08 21 6.8068
650.5673 240.8076 21 6.840167
646.4154 234.6914 21 6.873533
642.0329 228.9249 21 6.9069
636.341 223.8194 21 6.940267
631.6913 218.2321 21 6.973633
625.5444 212.8739 21 7.007
619.9115 208.766 21 7.040367
613.3074 203.9872 21 7.073733
606.5657 199.7024 21 7.1071
602.4126 196.2455 21 7.140467
595.5426 192.5065 21 7.173833
589.4681 188.5917 21 7.2072
583.7068 184.5575 21 7.240567
576.9813 181.0987 21 7.273933
569.3038 178.6337 21 7.3073
563.1013 175.3554 21 7.340667
557.41 171.8112 21 7.374033
551.7808 167.9716 21 7.4074
546.5819 164.1368 21 7.440767
541.2357 160.3387 21 7.474133
534.6529 157.2749 21 7.5075
528.2292 153.9763 21 7.540867
522.1475 150.6954 21 7.574233
516.0981 147.2254 21 7.6076
508.5977 145.0094 21 7.640967
501.7267 142.4912 21 7.674333
495.2 138.9925 21 7.7077
488.9721 135.6399 21 7.741067
481.3172 133.5823 21 7.774433
474.1187 131.1763 21 7.8078
468.4409 128.1152 21 7.841167
463.5665 127.2099 21 7.874533
458.257 125.8816 21 7.9079
452.0228 122.3586 21 7.941267
447.6996 117.8314 21 7.974633
444.9439 115.5104 21 8.008
442.2205 114.6552 21 8.041367
439.5966 115.3121 21 8.074733
440.5577 113.3862 21 8.1081
438.0854 111.0142 21 8.141467
437.5221 112.6788 21 8.174833
438.2722 112.845 21 8.2082
439.2648 112.1515 21 8.241567
442.0692 112.2136 21 8.274933
444.3942 112.6992 21 8.3083
447.9057 113.5703 21 8.341667
450.4983 115.1115 21 8.375033
453.5029 116.441 21 8.4084
454.0156 117.4583 21 8.441767
453.873 118.4843 21 8.475133
454.2995 118.9544 21 8.5085
455.5198 121.2689 21 8.541867
457.0509 120.8294 21 8.575233
459.717 122.6531 21 8.6086
461.5012 122.6151 21 8.641967
462.9781 125.6159 21 8.675333
464.8691 130.7776 21 8.7087
467.2387 133.9208 21 8.742067
469.3489 136.691 21 8.775433
471.4698 142.3084 21 8.8088
473.9701 147.7767 21 8.842167
476.7761 152.0389 21 8.875533
480.35 155.6243 21 8.9089
482.6155 157.1554 21 8.942267
487.7618 157.0111 21 8.975633
492.8555 158.6811 21 9.009
498.373 160.1639 21 9.042367
502.9752 160.3017 21 9.075733
507.7011 160.949 21 9.1091
512.7181 161.7038 21 9.142467
518.7371 163.7771 21 9.175833
524.6215 166.3991 21 9.2092
531.0747 167.9701 21 9.242567
537.6339 170.4166 21 9.275933
542.3748 164.6601 21 9.3093
547.8972 164.0302 21 9.342667
553.671 163.255 21 9.376033
561.1661 161.4194 21 9.4094
567.0064 161.2077 21 9.442767
573.3062 161.7344 21 9.476133
579.3175 164.6708 21 9.5095
586.1092 165.9875 21 9.542867
592.4996 168.556 21 9.576233
598.535 172.0888 21 9.6096
604.1303 175.9108 21 9.642967
609.1891 180.0454 21 9.676333
614.1748 183.8039 21 9.7097
619.2326 187.4386 21 9.743067
624.2582 191.0143 21 9.776433
629.9949 194.3787 21 9.8098
636.3153 198.9427 21 9.843167
642.4165 203.2756 21 9.876533
647.6911 206.9324 21 9.9099
653.1506 209.7842 21 9.943267
658.9402 213.205 21 9.976633
664.4846 216.1642 21 10.01
669.6961 219.4317 21 10.04337
676.0565 223.0123 21 10.07673
681.3772 225.9077 21 10.1101
686.7993 228.6524 21 10.14347
692.3465 230.8761 21 10.17683
697.9367 233.2226 21 10.2102
704.4447 235.1505 21 10.24357
710.6368 236.6416 21 10.27693
716.8008 238.3866 21 10.3103
723.2691 240.0091 21 10.34367
729.7567 241.6124 21 10.37703
736.1954 243.827 21 10.4104
742.5205 245.0817 21 10.44377
748.6075 246.4935 21 10.47713
755.001 247.9597 21 10.5105
761.7052 248.4663 21 10.54387
768.2372 250.4405 21 10.57723
774.7444 251.3505 21 10.6106
780.9422 252.076 21 10.64397
787.255 252.4968 21 10.67733
794.1138 253.3618 21 10.7107
800.1572 254.4464 21 10.74407
806.1119 254.8596 21 10.77743
811.7817 255.2807 21 10.8108
817.7293 255.1729 21 10.84417
824.0123 255.635 21 10.87753
829.5343 255.7315 21 10.9109
835.1864 255.6001 21 10.94427
840.9249 255.7302 21 10.97763
844.3698 257.0463 21 11.011
846.6743 261.2823 21 11.04437
850.501 264.6716 21 11.07773
850.4804 268.5211 21 11.1111
854.0487 270.7802 21 11.14447
856.2172 275.27 21 11.17783
859.1216 279.7714 21 11.2112
861.8946 285.949 21 11.24457
865.1035 291.5607 21 11.27793
867.3133 295.7491 21 11.3113
868.8108 298.5352 21 11.34467
870.3913 301.4653 21 11.37803
873.0357 305.438 21 11.4114
874.9789 310.4178 21 11.44477
876.2273 314.1989 21 11.47813
879.0309 317.8099 21 11.5115
880.0242 319.8495 21 11.54487
881.4569 322.6143 21 11.57823
881.449 323.4726 21 11.6116
881.5829 322.4441 21 11.64497
880.7536 320.659 21 11.67833
879.7154 317.8643 21 11.7117
880.4757 317.7491 21 11.74507
879.0109 317.1431 21 11.77843
879.2751 315.8879 21 11.8118
879.5085 315.7847 21 11.84517
878.7857 313.9251 21 11.87853
879.0158 312.7621 21 11.9119
877.6263 311.9896 21 11.94527
877.1083 312.4514 21 11.97863
876.6607 311.3154 21 12.012
877.0073 309.8898 21 12.04537
876.7483 309.3491 21 12.07873
876.5894 308.4586 21 12.1121
875.5696 307.5864 21 12.14547
873.7618 305.051 21 12.17883
871.2052 303.3199 21 12.2122
868.2651 302.0564 21 12.24557
864.4486 300.402 21 12.27893
860.8933 298.1027 21 12.3123
856.5597 296.1225 21 12.34567
850.5314 293.6774 21 12.37903
846.2508 296.4945 21 12.4124
841.6266 301.123 21 12.44577
834.5767 306.4592 21 12.47913
826.9068 309.8768 21 12.5125
818.1232 312.6575 21 12.54587
809.6732 316.3723 21 12.57923
804.7518 318.5517 21 12.6126
799.2845 320.252 21 12.64597
793.1405 321.6124 21 12.67933
787.0809 323.0622 21 12.7127
780.9116 323.6958 21 12.74607
774.1508 324.7818 21 12.77943
767.8653 325.7012 21 12.8128
761.832 326.3132 21 12.84617
755.9924 327.3684 21 12.87953
749.9593 328.4799 21 12.9129
743.774 329.884 21 12.94627
737.2753 331.4328 21 12.97963
730.4528 332.6254 21 13.013
724.2756 333.7392 21 13.04637
718.0288 334.6891 21 13.07973
711.8949 336.1586 21 13.1131
705.3829 337.9093 21 13.14647
699.219 339.4774 21 13.17983
692.8255 340.6943 21 13.2132
685.7997 342.2686 21 13.24657
679.896 343.9747 21 13.27993
673.2604 345.8843 21 13.3133
666.6806 347.6009 21 13.34667
660.3496 349.6349 21 13.38003
653.9011 352.227 21 13.4134
647.8227 354.5487 21 13.44677
641.2813 356.865 21 13.48013
635.7596 359.029 21 13.5135
630.2776 361.5034 21 13.54687
624.4718 363.6304 21 13.58023
618.3976 367.085 21 13.6136
611.6884 370.5451 21 13.64697
605.2767 374.299 21 13.68033
599.207 378.0589 21 13.7137
592.9101 382.1699 21 13.74707
586.9053 386.5208 21 13.78043
580.6357 390.6739 21 13.8138
574.9124 394.8588 21 13.84717
569.8812 398.7477 21 13.88053
565.6029 401.2966 21 13.9139
560.5039 404.2132 21 13.94727
552.4145 405.0684 21 13.98063
545.4065 407.0766 21 14.014
538.5706 409.8212 21 14.04737
535.0112 412.9774 21 14.08073
533.8463 415.8295 21 14.1141
531.7209 419.475 21 14.14747
531.2076 422.3171 21 14.18083
529.5036 425.2181 21 14.2142
527.6146 429.0234 21 14.24757
525.1502 432.1523 21 14.28093
525.5632 436.5241 21 14.3143
524.8101 440.0293 21 14.34767
522.667 443.8274 21 14.38103
522.0263 446.936 21 14.4144
520.9455 449.9729 21 14.44777
518.6679 453.8445 21 14.48113
516.2649 457.8888 21 14.5145
513.7075 462.1125 21 14.54787
512.3112 466.1259 21 14.58123
510.0743 470.4692 21 14.6146
508.2088 474.6725 21 14.64797
506.4196 478.3389 21 14.68133
506.8328 483.0205 21 14.7147
505.2396 489.0271 21 14.74807
504.2226 495.0178 21 14.78143
504.9901 498.1421 21 14.8148
505.9304 501.6 21 14.84817
506.8084 507.1879 21 14.88153
507.8651 513.0933 21 14.9149
509.2137 517.8961 21 14.94827
510.3279 522.7866 21 14.98163
511.7184 528.5857 21 15.015
512.5034 533.064 21 15.04837
512.545 537.3413 21 15.08173
513.1253 541.5648 21 15.1151
513.5697 546.9864 21 15.14847
513.9491 552.9463 21 15.18183
514.6408 555.8104 21 15.2152
515.5689 559.7454 21 15.24857
516.019 564.5222 21 15.28193
516.4026 568.6548 21 15.3153
516.9489 573.8917 21 15.34867
516.85 578.5189 21 15.38203
516.4785 581.9228 21 15.4154
516.5835 586.3487 21 15.44877
516.9696 591.7164 21 15.48213
516.6896 597.8017 21 15.5155
516.8957 603.5682 21 15.54887
517.2807 609.3366 21 15.58223
517.7939 614.859 21 15.6156
518.1923 621.1592 21 15.64897
518.9998 627.652 21 15.68233
519.6136 634.6343 21 15.7157
520.0582 641.3365 21 15.74907
520.6998 648.1046 21 15.78243
520.9272 654.7089 21 15.8158
521.1291 661.5089 21 15.84917
521.3276 667.8394 21 15.88253
521.5532 674.1123 21 15.9159
521.8877 680.4238 21 15.94927
521.9655 686.6464 21 15.98263
521.518 692.4517 21 16.016
521.6201 698.3103 21 16.04937
521.3427 704.4758 21 16.08273
520.975 710.8241 21 16.1161
526.4759 714.6335 21 16.14947
531.9665 718.92 21 16.18283
537.762 725.0282 21 16.2162
543.5526 730.7831 21 16.24957
548.5057 737.1396 21 16.28293
552.0114 743.196 21 16.3163
556.3372 749.2583 21 16.34967
559.6305 755.298 21 16.38303
562.5032 761.0188 21 16.4164
564.8097 766.3574 21 16.44977
566.9382 771.8266 21 16.48313
569.3922 777.1963 21 16.5165
572.6528 783.0558 21 16.54987
575.2827 789.2549 21 16.58323
578.3734 795.8433 21 16.6166
582.0407 801.9538 21 16.64997
585.065 808.4402 21 16.68333
587.9525 814.3986 21 16.7167
590.669 819.9195 21 16.75007
593.2626 826.098 21 16.78343
595.9235 831.163 21 16.8168
599.1956 836.4213 21 16.85017
601.2192 842.0151 21 16.88353
604.974 847.2829 21 16.9169
607.3917 852.8873 21 16.95027
610.1206 857.7194 21 16.98363
613.5081 862.8845 21 17.017
616.754 868.0169 21 17.05037
618.9753 871.8921 21 17.08373
623.2194 873.2575 21 17.1171
627.5637 869.166 21 17.15047
632.9133 865.1253 21 17.18383
639.1695 863.9568 21 17.2172
645.4334 861.888 21 17.25057
651.8681 861.543 21 17.28393
659.5803 861.1155 21 17.3173
666.2089 860.7119 21 17.35067
671.9428 862.3183 21 17.38403
679.3354 864.7443 21 17.4174
686.0516 865.8307 21 17.45077
692.4769 867.54 21 17.48413
698.8433 868.3952 21 17.5175
704.1345 870.0795 21 17.55087
708.5755 870.155 21 17.58423
711.1319 869.2064 21 17.6176
713.0471 867.2253 21 17.65097
715.1644 866.0337 21 17.68433
717.6801 863.8262 21 17.7177
719.2048 863.2106 21 17.75107
720.0041 862.7342 21 17.78443
720.377 862.1797 21 17.8178
720.1085 862.7419 21 17.85117
719.0201 862.9969 21 17.88453
717.6702 863.5977 21 17.9179
715.5143 864.853 21 17.95127
714.7984 865.6775 21 17.98463
711.9297 867.4076 21 18.018
711.1865 868.961 21 18.05137
712.0697 867.617 21 18.08473
712.6841 867.98 21 18.1181
712.9212 867.4488 21 18.15147
714.6522 866.0801 21 18.18483
716.016 865.5432 21 18.2182
716.1089 865.2079 21 18.25157
716.2645 865.387 21 18.28493
716.9828 865.059 21 18.3183
718.3105 863.9299 21 18.35167
719.5398 863.0922 21 18.38503
719.8151 862.9376 21 18.4184
720.756 862.7268 21 18.45177
720.6539 862.1182 21 18.48513
723.0323 861.4004 21 18.5185
723.455 860.6465 21 18.55187
725.3202 860.2452 21 18.58523
725.4391 859.6487 21 18.6186
726.5143 858.9115 21 18.65197
726.9837 858.5101 21 18.68533
727.3412 858.2549 21 18.7187
727.5787 858.0737 21 18.75207
727.9479 856.8602 21 18.78543
729.0338 857.4669 21 18.8188
729.3356 856.587 21 18.85217
729.7422 856.3469 21 18.88553
730.6561 855.2997 21 18.9189
733.9542 855.5181 21 18.95227
734.1029 854.2041 21 18.98563
733.8437 854.1622 21 19.019
734.8012 853.449 21 19.05237
734.2402 852.6995 21 19.08573
734.7269 852.7406 21 19.1191
735.9397 851.3551 21 19.15247
737.9521 850.852 21 19.18583
739.4954 849.0758 21 19.2192
739.7486 848.5109 21 19.25257
741.3772 847.5463 21 19.28593
740.1893 847.8101 21 19.3193
739.8045 849.351 21 19.35267
739.3506 849.6695 21 19.38603
739.5799 850.4667 21 19.4194
739.7413 850.0808 21 19.45277
740.6469 848.8436 21 19.48613
741.3523 848.0313 21 19.5195
741.7902 848.5936 21 19.55287
741.9503 849.5317 21 19.58623
742.2166 850.9302 21 19.6196
744.0415 849.7056 21 19.65297
746.0525 848.1706 21 19.68633
747.1618 844.8589 21 19.7197
747.9432 844.0247 21 19.75307
749.855 844.179 21 19.78643
750.5023 843.7945 21 19.8198
749.8682 842.0419 21 19.85317
751.2692 842.2643 21 19.88653
753.2077 841.6887 21 19.9199
753.8175 840.3822 21 19.95327
755.6984 839.2112 21 19.98663
757.2501 837.3942 21 20.02
758.7256 836.3848 21 20.05337
760.8161 834.8032 21 20.08673
763.1329 833.1828 21 20.1201
765.7119 831.501 21 20.15347
767.5944 830.1853 21 20.18683
768.6293 827.3197 21 20.2202
769.2962 824.5438 21 20.25357
770.4338 822.7469 21 20.28693
771.7163 821.8981 21 20.3203
773.6923 822.1468 21 20.35367
775.7473 823.6574 21 20.38703
777.6306 823.812 21 20.4204
778.1523 823.1803 21 20.45377
779.4878 822.0034 21 20.48713
780.6716 818.9945 21 20.5205
781.2952 815.7428 21 20.55387
782.2869 812.9265 21 20.58723
781.7404 809.3504 21 20.6206
782.9985 808.5521 21 20.65397
785.2381 806.3314 21 20.68733
786.1363 803.482 21 20.7207
786.6192 799.5633 21 20.75407
784.9519 793.5122 21 20.78743
782.7782 788.0168 21 20.8208
781.2138 783.5897 21 20.85417
779.2892 781.1584 21 20.88753
778.2148 778.8392 21 20.9209
776.3114 776.7293 21 20.95427
774.8091 774.0151 21 20.98763
772.6825 770.1496 21 21.021
769.7307 767.5441 21 21.05437
766.4306 763.8393 21 21.08773
762.0874 760.1164 21 21.1211
756.9868 758.1506 21 21.15447
750.4222 756.3789 21 21.18783
743.3329 754.6597 21 21.2212
736.9879 753.8881 21 21.25457
730.3987 753.4484 21 21.28793
724.1339 753.2981 21 21.3213
717.633 753.1794 21 21.35467
710.8877 753.4985 21 21.38803
704.4749 753.3153 21 21.4214
698.1994 754.0157 21 21.45477
692.4333 754.7784 21 21.48813
686.1487 755.5759 21 21.5215
680.0549 756.7267 21 21.55487
673.5874 758.3478 21 21.58823
666.5796 759.8585 21 21.6216
660.062 761.5972 21 21.65497
653.7095 763.0441 21 21.68833
647.9556 764.6309 21 21.7217
642.215 766.3535 21 21.75507
635.7576 768.403 21 21.78843
629.064 770.2598 21 21.8218
622.7602 772.4883 21 21.85517
616.3459 774.8201 21 21.88853
613.6441 776.6076 21 21.9219
610.6366 778.8747 21 21.95527
606.1384 781.1945 21 21.98863
600.5303 785.0526 21 22.022
595.1465 788.9929 21 22.05537
589.363 792.7463 21 22.08873
583.6892 797.0137 21 22.1221
578.5452 800.8533 21 22.15547
573.2144 804.8584 21 22.18883
567.9563 809.1867 21 22.2222
562.7192 813.7385 21 22.25557
558.3854 817.8815 21 22.28893
554.1138 822.2409 21 22.3223
549.4166 827.1219 21 22.35567
544.4426 831.9708 21 22.38903
539.9736 837.305 21 22.4224
535.5437 841.5757 21 22.45577
531.3362 846.1469 21 22.48913
526.9937 850.9287 21 22.5225
522.8062 855.7107 21 22.55587
518.4344 861.5466 21 22.58923
513.8315 866.682 21 22.6226
509.4397 872.0323 21 22.65597
505.3017 877.2065 21 22.68933
501.3855 875.9887 21 22.7227
496.531 876.9344 21 22.75607
490.4511 876.204 21 22.78943
484.6106 877.3036 21 22.8228
478.4615 877.1328 21 22.85617
473.1101 877.922 21 22.88953
467.3646 879.1867 21 22.9229
461.1022 881.6434 21 22.95627
455.6574 883.2165 21 22.98963
453.0621 879.5668 21 23.023
449.3308 876.9469 21 23.05637
444.2532 871.9719 21 23.08973
438.3467 870.2196 21 23.1231
432.8729 868.66 21 23.15647
426.3112 866.061 21 23.18983
419.6463 864.2121 21 23.2232
412.6069 861.0525 21 23.25657
407.5562 858.3656 21 23.28993
402.6943 850.4698 21 23.3233
402.6943 850.4698 21 23.35667
399.1924 846.7973 21 23.39003
391.2563 838.6227 21 23.4234
391.2563 838.6227 21 23.45677
389.9412 833.3613 21 23.49013
384.8512 823.9467 21 23.5235
384.8512 823.9467 21 23.55687
381.3513 818.5633 21 23.59023
374.3728 808.9659 21 23.6236
374.3728 808.9659 21 23.65697
366.807 798.8365 21 23.69033
363.0388 793.2039 21 23.7237
363.0388 793.2039 21 23.75707
358.2804 782.3018 21 23.79043
359.3552 777.5543 21 23.8238
359.3552 777.5543 21 23.85717
360.707 766.4867 21 23.89053
360.2112 759.5032 21 23.9239
362.2563 753.2547 21 23.95727
363.5437 747.1781 21 23.99063
365.2088 740.8873 21 24.024
366.6281 734.0628 21 24.05737
367.7243 727.906 21 24.09073
368.8709 721.7234 21 24.1241
370.3547 715.38 21 24.15747
372.1163 708.0256 21 24.19083
373.2877 700.6786 21 24.2242
374.5687 693.2729 21 24.25757
375.2338 686.3267 21 24.29093
375.7196 679.9194 21 24.3243
375.9585 673.5499 21 24.35767
375.9167 667.6693 21 24.39103
376.3882 661.0852 21 24.4244
376.6219 654.398 21 24.45777
377.1131 647.8602 21 24.49113
377.3312 641.2709 21 24.5245
377.4001 634.9447 21 24.55787
377.3434 628.4029 21 24.59123
377.1602 622.0879 21 24.6246
377.2842 615.3862 21 24.65797
376.9294 609.3836 21 24.69133
374.3779 605.5089 21 24.7247
372.2622 600.0868 21 24.75807
371.2761 593.6251 21 24.79143
370.881 586.3376 21 24.8248
370.9054 579.6649 21 24.85817
371.0781 573.1175 21 24.89153
370.9633 567.7555 21 24.9249
370.2659 562.5418 21 24.95827
369.9998 557.2267 21 24.99163
367.6971 552.1685 21 25.025
362.9875 548.6914 21 25.05837
360.792 542.9243 21 25.09173
355.6873 536.2253 21 25.1251
352.4573 529.7509 21 25.15847
349.9242 523.419 21 25.19183
346.9722 518.0302 21 25.2252
344.8394 513.8525 21 25.25857
342.9953 512.4962 21 25.29193
341.0959 511.0736 21 25.3253
339.4007 509.1023 21 25.35867
337.2758 505.9782 21 25.39203
335.871 503.0587 21 25.4254
332.5848 497.7846 21 25.45877
329.0711 493.162 21 25.49213
323.328 492.229 21 25.5255
317.6576 491.7902 21 25.55887
310.6948 491.7891 21 25.59223
303.9574 492.1012 21 25.6256
296.5182 491.8518 21 25.65897
290.8379 490.7188 21 25.69233
286.072 488.7704 21 25.7257
280.7938 485.9285 21 25.75907
275.1203 482.1592 21 25.79243
269.9995 477.2402 21 25.8258
265.0084 472.7322 21 25.85917
259.2188 468.561 21 25.89253
252.0876 465.1612 21 25.9259
246.0742 463.1008 21 25.95927
239.0625 461.2063 21 25.99263
232.0495 459.6955 21 26.026
226.4574 458.8514 21 26.05937
220.3937 457.0328 21 26.09273
213.0827 455.1839 21 26.1261
206.743 453.4991 21 26.15947
200.2787 451.5855 21 26.19283
194.2172 450.2312 21 26.2262
186.902 448.4056 21 26.25957
180.7252 446.8573 21 26.29293
174.1411 445.4009 21 26.3263
167.8288 444.1462 21 26.35967
160.7831 443.2866 21 26.39303
153.5835 442.2967 21 26.4264
146.8208 441.5458 21 26.45977
140.3012 441.3762 21 26.49313
135.5841 440.4925 21 26.5265
130.6577 440.6359 21 26.55987
124.9368 441.0251 21 26.59323
118.7114 441.735 21 26.6266
111.7267 442.7511 21 26.65997
105.4313 443.9029 21 26.69333
98.7529 445.1175 21 26.7267
93.829 446.3076 21 26.76007
93.99799 448.3149 21 26.79343
92.6103 451.2083 21 26.8268
92.11652 455.0418 21 26.86017
92.99397 459.543 21 26.89353
92.43618 464.7585 21 26.9269
91.08752 471.4361 21 26.96027
90.33896 478.1856 21 26.99363
91.4635 485.6474 21 27.027
90.89712 492.1847 21 27.06037
90.30092 499.1687 21 27.09373
89.56018 505.9356 21 27.1271
89.17985 512.8253 21 27.16047
88.42211 518.8593 21 27.19383
88.07244 525.597 21 27.2272
89.13037 531.9305 21 27.26057
91.77538 537.1661 21 27.29393
93.59535 543.1621 21 27.3273
95.13249 549.455 21 27.36067
96.88982 555.8304 21 27.39403
97.6871 562.665 21 27.4274
99.29134 569.1635 21 27.46077
100.7146 575.6563 21 27.49413
102.3069 582.9769 21 27.5275
104.4126 590.1904 21 27.56087
106.4473 596.5191 21 27.59423
108.4369 603.1122 21 27.6276
110.9684 609.6987 21 27.66097
113.3207 617.5226 21 27.69433
115.2853 622.9839 21 27.7277
114.4985 625.0017 21 27.76107
114.5355 627.7374 21 27.79443
114.7967 631.0198 21 27.8278
114.6912 636.0864 21 27.86117
117.1548 642.136 21 27.89453
118.6383 647.2531 21 27.9279
119.8227 653.6446 21 27.96127
120.5911 659.5684 21 27.99463
121.0933 666.117 21 28.028
125.3497 667.8714 21 28.06137
128.9271 668.0171 21 28.09473
132.6252 671.9878 21 28.1281
136.9434 676.3051 21 28.16147
139.9718 680.986 21 28.19483
144.5189 686.7791 21 28.2282
148.0908 691.878 21 28.26157
152.2463 697.4022 21 28.29493
155.8783 703.03 21 28.3283
160.5919 708.1282 21 28.36167
164.2918 713.0634 21 28.39503
169.1962 717.6859 21 28.4284
173.1717 722.972 21 28.46177
177.3799 727.8155 21 28.49513
182.6009 732.9103 21 28.5285
187.014 737.4413 21 28.56187
191.8291 742.3506 21 28.59523
198.1205 747.9887 21 28.6286
204.1007 751.9853 21 28.66197
208.6705 756.7546 21 28.69533
215.2897 759.7206 21 28.7287
219.398 763.6107 21 28.76207
226.0709 766.6295 21 28.79543
231.9926 769.679 21 28.8288
238.47 773.2162 21 28.86217
245.4687 776.7103 21 28.89553
252.2791 779.0446 21 28.9289
259.4149 781.1546 21 28.96227
266.256 782.8912 21 28.99563
273.8602 785.0987 21 29.029
280.4719 786.1856 21 29.06237
288.4051 787.4918 21 29.09573
290.8693 784.8909 21 29.1291
294.8154 782.6009 21 29.16247
298.3526 780.5483 21 29.19583
302.568 776.4913 21 29.2292
309.4235 771.2464 21 29.26257
315.2092 765.8326 21 29.29593
320.3666 761.8735 21 29.3293
325.5847 757.6306 21 29.36267
331.2029 751.9794 21 29.39603
337.5547 749.112 21 29.4294
344.4057 746.9969 21 29.46277
350.6853 745.0708 21 29.49613
357.2064 743.9121 21 29.5295
363.527 741.927 21 29.56287
368.612 740.1526 21 29.59623
376.4714 736.3921 21 29.6296
382.4552 734.3002 21 29.66297
390.2054 730.3659 21 29.69633
395.7518 727.4042 21 29.7297
401.7402 723.8101 21 29.76307
409.2908 719.2938 21 29.79643
414.6667 715.5059 21 29.8298
420.6886 710.9837 21 29.86317
425.4287 706.9391 21 29.89653
430.598 703.6065 21 29.9299
437.1073 704.0397 21 29.96327
444.637 704.1711 21 29.99663
450.9319 702.9739 21 30.03
457.3796 703.1474 21 30.06337
464.0857 702.9592 21 30.09673
471.0855 702.6812 21 30.1301
479.1153 702.806 21 30.16347
487.8471 701.6828 21 30.19683
494.804 700.4367 21 30.2302
501.6135 699.6771 21 30.26357
509.399 700.5613 21 30.29693
516.3037 701.2387 21 30.3303
522.3072 701.3056 21 30.36367
529.1756 701.175 21 30.39703
535.2374 701.391 21 30.4304
542.1354 701.1532 21 30.46377
548.0726 701.3491 21 30.49713
554.5289 700.7057 21 30.5305
560.59 700.9606 21 30.56387
567.8337 700.1368 21 30.59723
573.7972 700.0328 21 30.6306
579.9847 699.2478 21 30.66397
586.1051 698.0729 21 30.69733
590.9264 697.5222 21 30.7307
596.9086 695.5759 21 30.76407
602.222 694.8198 21 30.79743
608.2029 693.0561 21 30.8308
613.5834 691.4411 21 30.86417
620.0009 689.8007 21 30.89753
626.4165 687.4338 21 30.9309
632.8361 685.561 21 30.96427
639.0783 683.4502 21 30.99763
644.742 681.4937 21 31.031
650.0378 679.5517 21 31.06437
652.958 676.1785 21 31.09773
654.2302 672.1057 21 31.1311
656.2547 668.0813 21 31.16447
659.5619 664.3766 21 31.19783
659.8164 660.3238 21 31.2312
661.1622 656.6518 21 31.26457
662.9342 652.5778 21 31.29793
664.658 648.0702 21 31.3313
665.2896 641.898 21 31.36467
665.7559 636.5168 21 31.39803
666.5315 633.9472 21 31.4314
668.0159 629.3091 21 31.46477
669.8935 623.3415 21 31.49813
671.4998 616.4271 21 31.5315
673.1424 609.5015 21 31.56487
675.2855 603.1474 21 31.59823
675.6535 595.3319 21 31.6316
677.0922 588.2205 21 31.66497
677.0968 581.3232 21 31.69833
677.4913 574.9172 21 31.7317
677.6855 570.3531 21 31.76507
678.8817 565.683 21 31.79843
679.4331 560.925 21 31.8318
680.6082 554.9093 21 31.86517
681.4289 548.7805 21 31.89853
682.7814 542.5921 21 31.9319
684.0546 536.2879 21 31.96527
685.0971 530.1555 21 31.99863
685.911 523.9394 21 32.032
687.194 517.9542 21 32.06537
688.2463 512.2018 21 32.09873
688.9697 506.8453 21 32.1321
690.1917 501.2192 21 32.16547
691.2607 497.689 21 32.19883
693.5775 493.7579 21 32.2322
695.4115 488.7056 21 32.26557
699.5993 484.8988 21 32.29893
701.5857 481.2696 21 32.3323
703.3764 475.6722 21 32.36567
705.8239 470.6087 21 32.39903
708.1661 464.8501 21 32.4324
710.0788 460.5921 21 32.46577
712.0207 455.1194 21 32.49913
713.0555 450.3994 21 32.5325
715.1923 445.2326 21 32.56587
718.0506 439.1867 21 32.59923
720.3254 433.4191 21 32.6326
722.7246 426.3029 21 32.66597
726.3518 419.7053 21 32.69933
727.7794 413.2867 21 32.7327
729.3679 407.2814 21 32.76607
732.6674 401.0893 21 32.79943
735.176 394.3569 21 32.8328
737.2144 388.4481 21 32.86617
738.1539 380.2732 21 32.89953
738.8604 374.766 21 32.9329
740 369.1276 21 32.96627
741.6309 362.7263 21 32.99963
741.2015 356.8649 21 33.033
741.2571 350.4521 21 33.06637
741.6825 344.0981 21 33.09973
741.2175 337.8161 21 33.1331
740.5985 331.9106 21 33.16647
739.4834 325.3327 21 33.19983
738.8496 318.9953 21 33.2332
738.04 312.1347 21 33.26657
737.5261 305.6243 21 33.29993
734.1404 303.2629 21 33.3333
729.9736 302.7432 21 33.36667
725.4133 301.3312 21 33.40003
720.96 299.604 21 33.4334
715.2771 298.0249 21 33.46677
710.0844 294.0953 21 33.50013
704.1146 294.5842 21 33.5335
697.4555 291.2172 21 33.56687
691.669 289.6837 21 33.60023
686.2518 288.9291 21 33.6336
680.6821 288.9204 21 33.66697
675.178 288.7649 21 33.70033
669.378 288.2736 21 33.7337
663.7724 287.9714 21 33.76707
657.6851 285.8566 21 33.80043
651.5428 286.2023 21 33.8338
644.3671 285.6069 21 33.86717
638.2067 284.3914 21 33.90053
631.6221 283.1825 21 33.9339
625.5887 284.3729 21 33.96727
618.8995 285.7698 21 34.00063
612.2492 286.0481 21 34.034
605.8683 286.5936 21 34.06737
599.695 286.7738 21 34.10073
593.3276 287.0369 21 34.1341
586.1916 287.1879 21 34.16747
579.8335 287.2854 21 34.20083
572.9651 287.4311 21 34.2342
565.9962 287.7293 21 34.26757
559.7151 289.3467 21 34.30093
553.7437 291.8783 21 34.3343
547.6918 294.2638 21 34.36767
540.7697 296.255 21 34.40103
535.4363 299.4681 21 34.4344
529.9508 302.974 21 34.46777
523.4572 305.8643 21 34.50113
517.6513 308.0335 21 34.5345
510.9595 310.0131 21 34.56787
504.565 312.0518 21 34.60123
498.2135 313.8738 21 34.6346
491.6853 317.1316 21 34.66797
486.0338 320.3398 21 34.70133
478.8745 323.5647 21 34.7347
473.9447 327.2243 21 34.76807
468.1969 331.2668 21 34.80143
462.6374 335.3084 21 34.8348
456.3533 338.8995 21 34.86817
450.2222 342.373 21 34.90153
445.1452 345.7621 21 34.9349
439.6172 349.6464 21 34.96827
433.9542 353.7718 21 35.00163
427.9495 358.0007 21 35.035
422.2668 362.9154 21 35.06837
416.8933 366.9352 21 35.10173
412.1133 371.4958 21 35.1351
407.2323 375.9496 21 35.16847
402.4554 381.0235 21 35.20183
398.188 385.7606 21 35.2352
394.4402 391.3888 21 35.26857
391.1755 397.6952 21 35.30193
386.5302 403.1303 21 35.3353
383.708 408.6917 21 35.36867
380.5602 413.4999 21 35.40203
377.977 418.301 21 35.4354
375.9604 422.4329 21 35.46877
375.0966 426.1012 21 35.50213
376.0529 432.1613 21 35.5355
373.0128 437.9204 21 35.56887
372.2499 444.7627 21 35.60223
372.2154 449.0747 21 35.6356
371.3496 454.4426 21 35.66897
371.3683 460.7116 21 35.70233
370.2636 466.9092 21 35.7357
370.5962 473.604 21 35.76907
370.3248 479.6769 21 35.80243
372.572 486.6514 21 35.8358
372.4861 493.2811 21 35.86917
372.9227 500.2967 21 35.90253
372.0841 507.9889 21 35.9359
372.5775 514.3627 21 35.96927
373.4137 521.9568 21 36.00263
375.5605 529.3367 21 36.036
377.4999 537.3778 21 36.06937
378.6041 545.2168 21 36.10273
379.7389 553.3229 21 36.1361
380.28 560.2675 21 36.16947
382.0976 564.3428 21 36.20283
384.2447 570.5601 21 36.2362
386.3223 576.6751 21 36.26957
388.1401 581.6762 21 36.30293
389.6162 587.5695 21 36.3363
390.2916 593.0187 21 36.36967
390.6453 599.281 21 36.40303
391.917 605.4657 21 36.4364
392.8331 612.7339 21 36.46977
395.1185 619.0957 21 36.50313
397.8587 626.0326 21 36.5365
401.0274 632.1639 21 36.56987
403.6843 639.1249 21 36.60323
403.6695 646.4834 21 36.6366
407.9132 653.0595 21 36.66997
409.4268 659.3077 21 36.70333
412.3404 664.6969 21 36.7367
415.0084 668.4068 21 36.77007
417.8264 673.3788 21 36.80343
420.6871 678.7246 21 36.8368
423.7892 685.3467 21 36.87017
427.254 690.3034 21 36.90353
431.6898 695.3188 21 36.9369
437.1892 700.7984 21 36.97027
441.9684 705.7291 21 37.00363
446.8515 711.1465 21 37.037
453.1834 715.7045 21 37.07037
457.7787 719.8557 21 37.10373
461.8662 723.7212 21 37.1371
466.9703 728.9457 21 37.17047
470.8375 732.4765 21 37.20383
473.5329 736.2562 21 37.2372
476.967 740.8036 21 37.27057
480.2218 744.9144 21 37.30393
483.1586 749.9823 21 37.3373
486.5163 755.4907 21 37.37067
488.9848 761.1535 21 37.40403
491.6552 766.4021 21 37.4374
495.2843 772.1307 21 37.47077
499.0533 777.5345 21 37.50413
501.3219 784.3575 21 37.5375
506.5356 789.2031 21 37.57087
509.3028 796.0014 21 37.60423
512.9388 801.3157 21 37.6376
515.9416 806.8977 21 37.67097
519.3623 811.5156 21 37.70433
523.1301 815.2574 21 37.7377
527.017 819.8714 21 37.77107
531.5295 824.034 21 37.80443
533.1616 824.775 21 37.8378
534.9995 824.2688 21 37.87117
537.6822 825.1742 21 37.90453
541.5817 826.1516 21 37.9379
547.3382 826.9023 21 37.97127
553.2783 827.9483 21 38.00463
560.0241 828.12 21 38.038
566.174 827.9281 21 38.07137
572.5557 828.5251 21 38.10473
578.9465 827.954 21 38.1381
585.2792 827.4359 21 38.17147
591.9228 826.4243 21 38.20483
598.1685 825.283 21 38.2382
604.1534 824.0477 21 38.27157
609.591 822.0626 21 38.30493
615.4064 819.9062 21 38.3383
620.198 820.1112 21 38.37167
624.5692 820.8929 21 38.40503
628.738 820.3136 21 38.4384
633.3085 818.7062 21 38.47177
638.5205 816.007 21 38.50513
644.5074 811.7431 21 38.5385
650.5687 807.9203 21 38.57187
655.7928 803.7698 21 38.60523
661.8173 799.8349 21 38.6386
666.7482 795.8907 21 38.67197
672.8065 791.3269 21 38.70533
677.7171 787.2201 21 38.7387
683.3858 782.8561 21 38.77207
688.7365 778.9541 21 38.80543
693.8436 775.0606 21 38.8388
699.0507 771.3102 21 38.87217
704.3242 766.9045 21 38.90553
708.7132 762.8856 21 38.9389
713.2829 758.5753 21 38.97227
717.6997 753.6167 21 39.00563
722.257 748.5654 21 39.039
727.0888 742.3751 21 39.07237
731.4293 736.4783 21 39.10573
735.9288 730.1177 21 39.1391
739.2 724.5391 21 39.17247
742.0132 718.7331 21 39.20583
744.4991 713.0658 21 39.2392
747.2926 707.1441 21 39.27257
750.202 701.1517 21 39.30593
752.7439 695.415 21 39.3393
755.4558 689.7339 21 39.37267
757.55 684.0325 21 39.40603
760.3323 677.8433 21 39.4394
762.0516 672.7634 21 39.47277
765.1382 666.2148 21 39.50613
767.1051 661.2834 21 39.5395
769.1276 655.396 21 39.57287
771.0944 649.3463 21 39.60623
772.3455 644.349 21 39.6396
773.9131 637.9607 21 39.67297
775.0307 632.0593 21 39.70633
776.4998 625.8464 21 39.7397
777.0984 620.5591 21 39.77307
777.623 615.2962 21 39.80643
778.2093 609.9143 21 39.8398
778.3746 604.0135 21 39.87317
779.3001 597.5294 21 39.90653
779.5691 591.4128 21 39.9399
780.4313 584.7958 21 39.97327
780.5727 578.252 21 40.00663
780.6359 571.9806 21 40.04
780.6078 565.2728 21 40.07337
780.8417 559.0751 21 40.10673
780.3712 552.8 21 40.1401
780.1249 546.3282 21 40.17347
778.8325 540.5257 21 40.20683
777.6607 534.4987 21 40.2402
776.8712 528.7296 21 40.27357
775.7007 523.2225 21 40.30693
774.57 517.862 21 40.3403
773.1447 512.0683 21 40.37367
771.5194 505.9186 21 40.40703
770.0717 500.1117 21 40.4404
767.6171 494.0014 21 40.47377
765.3126 487.352 21 40.50713
762.2762 481.1731 21 40.5405
759.5488 474.7897 21 40.57387
756.5595 468.554 21 40.60723
753.6353 462.4421 21 40.6406
750.578 456.4715 21 40.67397
747.2648 450.0564 21 40.70733
744.3974 445.1917 21 40.7407
741.5308 440.9239 21 40.77407
737.9428 436.3209 21 40.80743
734.6282 431.8436 21 40.8408
731.0563 426.687 21 40.87417
727.0865 421.9778 21 40.90753
723.6097 417.3082 21 40.9409
719.2912 412.7809 21 40.97427
714.9234 408.2955 21 41.00763
711.1195 403.7472 21 41.041
707.1485 398.7491 21 41.07437
702.8511 394.6555 21 41.10773
698.7289 389.8798 21 41.1411
694.4379 384.999 21 41.17447
690.4553 380.9086 21 41.20783
686.1671 376.4684 21 41.2412
681.7405 372.3136 21 41.27457
677.6101 368.4448 21 41.30793
673.5593 365.127 21 41.3413
668.4445 361.228 21 41.37467
663.2241 358.4672 21 41.40803
657.9419 354.3602 21 41.4414
652.2255 350.8306 21 41.47477
647.251 346.7426 21 41.50813
641.956 343.2132 21 41.5415
637.132 339.0477 21 41.57487
631.5966 334.6017 21 41.60823
625.7458 330.244 21 41.6416
620.6299 325.8164 21 41.67497
615.5605 321.2913 21 41.70833
610.209 316.5615 21 41.7417
605.2022 311.7768 21 41.77507
600.1027 307.0982 21 41.80843
595.5108 302.8859 21 41.8418
590.6973 298.3212 21 41.87517
585.7369 294.4711 21 41.90853
580.6029 290.0563 21 41.9419
576.0857 286.6181 21 41.97527
571.5049 283.464 21 42.00863
566.5973 279.8701 21 42.042
562.2579 276.0841 21 42.07537
557.2692 271.8728 21 42.10873
551.7825 267.7413 21 42.1421
546.6439 263.5046 21 42.17547
541.8623 259.3315 21 42.20883
537.0114 254.7495 21 42.2422
531.7293 250.6034 21 42.27557
526.3424 246.6752 21 42.30893
521.0596 242.8475 21 42.3423
515.306 239.0045 21 42.37567
509.1028 235.3457 21 42.40903
502.2108 231.493 21 42.4424
495.5165 228.115 21 42.47577
489.0323 225.529 21 42.50913
482.6759 223.5563 21 42.5425
475.5631 221.6077 21 42.57587
468.3976 220.6016 21 42.60923
461.2088 219.0317 21 42.6426
454.2432 217.87 21 42.67597
447.405 217.0155 21 42.70933
440.8342 215.8709 21 42.7427
434.017 215.1776 21 42.77607
427.8094 214.6208 21 42.80943
421.4452 213.9636 21 42.8428
415.0636 213.2504 21 42.87617
407.8855 212.7325 21 42.90953
401.2462 212.8699 21 42.9429
394.9035 212.8464 21 42.97627
387.653 212.3624 21 43.00963
381.5122 212.0817 21 43.043
374.4921 212.1996 21 43.07637
366.9841 212.9934 21 43.10973
359.6975 213.3601 21 43.1431
353.0159 214.2244 21 43.17647
346.5092 215.1304 21 43.20983
340.6467 216.2191 21 43.2432
337.7627 216.765 21 43.27657
338.1598 216.6218 21 43.30993
337.5737 216.8663 21 43.3433
336.405 217.3319 21 43.37667
333.6406 217.8178 21 43.41003
329.702 218.5294 21 43.4434
324.7129 218.0683 21 43.47677
319.7148 218.9398 21 43.51013
314.4841 218.2237 21 43.5435
309.1963 217.3208 21 43.57687
303.6571 215.6115 21 43.61023
304.575 213.0124 21 43.6436
304.0861 209.4075 21 43.67697
303.439 203.8157 21 43.71033
301.5318 199.1009 21 43.7437
300.501 193.1893 21 43.77707
297.8267 185.8224 21 43.81043
293.215 179.3029 21 43.8438
288.4906 172.3125 21 43.87717
283.308 166.9099 21 43.91053
277.9275 161.9884 21 43.9439
272.6448 158.3672 21 43.97727
271.0329 155.0232 21 44.01063
269.5783 155.6885 21 44.044
265.6777 155.0512 21 44.07737
262.6146 157.2914 21 44.11073
257.6827 158.9958 21 44.1441
255.6457 163.2002 21 44.17747
254.4885 169.0192 21 44.21083
251.5303 175.0606 21 44.2442
249.6282 181.7247 21 44.27757
247.4856 188.4728 21 44.31093
245.9704 195.7489 21 44.3443
244.6875 202.6457 21 44.37767
243.3409 209.4632 21 44.41103
242.0235 216.2131 21 44.4444
240.8116 222.8836 21 44.47777
239.7021 229.2191 21 44.51113
238.9391 236.3326 21 44.5445
238.4419 242.5 21 44.57787
238.1024 248.2411 21 44.61123
237.8273 253.7672 21 44.6446
237.7399 258.9921 21 44.67797
237.7306 265.5351 21 44.71133
237.2559 271.8199 21 44.7447
236.471 278.6521 21 44.77807
236.4157 285.7318 21 44.81143
235.9222 291.8768 21 44.8448
235.9298 298.5319 21 44.87817
235.1735 305.9606 21 44.91153
235.092 312.4066 21 44.9449
232.4939 317.1567 21 44.97827
229.5959 320.6483 21 45.01163
225.0062 324.2598 21 45.045
221.2325 329.5318 21 45.07837
217.6782 334.7285 21 45.11173
211.7696 340.0292 21 45.1451
206.4442 345.4216 21 45.17847
199.9057 350.2073 21 45.21183
193.6549 355.1384 21 45.2452
187.3326 359.7048 21 45.27857
181.2984 363.948 21 45.31193
175.4766 367.8932 21 45.3453
169.7922 371.7926 21 45.37867
163.9123 375.5733 21 45.41203
157.9331 379.1266 21 45.4454
153.0622 382.2138 21 45.47877
148.1362 385.5508 21 45.51213
142.5032 388.6429 21 45.5455
137.1739 392.0269 21 45.57887
131.8397 395.6706 21 45.61223
126.4791 399.8482 21 45.6456
120.3244 403.7853 21 45.67897
115.1957 408.1797 21 45.71233
110.6987 411.9972 21 45.7457
105.9305 416.4794 21 45.77907
100.5269 421.7755 21 45.81243
95.39798 427.065 21 45.8458
90.99963 431.6699 21 45.87917
86.97425 436.2546 21 45.91253
83.07983 441.2946 21 45.9459
78.79225 446.7324 21 45.97927
74.65901 451.9086 21 46.01263
71.33 457.5489 21 46.046
67.36807 463.4248 21 46.07937
64.65624 469.1369 21 46.11273
63.58073 471.1592 21 46.1461
64.77174 472.2817 21 46.17947
65.81762 473.935 21 46.21283
69.03846 477.4627 21 46.2462
72.69489 483.1259 21 46.27957
76.78731 487.581 21 46.31293
82.61832 490.9518 21 46.3463
88.01546 496.0906 21 46.37967
92.33888 501.5996 21 46.41303
101.6062 508.0574 21 46.4464
105.1985 513.9642 21 46.47977
110.9497 519.0587 21 46.51313
114.739 524.5285 21 46.5465
118.5979 529.54 21 46.57987
121.2669 534.0538 21 46.61323
123.6777 540.3852 21 46.6466
127.36 546.4687 21 46.67997
130.2321 552.8228 21 46.71333
134.2393 558.15 21 46.7467
137.849 563.0989 21 46.78007
142.5061 568.2403 21 46.81343
146.618 572.0523 21 46.8468
151.3809 575.6771 21 46.88017
155.9122 579.896 21 46.91353
161.1064 584.6491 21 46.9469
165.5782 588.4851 21 46.98027
169.7925 592.4419 21 47.01363
174.8349 596.8426 21 47.047
178.9607 600.9531 21 47.08037
184.0923 605.7769 21 47.11373
188.0285 610.0765 21 47.1471
192.9801 615.1483 21 47.18047
197.4589 620.6057 21 47.21383
201.8385 624.6502 21 47.2472
206.6679 628.5448 21 47.28057
211.5402 633.0697 21 47.31393
215.034 637.0011 21 47.3473
219.8356 641.0518 21 47.38067
224.2056 645.2737 21 47.41403
227.2761 649.3808 21 47.4474
232.0777 653.6908 21 47.48077
235.3161 657.8238 21 47.51413
239.9855 661.8823 21 47.5475
244.1517 665.8381 21 47.58087
252.863 670.6972 21 47.61423
258.4278 674.9036 21 47.6476
263.8369 678.6606 21 47.68097
269.522 682.6799 21 47.71433
274.0289 686.2747 21 47.7477
279.7177 689.7349 21 47.78107
285.1396 693.2415 21 47.81443
290.5472 696.7729 21 47.8478
295.3194 700.1961 21 47.88117
300.9209 703.3765 21 47.91453
305.9297 707.7906 21 47.9479
312.221 710.8305 21 47.98127
318.4659 714.363 21 48.01463
324.0927 717.6216 21 48.048
330.1152 720.7052 21 48.08137
335.3711 723.997 21 48.11473
341.1871 727.1523 21 48.1481
346.1807 729.9794 21 48.18147
352.0041 732.5731 21 48.21483
358.0613 735.1023 21 48.2482
364.7974 737.393 21 48.28157
370.922 740.1613 21 48.31493
376.4015 742.6291 21 48.3483
384.0378 743.9661 21 48.38167
388.3507 747.1974 21 48.41503
395.701 747.5906 21 48.4484
401.255 750.0235 21 48.48177
407.4736 751.6852 21 48.51513
413.8824 752.7373 21 48.5485
419.7132 754.1542 21 48.58187
426.2745 754.3622 21 48.61523
432.1771 755.9072 21 48.6486
439.5204 755.938 21 48.68197
444.8155 756.8154 21 48.71533
451.359 757.2227 21 48.7487
456.9458 757.1736 21 48.78207
462.2658 757.2915 21 48.81543
467.1275 756.7033 21 48.8488
472.3373 756.1565 21 48.88217
477.01 754.8557 21 48.91553
480.2034 753.611 21 48.9489
484.1424 751.8768 21 48.98227
487.6996 748.9605 21 49.01563
491.8182 746.2291 21 49.049
496.5802 744.0852 21 49.08237
500.9306 740.5711 21 49.11573
505.8782 737.6856 21 49.1491
510.2545 734.4658 21 49.18247
512.9402 727.1092 21 49.21583
516.0098 721.2078 21 49.2492
519.7458 716.4223 21 49.28257
523.8881 711.3302 21 49.31593
527.4423 706.2562 21 49.3493
529.4932 699.9798 21 49.38267
531.4084 694.1555 21 49.41603
534.4182 688.8577 21 49.4494
536.8196 682.4094 21 49.48277
538.9597 675.5068 21 49.51613
541.1912 669.5549 21 49.5495
542.0836 664.8891 21 49.58287
544.9387 660.8506 21 49.61623
545.8412 653.7199 21 49.6496
545.9708 648.7023 21 49.68297
542.1552 647.6768 21 49.71633
539.4443 645.4026 21 49.7497
536.3278 642.0096 21 49.78307
533.6693 636.9485 21 49.81643
532.6706 633.9918 21 49.8498
532.9384 632.6409 21 49.88317
531.7618 630.8804 21 49.91653
530.6704 625.1992 21 49.9499
529.8113 620.4918 21 49.98327
530.7838 614.8538 21 50.01663
533.5613 610.3645 21 50.05
535.8635 606.0005 21 50.08337
539.7128 602.9681 21 50.11673
544.5641 600.8136 21 50.1501
549.7558 599.5429 21 50.18347
555.6265 596.8552 21 50.21683
560.7929 595.3353 21 50.2502
567.5934 593.2923 21 50.28357
573.864 591.2393 21 50.31693
580.9727 588.9014 21 50.3503
586.5412 587.6055 21 50.38367
592.8057 585.1589 21 50.41703
599.597 585.6835 21 50.4504
605.2565 587.1446 21 50.48377
611.4465 586.6892 21 50.51713
615.7466 585.5256 21 50.5505
622.1513 583.6479 21 50.58387
627.5074 581.8274 21 50.61723
633.9323 579.2753 21 50.6506
641.3362 576.5426 21 50.68397
647.7943 574.3744 21 50.71733
653.7526 572.1986 21 50.7507
659.9508 570.8811 21 50.78407
665.8237 568.8616 21 50.81743
671.2391 566.9894 21 50.8508
676.8355 564.7508 21 50.88417
681.4495 562.2935 21 50.91753
686.779 559.9117 21 50.9509
692.4709 556.9975 21 50.98427
698.1931 553.6657 21 51.01763
704.0342 551.1338 21 51.051
710.4558 548.078 21 51.08437
716.7479 544.2676 21 51.11773
722.8745 540.4652 21 51.1511
728.7045 537.7694 21 51.18447
734.3803 534.9318 21 51.21783
739.8539 532.0317 21 51.2512
744.4735 528.9823 21 51.28457
750.1329 526.2408 21 51.31793
755.569 523.0115 21 51.3513
760.0269 519.9123 21 51.38467
765.6462 516.6525 21 51.41803
770.4457 512.5635 21 51.4514
775.618 509.2181 21 51.48477
780.5159 504.6979 21 51.51813
785.1954 500.5699 21 51.5515
789.9776 496.4968 21 51.58487
794.2532 492.4547 21 51.61823
798.7944 488.4243 21 51.6516
804.1448 484.1603 21 51.68497
809.5395 479.9018 21 51.71833
815.0514 474.5919 21 51.7517
820.4346 470.4718 21 51.78507
825.3906 466.372 21 51.81843
830.0482 462.5475 21 51.8518
834.241 458.5388 21 51.88517
838.7012 455.0591 21 51.91853
843.7066 450.9071 21 51.9519
848.7153 447.2028 21 51.98527
853.8866 443.6569 21 52.01863
858.5438 440.0371 21 52.052
860.5106 438.6002 21 52.08537
863.5837 436.5968 21 52.11873
867.0506 433.7859 21 52.1521
871.9379 430.6997 21 52.18547
876.5493 428.8848 21 52.21883
879.2868 427.9897 21 52.2522
883.6779 427.4265 21 52.28557
889.0048 424.3986 21 52.31893
893.7871 420.5155 21 52.3523
898.6032 417.0627 21 52.38567
903.3784 412.8558 21 52.41903
907.4449 409.1513 21 52.4524
907.7426 405.0981 21 52.48577
906.1318 401.6761 21 52.51913
907.2546 397.4145 21 52.5525
905.4095 394.2218 21 52.58587
905.1027 390.3628 21 52.61923
903.577 385.6492 21 52.6526
904.2367 383.861 21 52.68597
902.219 379.2591 21 52.71933
900.104 375.1204 21 52.7527
899.5256 370.4505 21 52.78607
898.7899 366.9931 21 52.81943
897.0095 361.9292 21 52.8528
895.6115 358.2172 21 52.88617
894.3456 355.1423 21 52.91953
893.356 352.06 21 52.9529
892.2092 349.9212 21 52.98627
891.8373 347.9294 21 53.01963
890.7202 346.1593 21 53.053
890.7965 344.8308 21 53.08637
890.058 342.6307 21 53.11973
888.7445 340.8706 21 53.1531
886.9095 337.9587 21 53.18647
886.2236 334.9182 21 53.21983
884.5479 330.0083 21 53.2532
885.0246 326.0654 21 53.28657
882.9165 321.9371 21 53.31993
880.1666 317.4897 21 53.3533
877.2264 314.9372 21 53.38667
874.281 310.9633 21 53.42003
874.6041 306.5636 21 53.4534
871.6702 304.0688 21 53.48677
870.2722 302.2738 21 53.52013
870.9992 298.3091 21 53.5535
869.0815 295.8285 21 53.58687
866.2698 291.9905 21 53.62023
863.8725 288.3088 21 53.6536
861.9851 284.8652 21 53.68697
858.4546 279.419 21 53.72033
856.8574 275.3616 21 53.7537
853.0923 270.7443 21 53.78707
851.871 267.4355 21 53.82043
849.8361 263.239 21 53.8538
847.5284 259.4337 21 53.88717
844.8825 255.808 21 53.92053
841.7475 250.6021 21 53.9539
839.4463 247.775 21 53.98727
837.2074 244.8864 21 54.02063
834.9566 241.3944 21 54.054
833.1947 238.7347 21 54.08737
829.9279 235.5453 21 54.12073
828.1869 231.8849 21 54.1541
825.1227 228.239 21 54.18747
822.8757 224.8596 21 54.22083
818.0064 220.0362 21 54.2542
815.1948 214.7992 21 54.28757
812.0493 211.9378 21 54.32093
808.4756 208.3106 21 54.3543
804.596 204.2448 21 54.38767
801.3802 200.6185 21 54.42103
799.5904 198.0014 21 54.4544
795.985 194.8212 21 54.48777
793.5675 193.3616 21 54.52113
793.1072 192.168 21 54.5545
793.266 192.9003 21 54.58787
793.0836 192.9079 21 54.62123
794.1451 195.2892 21 54.6546
795.7279 196.201 21 54.68797
798.3207 197.6693 21 54.72133
800.7781 199.743 21 54.7547
802.7058 202.4383 21 54.78807
805.1081 204.9667 21 54.82143
807.687 207.4073 21 54.8548
808.6024 209.2201 21 54.88817
810.0119 210.0859 21 54.92153
810.8833 211.7723 21 54.9549
811.632 212.0309 21 54.98827
811.7803 210.3133 21 55.02163
811.1644 210.6692 21 55.055
809.301 207.8524 21 55.08837
806.5488 205.5393 21 55.12173
805.3643 201.4444 21 55.1551
801.3894 198.7541 21 55.18847
799.1925 195.1894 21 55.22183
795.5016 192.8963 21 55.2552
791.7535 188.9235 21 55.28857
788.3857 185.7058 21 55.32193
785.3405 181.7982 21 55.3553
778.9078 179.0721 21 55.38867
774.0752 174.7066 21 55.42203
772.2801 169.5932 21 55.4554
768.7954 167.6957 21 55.48877
766.1235 165.3336 21 55.52213
762.4094 162.6185 21 55.5555
759.1935 160.1158 21 55.58887
755.9775 157.2216 21 55.62223
753.3441 154.8892 21 55.6556
751.2495 154.0604 21 55.68897
749.9379 154.0596 21 55.72233
749.3818 152.3007 21 55.7557
748.9539 152.7133 21 55.78907
748.8787 151.2785 21 55.82243
750.0925 152.5263 21 55.8558
750.3522 153.4511 21 55.88917
752.2677 154.9302 21 55.92253
754.6709 157.8284 21 55.9559
758.2554 159.6493 21 55.98927
762.1557 163.5765 21 56.02263
764.1606 164.4817 21 56.056
763.853 165.8196 21 56.08937
763.3659 165.0493 21 56.12273
761.5477 162.5104 21 56.1561
759.8741 162.5754 21 56.18947
757.9381 158.9976 21 56.22283
756.8234 158.4949 21 56.2562
754.7224 155.8662 21 56.28957
752.4677 155.6245 21 56.32293
750.3968 152.8492 21 56.3563
749.39 154.3167 21 56.38967
749.7088 153.5794 21 56.42303
750.227 153.1148 21 56.4564
747.995 152.8917 21 56.48977
746.32 153.5569 21 56.52313
744.5058 153.3434 21 56.5565
742.5687 152.7975 21 56.58987
742.7174 153.3776 21 56.62323
742.9223 153.2522 21 56.6566
743.6321 152.7555 21 56.68997
744.5854 154.2942 21 56.72333
744.5854 154.2942 21 56.7567
746.4122 152.4878 21 56.79007
749.8671 151.4085 21 56.82343
749.8671 151.4085 21 56.8568
750.5503 154.7769 21 56.89017
756.5465 157.569 21 56.92353
756.5465 157.569 21 56.9569
761.0586 160.9139 21 56.99027
762.0071 164.6965 21 57.02363
762.0071 164.6965 21 57.057
768.2549 168.407 21 57.09037
773.478 170.4115 21 57.12373
773.478 170.4115 21 57.1571
778.3765 175.9228 21 57.19047
782.5542 180.2386 21 57.22383
782.5542 180.2386 21 57.2572
786.0317 185.6571 21 57.29057
790.0052 188.5749 21 57.32393
792.2845 192.9422 21 57.3573
796.0287 196.8559 21 57.39067
801.1615 200.9367 21 57.42403
804.4128 205.4957 21 57.4574
809.2649 209.1159 21 57.49077
811.7679 214.668 21 57.52413
816.0922 218.6709 21 57.5575
820.3328 223.1021 21 57.59087
822.9814 228.8362 21 57.62423
827.8582 233.3708 21 57.6576
832.5495 237.0389 21 57.69097
833.8469 242.7688 21 57.72433
837.0852 246.4925 21 57.7577
840.9088 251.0129 21 57.79107
845.3087 256.3444 21 57.82443
848.8699 260.8561 21 57.8578
851.1673 267.2051 21 57.89117
854.1278 271.242 21 57.92453
856.3827 277.5949 21 57.9579
860.1389 280.8943 21 57.99127
861.7476 285.6297 21 58.02463
864.0887 288.3654 21 58.058
866.3416 292.2559 21 58.09137
868.0424 294.9063 21 58.12473
869.1816 296.9261 21 58.1581
870.1508 300.7196 21 58.19147
870.7183 301.2253 21 58.22483
871.3628 300.7833 21 58.2582
870.1364 300.0849 21 58.29157
869.514 300.1852 21 58.32493
870.5838 301.1699 21 58.3583
871.2807 302.2128 21 58.39167
871.9389 303.7538 21 58.42503
872.7547 306.4998 21 58.4584
875.9083 308.9079 21 58.49177
877.2708 310.0929 21 58.52513
879.0603 311.8071 21 58.5585
876.8231 313.6996 21 58.59187
875.917 315.9488 21 58.62523
877.6962 317.2083 21 58.6586
880.3163 318.5726 21 58.69197
882.1065 319.8925 21 58.72533
882.6412 322.0126 21 58.7587
883.1178 323.5225 21 58.79207
883.6834 324.9513 21 58.82543
884.8233 326.4078 21 58.8588
883.3746 329.1482 21 58.89217
885.716 331.4344 21 58.92553
886.206 333.0429 21 58.9589
886.1786 334.5402 21 58.99227
889.0342 335.7539 21 59.02563
887.395 338.0181 21 59.059
888.8745 339.491 21 59.09237
891.1227 340.3008 21 59.12573
891.173 341.8564 21 59.1591
890.9075 342.755 21 59.19247
890.0953 343.5212 21 59.22583
891.0034 343.6077 21 59.2592
891.6605 344.5139 21 59.29257
892.7527 346.2316 21 59.32593
893.3273 348.5277 21 59.3593
894.1572 350.159 21 59.39267
895.1786 352.4457 21 59.42603
895.799 354.463 21 59.4594
896.2377 355.1481 21 59.49277
895.5682 355.4858 21 59.52613
896.2405 357.12 21 59.5595
897.4131 357.563 21 59.59287
896.3177 359.4506 21 59.62623
898.3145 362.2904 21 59.6596
899.3311 365.4386 21 59.69297
901.2584 366.874 21 59.72633
900.7501 368.9476 21 59.7597
900.7892 368.8973 21 59.79307
901.0101 369.0126 21 59.82643
901.3924 370.7221 21 59.8598
901.4183 372.5771 21 59.89317
903.0338 372.9052 21 59.92653
901.3416 375.8711 21 59.9599
902.7465 377.5403 21 59.99327
903.3535 378.3728 21 60.02663
903.5095 379.7816 21 60.06
903.9336 379.9948 21 60.09337
902.5993 378.6254 21 60.12673
901.5132 377.0374 21 60.1601
901.7059 374.6027 21 60.19347
901.9202 372.4386 21 60.22683
900.4399 370.978 21 60.2602
900.4501 367.8802 21 60.29357
899.866 365.7977 21 60.32693
898.9932 363.4408 21 60.3603
898.777 363.5222 21 60.39367
898.7046 362.1103 21 60.42703
897.4817 360.4183 21 60.4604
897.8528 358.7016 21 60.49377
896.7825 357.5551 21 60.52713
894.9523 354.7668 21 60.5605
896.1615 354.9673 21 60.59387
894.571 354.0875 21 60.62723
894.796 352.858 21 60.6606
894.2438 353.0821 21 60.69397
895.2923 353.6327 21 60.72733
895.2215 353.78 21 60.7607
895.5012 355.2704 21 60.79407
896.3319 355.2976 21 60.82743
895.7083 355.2807 21 60.8608
895.7978 356.7322 21 60.89417
896.151 357.72 21 60.92753
897.7505 360.4003 21 60.9609
898.663 361.9157 21 60.99427
897.9756 364.1046 21 61.02763
897.591 365.2871 21 61.061
900.1742 366.9263 21 61.09437
900.0541 369.2367 21 61.12773
902.2116 371.8598 21 61.1611
903.5598 374.7732 21 61.19447
903.5311 377.0237 21 61.22783
903.4327 379.2486 21 61.2612
904.0733 382.7178 21 61.29457
905.3589 386.2679 21 61.32793
907.5659 388.2555 21 61.3613
907.1466 391.3186 21 61.39467
907.1007 393.5795 21 61.42803
907.1805 397.0448 21 61.4614
907.2449 399.5672 21 61.49477
906.624 401.7263 21 61.52813
905.0282 405.92 21 61.5615
902.936 408.7023 21 61.59487
900.6711 411.2698 21 61.62823
898.0449 413.603 21 61.6616
895.6797 415.4498 21 61.69497
893.7998 417.138 21 61.72833
891.5363 417.6669 21 61.7617
887.7784 419.3958 21 61.79507
885.8564 422.0402 21 61.82843
885.2725 423.9272 21 61.8618
882.2941 425.4938 21 61.89517
875.2096 424.71 21 61.92853
868.9141 424.0322 21 61.9619
865.0444 423.4311 21 61.99527
863.6172 421.4421 21 62.02863
861.3894 419.8085 21 62.062
858.6601 418.2544 21 62.09537
855.6859 416.7846 21 62.12873
852.9322 413.0635 21 62.1621
850.1126 407.4144 21 62.19547
847.7309 402.3401 21 62.22883
844.9154 396.7018 21 62.2622
842.0135 390.7476 21 62.29557
839.2063 384.2494 21 62.32893
838.0113 383.9079 21 62.3623
837.6458 384.6478 21 62.39567
835.5327 384.2727 21 62.42903
833.8894 382.132 21 62.4624
832.2619 380.9871 21 62.49577
830.4268 378.9913 21 62.52913
827.7033 377.3992 21 62.5625
824.0888 375.0882 21 62.59587
820.5446 375.4668 21 62.62923
815.8209 373.9238 21 62.6626
810.8641 371.5694 21 62.69597
804.9304 369.776 21 62.72933
799.4603 369.3454 21 62.7627
793.2198 368.845 21 62.79607
786.8237 368.624 21 62.82943
780.5355 368.5094 21 62.8628
773.2767 369.0743 21 62.89617
766.4038 369.1257 21 62.92953
759.7601 369.7573 21 62.9629
753.2915 369.9309 21 62.99627
747.1624 370.1391 21 63.02963
741.1682 370.864 21 63.063
734.7644 371.2079 21 63.09637
728.9372 372.0525 21 63.12973
722.3094 372.4808 21 63.1631
716.3794 373.6483 21 63.19647
709.8787 374.6343 21 63.22983
703.2455 376.3336 21 63.2632
696.3707 377.5546 21 63.29657
690.1464 379.0528 21 63.32993
682.7962 380.3161 21 63.3633
676.264 381.8706 21 63.39667
670.0831 384.0185 21 63.43003
663.8602 385.0148 21 63.4634
658.1225 386.8146 21 63.49677
652.168 388.1942 21 63.53013
646.9667 390.4069 21 63.5635
641.6123 392.1138 21 63.59687
642.5575 394.8666 21 63.63023
639.9245 397.969 21 63.6636
638.8301 400.6969 21 63.69697
638.0378 403.3791 21 63.73033
635.6834 406.1774 21 63.7637
634.5979 407.8789 21 63.79707
634.5314 409.9319 21 63.83043
636.1083 412.3395 21 63.8638
637.4372 416.9092 21 63.89717
638.7113 417.3298 21 63.93053
638.4344 415.2354 21 63.9639
639.8038 415.6943 21 63.99727
640.4017 413.1251 21 64.03063
642.5132 411.7024 21 64.064
645.5901 412.1519 21 64.09737
645.9724 415.3479 21 64.13073
646.967 417.0922 21 64.1641
649.4515 416.4863 21 64.19747
652.7311 416.2022 21 64.23083
654.4666 416.3401 21 64.2642
657.8959 416.5933 21 64.29757
661.5627 417.813 21 64.33093
665.3368 420.8053 21 64.3643
668.7605 423.8778 21 64.39767
672.7295 426.4545 21 64.43103
677.4211 430.051 21 64.4644
681.5566 433.1516 21 64.49777
685.2121 438.7508 21 64.53113
688.7161 443.9604 21 64.5645
693.9455 445.3572 21 64.59787
698.7997 446.7496 21 64.63123
702.1804 447.6605 21 64.6646
704.8414 449.4632 21 64.69797
707.7092 450.4777 21 64.73133
710.7446 451.6387 21 64.7647
714.786 452.947 21 64.79807
718.7091 455.2273 21 64.83143
721.9377 456.2413 21 64.8648
725.6934 456.8073 21 64.89817
730.2281 459.1502 21 64.93153
734.5796 459.3069 21 64.9649
739.5093 460.5972 21 64.99827
743.8728 460.8101 21 65.03163
748.1573 461.979 21 65.065
751.9286 462.7273 21 65.09837
755.9967 463.3042 21 65.13173
761.6529 464.2775 21 65.1651
767.7831 464.795 21 65.19847
772.9979 465.0265 21 65.23183
778.2078 464.7261 21 65.2652
783.4983 463.7968 21 65.29857
788.2669 462.767 21 65.33193
793.938 461.9949 21 65.3653
799.6497 461.4455 21 65.39867
805.5637 459.9278 21 65.43203
810.7375 457.4921 21 65.4654
814.4439 454.9292 21 65.49877
818.5904 452.6817 21 65.53213
823.5678 450.6495 21 65.5655
829.3241 448.908 21 65.59887
834.8364 445.6982 21 65.63223
838.3159 441.8584 21 65.6656
842.6271 438.8273 21 65.69897
847.2811 435.6632 21 65.73233
851.4685 432.5065 21 65.7657
853.6357 429.683 21 65.79907
855.2479 426.2342 21 65.83243
854.0232 421.8294 21 65.8658
854.8683 417.696 21 65.89917
854.3428 412.9564 21 65.93253
855.1662 407.7764 21 65.9659
855.9678 401.6237 21 65.99927
852.6477 397.9228 21 66.03263
849.7353 394.4628 21 66.066
847.1815 389.7479 21 66.09937
845.8121 384.6061 21 66.13273
842.5498 380.1306 21 66.1661
837.1442 375.037 21 66.19947
833.1701 370.0085 21 66.23283
828.9385 364.9549 21 66.2662
824.7749 359.5951 21 66.29957
820.4497 354.3874 21 66.33293
816.4328 349.8288 21 66.3663
813.6281 346.4027 21 66.39967
810.1879 344.0965 21 66.43303
806.8278 340.058 21 66.4664
802.3779 335.7762 21 66.49977
797.7458 331.1882 21 66.53313
793.1064 325.6016 21 66.5665
789.012 321.1801 21 66.59987
784.6941 316.3027 21 66.63323
780.5584 311.3027 21 66.6666
776.92 306.7605 21 66.69997
772.6781 301.1785 21 66.73333
768.764 296.5459 21 66.7667
764.4898 291.0041 21 66.80007
760.508 286.7141 21 66.83343
756.5379 281.2282 21 66.8668
752.2653 276.2961 21 66.90017
747.7624 270.9674 21 66.93353
742.7793 264.7989 21 66.9669
738.8135 259.8846 21 67.00027
734.4656 254.8443 21 67.03363
730.3183 249.8676 21 67.067
726.0531 244.4321 21 67.10037
721.7162 239.0935 21 67.13373
716.5913 233.9732 21 67.1671
712.3559 228.8158 21 67.20047
708.2935 223.4621 21 67.23383
703.9876 218.7024 21 67.2672
699.971 214.4665 21 67.30057
695.9664 210.3842 21 67.33393
691.8973 206.3678 21 67.3673
687.5936 202.2238 21 67.40067
682.8935 197.5341 21 67.43403
677.8088 192.6175 21 67.4674
672.522 187.8009 21 67.50077
667.7749 183.1965 21 67.53413
662.4937 178.6341 21 67.5675
657.7435 174.4843 21 67.60087
652.4736 170.0075 21 67.63423
647.4457 166.4102 21 67.6676
641.6962 162.3527 21 67.70097
636.1492 158.2393 21 67.73433
631.0858 155.0045 21 67.7677
625.422 151.6895 21 67.80107
619.8773 148.4717 21 67.83443
613.9733 145.2207 21 67.8678
608.2255 141.9835 21 67.90117
602.0098 139.0512 21 67.93453
595.6743 135.4465 21 67.9679
589.5601 132.4405 21 68.00127
583.2811 129.1912 21 68.03463
577.1744 126.0178 21 68.068
571.2394 123.2753 21 68.10137
564.9902 120.052 21 68.13473
558.4021 117.7573 21 68.1681
551.905 115.2071 21 68.20147
545.5814 113.0194 21 68.23483
538.6954 110.8436 21 68.2682
532.0103 108.6496 21 68.30157
525.5198 106.4079 21 68.33493
518.8949 104.1542 21 68.3683
512.1616 102.5877 21 68.40167
505.3009 100.7559 21 68.43503
498.9333 98.72478 21 68.4684
492.2146 97.13292 21 68.50177
485.4116 95.77572 21 68.53513
478.2947 94.53825 21 68.5685
471.3334 93.24242 21 68.60187
464.0353 91.83183 21 68.63523
457.2665 90.82939 21 68.6686
450.1199 89.9476 21 68.70197
443.4634 86.05597 21 68.73533
436.5106 81.97524 21 68.7687
429.3699 78.88035 21 68.80207
423.0838 76.85108 21 68.83543
416.6429 75.00773 21 68.8688
410.3059 73.51353 21 68.90217
403.6755 72.20392 21 68.93553
397.0492 71.35786 21 68.9689
390.2874 70.02102 21 69.00227
383.5172 69.07581 21 69.03563
376.6785 67.84887 21 69.069
370.0238 66.88819 21 69.10237
363.9754 66.86227 21 69.13573
359.4699 69.94193 21 69.1691
353.7624 71.01572 21 69.20247
346.701 71.29585 21 69.23583
340.4479 74.51769 21 69.2692
333.8998 76.43469 21 69.30257
327.8223 78.59215 21 69.33593
322.4949 82.65246 21 69.3693
318.2272 82.20697 21 69.40267
315.6096 82.77618 21 69.43603
312.4639 83.37768 21 69.4694
309.1232 87.07419 21 69.50277
304.8323 88.66706 21 69.53613
298.7847 89.56278 21 69.5695
293.2543 90.75492 21 69.60287
288.6742 95.30687 21 69.63623
282.9067 98.9453 21 69.6696
276.7165 101.2939 21 69.70297
270.506 102.9842 21 69.73633
264.1744 105.123 21 69.7697
259.9281 108.8939 21 69.80307
254.1543 111.4294 21 69.83643
249.1677 114.1436 21 69.8698
243.7295 118.0509 21 69.90317
238.1762 122.062 21 69.93653
232.6277 125.9306 21 69.9699
229.0758 128.3246 21 70.00327
223.9645 130.1083 21 70.03663
219.6775 133.9074 21 70.07
214.6077 137.4412 21 70.10337
209.7195 140.9439 21 70.13673
204.4511 146.4538 21 70.1701
200.655 148.5302 21 70.20347
197.8483 151.0932 21 70.23683
198.178 152.456 21 70.2702
199.2453 153.0818 21 70.30357
201.7076 151.7529 21 70.33693
204.3098 147.8197 21 70.3703
206.663 145.2925 21 70.40367
212.9372 142.6127 21 70.43703
217.8758 137.2034 21 70.4704
223.3604 134.4121 21 70.50377
223.8657 132.9566 21 70.53713
223.5289 131.9558 21 70.5705
225.0346 132.4568 21 70.60387
226.0098 131.7933 21 70.63723
227.5388 129.7756 21 70.6706
230.7167 129.0655 21 70.70397
232.6782 127.0658 21 70.73733
237.6687 125.9834 21 70.7707
242.7972 122.6942 21 70.80407
247.953 118.1375 21 70.83743
247.435 118.0998 21 70.8708
252.364 116.1306 21 70.90417
256.4091 114.1139 21 70.93753
259.0053 110.8508 21 70.9709
264.0229 109.8812 21 71.00427
269.4084 105.9611 21 71.03763
276.2857 103.2153 21 71.071
282.5395 99.40347 21 71.10437
289.0312 96.62855 21 71.13773
294.8561 94.28987 21 71.1711
299.9374 91.39014 21 71.20447
298.573 93.18629 21 71.23783
297.1899 92.7904 21 71.2712
295.6875 93.48413 21 71.30457
295.4138 94.0327 21 71.33793
292.5486 94.3911 21 71.3713
291.4247 95.59491 21 71.40467
290.1362 94.88733 21 71.43803
291.7529 95.16392 21 71.4714
295.1008 95.85028 21 71.50477
294.1032 95.12969 21 71.53813
297.9614 93.98536 21 71.5715
297.9852 93.59685 21 71.60487
297.6629 92.17749 21 71.63823
299.9597 91.69093 21 71.6716
301.965 89.114 21 71.70497
301.8995 88.96891 21 71.73833
303.7623 88.67571 21 71.7717
305.7202 87.72115 21 71.80507
307.256 85.7153 21 71.83843
309.803 86.58237 21 71.8718
311.9849 87.69694 21 71.90517
315.3877 86.48474 21 71.93853
314.7093 85.57861 21 71.9719
321.4002 82.64515 21 72.00527
323.0578 81.45642 21 72.03863
327.0236 81.48264 21 72.072
329.8411 79.96046 21 72.10537
332.8671 76.82106 21 72.13873
336.3666 77.86091 21 72.1721
339.5575 77.21826 21 72.20547
342.5896 74.1917 21 72.23883
346.6944 76.01079 21 72.2722
349.7324 74.48605 21 72.30557
353.4918 71.1428 21 72.33893
358.963 72.9639 21 72.3723
363.7752 72.2641 21 72.40567
369.3715 70.71886 21 72.43903
374.7114 67.70655 21 72.4724
380.5386 65.67644 21 72.50577
386.8038 62.99773 21 72.53913
394.0339 63.46881 21 72.5725
400.4257 64.52118 21 72.60587
407.4226 64.09893 21 72.63923
409.0497 62.90518 21 72.6726
408.9212 61.29392 21 72.70597
410.7396 59.69747 21 72.73933
412.6491 61.67072 21 72.7727
416.1825 62.04973 21 72.80607
419.5603 62.5245 21 72.83943
421.4803 61.98353 21 72.8728
425.7237 60.60228 21 72.90617
430.1327 58.36624 21 72.93953
435.3202 58.06372 21 72.9729
440.5335 58.61778 21 73.00627
444.0202 57.8864 21 73.03963
448.5413 57.64073 21 73.073
454.2142 57.26964 21 73.10637
459.8741 57.4953 21 73.13973
462.8764 56.95305 21 73.1731
465.7564 56.74855 21 73.20647
469.7331 57.67773 21 73.23983
474.3314 57.30985 21 73.2732
478.8402 57.13189 21 73.30657
484.6394 56.72704 21 73.33993
485.9168 57.92816 21 73.3733
486.5383 56.68142 21 73.40667
491.139 55.96391 21 73.44003
493.3141 57.50076 21 73.4734
495.5466 56.0742 21 73.50677
498.909 56.26804 21 73.54013
498.1622 55.97346 21 73.5735
501.6222 56.4524 21 73.60687
502.6779 56.35659 21 73.64023
505.8556 56.27667 21 73.6736
508.3214 56.45856 21 73.70697
511.1369 56.33587 21 73.74033
513.5364 56.67223 21 73.7737
515.6566 57.04791 21 73.80707
519.6174 56.92265 21 73.84043
521.4651 57.74023 21 73.8738
522.5943 57.63456 21 73.90717
525.358 57.6865 21 73.94053
527.673 58.25075 21 73.9739
529.7462 57.65041 21 74.00727
531.969 58.08283 21 74.04063
534.3668 58.6402 21 74.074
536.4969 59.31423 21 74.10737
538.9027 59.56267 21 74.14073
542.0506 59.94381 21 74.1741
544.6274 61.52202 21 74.20747
547.0772 61.95652 21 74.24083
550.7483 63.12138 21 74.2742
553.2375 63.46397 21 74.30757
555.2909 64.34122 21 74.34093
556.8064 64.42924 21 74.3743
559.222 65.09565 21 74.40767
564.7538 65.80832 21 74.44103
567.3102 65.67749 21 74.4744
571.7125 68.28236 21 74.50777
575.4161 68.70023 21 74.54113
580.1729 69.59006 21 74.5745
583.2426 69.7534 21 74.60787
585.6545 70.24962 21 74.64123
587.9895 71.19824 21 74.6746
591.0254 71.93199 21 74.70797
595.1598 73.29016 21 74.74133
599.758 74.13926 21 74.7747
605.3747 75.17582 21 74.80807
612.037 74.73773 21 74.84143
616.1286 77.12139 21 74.8748
620.3296 77.8137 21 74.90817
622.7344 78.43047 21 74.94153
623.0585 79.7507 21 74.9749
624.0168 81.3325 21 75.00827
627.3432 82.45959 21 75.04163
630.4383 81.7978 21 75.075
631.531 81.93315 21 75.10837
631.4916 83.33132 21 75.14173
632.6735 83.54146 21 75.1751
632.1279 83.67967 21 75.20847
632.232 83.36526 21 75.24183
631.8477 83.73208 21 75.2752
633.7097 83.92421 21 75.30857
633.5389 84.69389 21 75.34193
634.549 83.70406 21 75.3753
632.3155 83.57994 21 75.40867
631.1743 83.36714 21 75.44203
629.8864 81.65345 21 75.4754
625.1779 79.69354 21 75.50877
619.1805 78.30623 21 75.54213
613.4718 76.17571 21 75.5755
607.5398 75.56194 21 75.60887
601.0439 74.24951 21 75.64223
594.8166 74.10921 21 75.6756
587.6816 73.49736 21 75.70897
580.3099 73.06036 21 75.74233
573.5173 72.58745 21 75.7757
567.0882 72.0297 21 75.80907
561.1682 71.78936 21 75.84243
554.8885 71.02619 21 75.8758
548.304 71.36767 21 75.90917
542.1288 71.06501 21 75.94253
536.3823 71.43206 21 75.9759
530.9583 72.14364 21 76.00927
527.8974 72.91429 21 76.04263
526.4786 75.61254 21 76.076
525.2782 77.86034 21 76.10937
524.2614 80.77486 21 76.14273
523.736 84.77853 21 76.1761
520.6048 88.17441 21 76.20947
518.2781 92.81574 21 76.24283
515.9847 96.25748 21 76.2762
513.5031 100.4285 21 76.30957
509.8073 104.2425 21 76.34293
507.611 111.1575 21 76.3763
501.4536 116.2599 21 76.40967
495.8901 119.1832 21 76.44303
490.0873 122.4745 21 76.4764
482.6412 124.6835 21 76.50977
477.3149 126.7902 21 76.54313
470.1457 128.8501 21 76.5765
464.4767 132.3044 21 76.60987
457.5205 135.231 21 76.64323
451.5584 138.6477 21 76.6766
445.3766 141.3748 21 76.70997
439.3571 145.3564 21 76.74333
432.8197 149.2225 21 76.7767
426.2789 153.1753 21 76.81007
420.4304 156.8805 21 76.84343
414.1109 160.6416 21 76.8768
408.9688 164.9824 21 76.91017
403.1423 168.8516 21 76.94353
398.1096 173.0372 21 76.9769
392.6767 177.7023 21 77.01027
387.0646 182.2185 21 77.04363
382.0743 187.5122 21 77.077
376.8569 192.1998 21 77.11037
372.1535 195.878 21 77.14373
368.1923 199.6862 21 77.1771
363.5829 203.727 21 77.21047
359.3271 207.4644 21 77.24383
354.9196 211.9512 21 77.2772
350.3291 216.5343 21 77.31057
345.7046 220.4802 21 77.34393
341.0156 224.9718 21 77.3773
333.7161 223.7235 21 77.41067
325.8425 223.8444 21 77.44403
319.472 226.0005 21 77.4774
313.0221 228.6836 21 77.51077
306.5358 231.4967 21 77.54413
300.7959 235.114 21 77.5775
293.9497 237.9224 21 77.61087
287.9275 241.3773 21 77.64423
280.7875 244.5875 21 77.6776
274.3964 247.8245 21 77.71097
268.113 250.9522 21 77.74433
261.2074 253.7117 21 77.7777
254.7717 257.2985 21 77.81107
247.9037 259.7408 21 77.84443
241.8469 262.5621 21 77.8778
235.2395 265.3741 21 77.91117
228.565 268.2218 21 77.94453
221.9492 271.2315 21 77.9779
214.2776 273.6668 21 78.01127
208.2316 276.445 21 78.04463
204.1882 278.5488 21 78.078
202.3663 280.9821 21 78.11137
198.5663 283.7211 21 78.14473
196.564 286.8458 21 78.1781
193.5813 290.1232 21 78.21147
189.9486 294.1603 21 78.24483
187.9559 298.7058 21 78.2782
186.1454 304.0044 21 78.31157
182.6478 310.5032 21 78.34493
179.4117 316.6645 21 78.3783
177.0048 322.3756 21 78.41167
174.1723 327.9668 21 78.44503
171.3497 333.6921 21 78.4784
169.2524 339.2978 21 78.51177
167.2261 344.5353 21 78.54513
165.2082 350.7839 21 78.5785
162.9232 357.6387 21 78.61187
159.9998 364.6078 21 78.64523
157.5346 371.4665 21 78.6786
154.2902 377.6592 21 78.71197
150.6226 384.1257 21 78.74533
147.2319 390.4588 21 78.7787
143.6503 396.4284 21 78.81207
140.1739 402.0165 21 78.84543
138.0664 407.8709 21 78.8788
137.3231 414.4356 21 78.91217
136.1317 422.7754 21 78.94553
135.4413 431.2671 21 78.9789
133.5874 438.6733 21 79.01227
131.681 446.7198 21 79.04563
128.4346 453.7039 21 79.079
124.9008 460.248 21 79.11237
120.6098 467.3409 21 79.14573
114.9516 473.5078 21 79.1791
110.5487 479.3223 21 79.21247
105.389 484.7139 21 79.24583
100.236 489.8697 21 79.2792
95.18452 494.7183 21 79.31257
89.79 499.0558 21 79.34593
85.04852 503.9183 21 79.3793
79.98356 508.4515 21 79.41267
75.14739 512.724 21 79.44603
70.76454 517.2962 21 79.4794
66.10077 521.9771 21 79.51277
61.62358 526.7524 21 79.54613
56.89226 531.5361 21 79.5795
52.52479 536.5188 21 79.61287
48.35031 541.6244 21 79.64623
44.50832 547.0262 21 79.6796
40.13742 552.1664 21 79.71297
36.87367 557.596 21 79.74633
38.47594 563.8131 21 79.7797
40.37834 570.0083 21 79.81307
40.56561 574.9833 21 79.84643
41.31352 579.9762 21 79.8798
41.78226 584.8014 21 79.91317
44.38595 591.7788 21 79.94653
46.07171 598.8104 21 79.9799
48.55085 605.592 21 80.01327
48.31558 610.5725 21 80.04663
49.97127 616.0697 21 80.08
51.35235 620.0965 21 80.11337
52.60026 623.8067 21 80.14673
53.26406 626.9907 21 80.1801
53.29968 630.1175 21 80.21347
53.67735 633.387 21 80.24683
54.07751 635.5704 21 80.2802
54.55604 636.8667 21 80.31357
55.61139 638.0481 21 80.34693
56.69635 638.9431 21 80.3803
57.73739 638.8578 21 80.41367
58.16183 638.984 21 80.44703
57.51278 636.1825 21 80.4804
58.79689 630.3538 21 80.51377
60.20279 623.7496 21 80.54713
61.35939 617.6713 21 80.5805
61.94252 610.4416 21 80.61387
62.9493 602.8507 21 80.64723
63.62612 595.4234 21 80.6806
63.61549 588.9075 21 80.71397
63.8486 581.8455 21 80.74733
63.97916 575.4051 21 80.7807
64.28471 568.1415 21 80.81407
64.61111 561.4475 21 80.84743
64.55392 554.5796 21 80.8808
64.21648 548.3669 21 80.91417
64.11193 542.3352 21 80.94753
64.6541 535.8839 21 80.9809
64.68899 529.4505 21 81.01427
64.61922 523.1188 21 81.04763
64.46524 515.9921 21 81.081
64.58542 509.2917 21 81.11437
64.7848 502.3479 21 81.14773
64.78748 496.3539 21 81.1811
64.67151 489.5577 21 81.21447
64.83334 483.3756 21 81.24783
64.57 477.2694 21 81.2812
63.94525 470.5139 21 81.31457
63.49328 463.5235 21 81.34793
63.27287 456.8547 21 81.3813
64.87202 450.2542 21 81.41467
61.35863 443.8317 21 81.44803
61.1246 436.9013 21 81.4814
