339.2291 737.5571 25 0
696.6907 187.0173 25 0.03336667
695.6858 193.1311 25 0.06673333
694.4558 199.5227 25 0.1001
693.5895 207.2699 25 0.1334667
692.2675 213.7933 25 0.1668333
691.4389 221.0412 25 0.2002
690.0697 228.594 25 0.2335667
688.8447 236.3246 25 0.2669333
687.4723 244.6075 25 0.3003
686.7484 252.7855 25 0.3336667
685.6761 260.4572 25 0.3670333
684.6881 267.7949 25 0.4004
684.0367 275.3187 25 0.4337667
682.8844 282.2217 25 0.4671333
681.5353 289.6963 25 0.5005
680.6965 297.0198 25 0.5338667
679.3978 304.2318 25 0.5672333
678.2092 310.591 25 0.6006
676.9015 317.2739 25 0.6339667
675.335 323.6943 25 0.6673333
673.7429 329.9385 25 0.7007
672.4144 336.5037 25 0.7340667
670.9524 343.1287 25 0.7674333
670.236 349.6767 25 0.8008
669.3786 356.0049 25 0.8341667
669.1623 363.0966 25 0.8675333
668.6328 370.0519 25 0.9009
668.3892 377.3345 25 0.9342667
668.1199 384.1353 25 0.9676333
668.281 391.7374 25 1.001
668.4436 397.9397 25 1.034367
665.2097 402.2202 25 1.067733
662.7308 406.6732 25 1.1011
658.1558 410.6817 25 1.134467
655.7118 416.4832 25 1.167833
649.6309 422.1957 25 1.2012
646.3251 429.2875 25 1.234567
643.72 437.533 25 1.267933
641.8059 445.6741 25 1.3013
639.9244 453.3497 25 1.334667
638.5358 461.088 25 1.368033
637.396 468.9612 25 1.4014
636.6633 476.6702 25 1.434767
635.6794 484.4033 25 1.468133
635.0149 491.8221 25 1.5015
634.0236 499.1299 25 1.534867
633.0248 506.9719 25 1.568233
631.5311 514.2653 25 1.6016
631.1982 521.2375 25 1.634967
630.6884 528.1385 25 1.668333
630.5539 535.6187 25 1.7017
630.4708 543.4405 25 1.735067
630.8143 551.5965 25 1.768433
631.4319 558.9726 25 1.8018
632.1837 566.3006 25 1.835167
633.2573 573.5654 25 1.868533
634.6714 581.0211 25 1.9019
636.6194 588.187 25 1.935267
638.85 595.3411 25 1.968633
641.4977 603.0807 25 2.002
646.4148 609.6385 25 2.035367
649.647 616.6143 25 2.068733
654.4257 622.5727 25 2.1021
659.1187 628.788 25 2.135467
664.3055 634.5116 25 2.168833
669.3976 638.9487 25 2.2022
674.426 644.201 25 2.235567
679.5768 649.0635 25 2.268933
684.9823 654.3595 25 2.3023
690.2906 659.0356 25 2.335667
695.6515 663.2203 25 2.369033
701.7459 667.2776 25 2.4024
708.1598 670.9597 25 2.435767
713.8503 674.3462 25 2.469133
718.8444 678.3136 25 2.5025
724.9183 682.0282 25 2.535867
731.1653 685.1606 25 2.569233
737.2915 687.9529 25 2.6026
742.4613 691.8568 25 2.635967
748.5311 695.0237 25 2.669333
754.4336 698.4132 25 2.7027
761.1035 701.3849 25 2.736067
767.7963 704.2941 25 2.769433
773.7993 706.8701 25 2.8028
781.3436 708.8432 25 2.836167
788.8835 711.3744 25 2.869533
796.657 713.7037 25 2.9029
804.0224 716.0001 25 2.936267
810.9798 717.8423 25 2.969633
818.7185 719.0622 25 3.003
825.4743 720.4515 25 3.036367
831.8755 722.1776 25 3.069733
838.7652 724.7003 25 3.1031
845.9533 726.3315 25 3.136467
852.2035 727.5492 25 3.169833
853.0137 725.8936 25 3.2032
854.9897 723.4463 25 3.236567
856.8563 721.1938 25 3.269933
859.0763 718.4021 25 3.3033
860.9348 714.813 25 3.336667
863.3076 710.5008 25 3.370033
865.1377 705.2167 25 3.4034
867.8891 700.4417 25 3.436767
868.8338 699.0591 25 3.470133
870.0125 697.9746 25 3.5035
868.4474 700.5826 25 3.536867
866.1177 700.19 25 3.570233
866.7705 699.8236 25 3.6036
869.3775 701.1861 25 3.636967
871.6389 700.3335 25 3.670333
871.3342 695.6627 25 3.7037
873.1513 688.5617 25 3.737067
876.1863 681.7986 25 3.770433
879.9864 674.7574 25 3.8038
884.8091 668.7675 25 3.837167
888.8497 663.1712 25 3.870533
891.117 657.8147 25 3.9039
891.2974 652.3089 25 3.937267
892.3975 646.5586 25 3.970633
895.2478 639.1808 25 4.004
898.2189 632.7134 25 4.037367
901.7817 626.0132 25 4.070733
903.9197 619.2196 25 4.1041
905.6895 612.9149 25 4.137467
907.7066 606.4646 25 4.170833
910.3422 599.5384 25 4.2042
911.0742 592.4407 25 4.237567
911.5008 584.9187 25 4.270933
912.2921 577.7822 25 4.3043
912.5216 570.8974 25 4.337667
912.733 563.6407 25 4.371033
913.3185 557.6644 25 4.4044
915.469 554.3551 25 4.437767
918.4219 549.9716 25 4.471133
919.0563 545.4723 25 4.5045
920.8296 542.9967 25 4.537867
918.7379 541.3266 25 4.571233
917.2923 537.7947 25 4.6046
913.932 533.3994 25 4.637967
914.1957 530.1633 25 4.671333
913.9432 526.5695 25 4.7047
912.6676 522.4504 25 4.738067
914.9307 518.2969 25 4.771433
915.0267 513.3753 25 4.8048
917.9271 509.1655 25 4.838167
919.3607 504.7173 25 4.871533
921.504 500.6221 25 4.9049
923.4767 495.5243 25 4.938267
923.6747 493.4916 25 4.971633
922.4049 492.4379 25 5.005
921.3223 490.0571 25 5.038367
920.8009 487.7276 25 5.071733
920.3433 483.5616 25 5.1051
918.8249 480.3953 25 5.138467
916.8967 479.092 25 5.171833
914.2651 478.3458 25 5.2052
907.7889 478.3953 25 5.238567
903.0264 478.0864 25 5.271933
898.9121 480.184 25 5.3053
895.6661 482.7265 25 5.338667
889.9071 485.7318 25 5.372033
885.4192 490.1697 25 5.4054
880.6993 494.5102 25 5.438767
875.0904 497.8641 25 5.472133
869.6139 502.6911 25 5.5055
863.6129 508.1143 25 5.538867
859.8752 516.4641 25 5.572233
854.9092 522.2723 25 5.6056
850.0258 528.3534 25 5.638967
845.1212 535.3345 25 5.672333
842.5322 542.6193 25 5.7057
840.5702 549.6897 25 5.739067
838.4633 557.4522 25 5.772433
836.8179 565.0822 25 5.8058
835.378 572.6785 25 5.839167
833.8194 580.167 25 5.872533
832.2417 587.0679 25 5.9059
830.5134 594.1432 25 5.939267
828.4019 601.0452 25 5.972633
827.6409 607.8954 25 6.006
825.8945 614.538 25 6.039367
824.4198 620.9742 25 6.072733
823.1247 628.2076 25 6.1061
821.9578 635.5503 25 6.139467
820.6912 643.1777 25 6.172833
820.2986 650.5256 25 6.2062
819.7976 658.6656 25 6.239567
819.0913 665.5436 25 6.272933
818.499 671.3355 25 6.3063
816.5357 673.8864 25 6.339667
816.7659 677.0956 25 6.373033
812.3385 676.9803 25 6.4064
810.1462 682.6024 25 6.439767
807.7335 689.5477 25 6.473133
804.6334 693.6505 25 6.5065
803.0188 697.6521 25 6.539867
800.7165 703.6026 25 6.573233
801.1059 710.2066 25 6.6066
801.7965 717.9114 25 6.639967
805.1527 724.4193 25 6.673333
809.7414 731.0503 25 6.7067
815.0302 736.3508 25 6.740067
821.001 741.2012 25 6.773433
827.2763 745.5675 25 6.8068
833.3121 749.7498 25 6.840167
834.7572 751.5208 25 6.873533
834.1234 751.3157 25 6.9069
833.1677 753.104 25 6.940267
832.7716 754.1066 25 6.973633
831.1585 755.4024 25 7.007
829.7862 757.3428 25 7.040367
829.4237 759.5112 25 7.073733
827.6745 762.5019 25 7.1071
825.7462 765.4385 25 7.140467
823.3526 768.1585 25 7.173833
821.6557 770.9911 25 7.2072
820.2136 772.8905 25 7.240567
818.4117 776.1307 25 7.273933
816.5925 777.5247 25 7.3073
817.3685 776.3425 25 7.340667
819.5054 773.5965 25 7.374033
821.7735 771.45 25 7.4074
823.3998 767.2195 25 7.440767
825.4473 765.2578 25 7.474133
828.6234 761.3196 25 7.5075
830.7578 757.9973 25 7.540867
832.0423 757.2322 25 7.574233
833.6167 756.3658 25 7.6076
835.5631 754.5705 25 7.640967
834.8134 752.3268 25 7.674333
835.4892 753.1218 25 7.7077
834.8891 753.1278 25 7.741067
834.9187 757.1306 25 7.774433
832.7581 759.245 25 7.8078
829.2713 761.2763 25 7.841167
825.0579 762.7143 25 7.874533
820.9646 765.6816 25 7.9079
816.0497 766.5577 25 7.941267
811.4371 767.665 25 7.974633
807.2296 768.3894 25 8.008
801.451 767.9548 25 8.041367
794.5017 768.8002 25 8.074733
787.8348 770.3103 25 8.1081
781.1702 770.579 25 8.141467
774.6261 769.9971 25 8.174833
767.264 770.6497 25 8.2082
759.6093 770.2995 25 8.241567
752.0351 770.4715 25 8.274933
744.8362 770.5373 25 8.3083
737.674 770.1261 25 8.341667
730.3604 770.2229 25 8.375033
722.7988 771.1593 25 8.4084
715.6265 770.8227 25 8.441767
708.4157 771.034 25 8.475133
700.931 770.8147 25 8.5085
693.773 770.7623 25 8.541867
686.0015 770.8185 25 8.575233
678.3244 770.9733 25 8.6086
670.5022 771.9709 25 8.641967
662.6373 772.3525 25 8.675333
654.3353 768.9003 25 8.7087
645.5187 765.9003 25 8.742067
636.8785 764.709 25 8.775433
628.125 764.3907 25 8.8088
619.5249 765.2256 25 8.842167
611.7565 766.8919 25 8.875533
603.5256 768.4797 25 8.9089
596.1788 770.6519 25 8.942267
589.1899 773.5645 25 8.975633
581.91 777.0658 25 9.009
574.6772 780.5546 25 9.042367
568.3314 784.5572 25 9.075733
564.1236 788.1176 25 9.1091
564.711 792.3367 25 9.142467
561.9694 795.3597 25 9.175833
558.7497 799.115 25 9.2092
558.474 804.4275 25 9.242567
554.982 808.9579 25 9.275933
549.5986 813.7756 25 9.3093
544.1995 818.2109 25 9.342667
537.558 822.4005 25 9.376033
529.1365 824.3369 25 9.4094
521.5458 824.9788 25 9.442767
513.7945 825.4339 25 9.476133
506.2234 824.6947 25 9.5095
498.6476 822.8586 25 9.542867
491.2483 821.5535 25 9.576233
483.8977 820.1607 25 9.6096
476.2048 818.2993 25 9.642967
468.4783 816.7123 25 9.676333
461.4492 815.5079 25 9.7097
454.1575 815.1432 25 9.743067
446.4995 814.8006 25 9.776433
438.912 814.0595 25 9.8098
431.1523 813.8623 25 9.843167
423.8436 813.1474 25 9.876533
416.3894 812.9841 25 9.9099
408.9263 812.808 25 9.943267
401.0967 812.894 25 9.976633
393.5572 812.3911 25 10.01
385.5753 812.9034 25 10.04337
377.5877 812.9713 25 10.07673
369.9653 812.8246 25 10.1101
361.9379 813.6766 25 10.14347
354.62 812.8826 25 10.17683
347.4222 812.8621 25 10.2102
339.3067 813.4767 25 10.24357
331.7964 813.1099 25 10.27693
323.8414 814.0107 25 10.3103
316.6855 815.1369 25 10.34367
308.8438 816.8836 25 10.37703
301.3889 817.5599 25 10.4104
293.5958 818.355 25 10.44377
285.8327 819.1801 25 10.47713
278.81 819.675 25 10.5105
271.7389 820.6092 25 10.54387
264.2516 821.1747 25 10.57723
257.1173 822.062 25 10.6106
253.6851 822.2747 25 10.64397
253.8577 820.7802 25 10.67733
252.2751 819.8412 25 10.7107
253.4839 817.64 25 10.74407
252.6183 815.1122 25 10.77743
251.9831 811.1574 25 10.8108
250.7524 806.8604 25 10.84417
248.5463 801.4525 25 10.87753
244.6404 797.6423 25 10.9109
239.2776 794.6961 25 10.94427
233.9422 791.3558 25 10.97763
228.1262 789.9969 25 11.011
221.0432 790.2958 25 11.04437
214.75 792.4653 25 11.07773
207.9811 795.751 25 11.1111
201.3132 798.804 25 11.14447
195.1092 802.9859 25 11.17783
188.9452 806.7886 25 11.2112
182.855 811.0395 25 11.24457
176.0932 815.3215 25 11.27793
175.9909 813.0952 25 11.3113
174.8063 811.3424 25 11.34467
171.6621 811.6036 25 11.37803
169.0946 808.7551 25 11.4114
165.8581 806.2282 25 11.44477
162.9741 803.0457 25 11.47813
159.4598 799.7019 25 11.5115
154.9098 797.3045 25 11.54487
151.2025 793.9083 25 11.57823
149.375 789.6354 25 11.6116
145.9484 787.1828 25 11.64497
144.2809 786.0819 25 11.67833
142.0198 786.1321 25 11.7117
142.711 785.0114 25 11.74507
143.7906 785.2529 25 11.77843
146.6585 789.2751 25 11.8118
149.9603 792.5205 25 11.84517
153.8898 796.5804 25 11.87853
158.8004 799.5859 25 11.9119
162.4403 802.7201 25 11.94527
164.4789 807.5348 25 11.97863
168.0144 811.0465 25 12.012
172.376 813.5775 25 12.04537
176.1243 817.7396 25 12.07873
179.8704 820.7852 25 12.1121
183.9471 823.1444 25 12.14547
187.318 827.2884 25 12.17883
188.9296 831.24 25 12.2122
189.5959 829.4119 25 12.24557
189.7041 828.6288 25 12.27893
189.2398 826.4643 25 12.3123
189.2498 825.5827 25 12.34567
188.5276 823.7637 25 12.37903
187.2556 820.4429 25 12.4124
188.8043 816.0412 25 12.44577
192.311 810.2634 25 12.47913
193.9594 805.7064 25 12.5125
194.6304 800.5499 25 12.54587
195.351 796.742 25 12.57923
196.0568 793.3355 25 12.6126
197.2073 789.6279 25 12.64597
197.9894 785.0495 25 12.67933
198.6304 780.1029 25 12.7127
200.1177 774.2992 25 12.74607
201.8717 769.8789 25 12.77943
204.656 767.1711 25 12.8128
209.1837 766.7572 25 12.84617
214.5628 766.4335 25 12.87953
221.5648 764.7095 25 12.9129
228.277 763.2701 25 12.94627
235.8281 760.4426 25 12.97963
242.004 757.0454 25 13.013
248.3288 753.3421 25 13.04637
255.3589 749.8169 25 13.07973
263.1453 748.307 25 13.1131
271.0129 749.5803 25 13.14647
279.1626 749.052 25 13.17983
285.8875 747.1701 25 13.2132
292.9728 745.2902 25 13.24657
299.411 742.9609 25 13.27993
306.4463 742.3509 25 13.3133
312.6009 741.3852 25 13.34667
320.3519 740.5398 25 13.38003
327.7085 739.0872 25 13.4134
334.6729 737.3296 25 13.44677
341.6451 734.7522 25 13.48013
348.8218 732.629 25 13.5135
356.5777 733.4873 25 13.54687
365.7862 736.7038 25 13.58023
374.0215 737.9838 25 13.6136
382.1338 738.0958 25 13.64697
389.4279 737.8286 25 13.68033
397.2836 736.9766 25 13.7137
404.2888 736.3536 25 13.74707
410.7436 735.7187 25 13.78043
417.6743 735.0108 25 13.8138
425.0776 734.4899 25 13.84717
432.1852 733.7827 25 13.88053
438.8828 733.4109 25 13.9139
445.2857 733.1043 25 13.94727
451.9729 733.147 25 13.98063
458.4125 731.5503 25 14.014
466.4405 730.1049 25 14.04737
475.3953 728.7885 25 14.08073
483.9952 727.3004 25 14.1141
492.2695 725.6032 25 14.14747
499.6797 723.7849 25 14.18083
506.3751 721.3021 25 14.2142
513.5699 719.1057 25 14.24757
521.2151 716.6146 25 14.28093
528.3288 713.7441 25 14.3143
535.0439 711.3007 25 14.34767
542.0059 708.705 25 14.38103
549.5331 709.4931 25 14.4144
557.4585 711.9835 25 14.44777
566.112 713.7407 25 14.48113
573.6431 712.609 25 14.5145
581.2394 711.4454 25 14.54787
589.3133 713.0084 25 14.58123
597.1114 713.0539 25 14.6146
605.022 712.9652 25 14.64797
613.2098 713.0319 25 14.68133
621.147 713.6338 25 14.7147
627.9011 712.49 25 14.74807
634.8546 710.9147 25 14.78143
642.6147 711.3141 25 14.8148
651.0286 711.6149 25 14.84817
659.0167 711.4293 25 14.88153
665.7986 710.4689 25 14.9149
673.0751 708.9208 25 14.94827
679.2516 706.6251 25 14.98163
686.4549 705.1904 25 15.015
693.508 704.9607 25 15.04837
694.2567 706.8915 25 15.08173
698.1367 709.7838 25 15.1151
702.5672 709.7846 25 15.14847
705.4172 713.0125 25 15.18183
710.3874 714.8647 25 15.2152
715.2573 719.0214 25 15.24857
721.6048 722.5831 25 15.28193
725.6655 726.6834 25 15.3153
730.0745 730.3458 25 15.34867
734.801 734.2987 25 15.38203
739.5727 738.3849 25 15.4154
745.4301 741.9227 25 15.44877
751.6129 746.151 25 15.48213
757.9447 750.6477 25 15.5155
764.0487 753.8565 25 15.54887
769.6913 754.3621 25 15.58223
775.4468 750.1217 25 15.6156
781.6267 743.332 25 15.64897
784.9018 739.1114 25 15.68233
785.551 736.4155 25 15.7157
788.372 733.1663 25 15.74907
791.8756 732.0756 25 15.78243
795.5335 728.1142 25 15.8158
797.7065 723.0606 25 15.84917
798.0658 722.205 25 15.88253
799.8385 722.4176 25 15.9159
801.2804 719.8787 25 15.94927
800.3888 715.4865 25 15.98263
799.5455 712.3204 25 16.016
798.961 711.4152 25 16.04937
799.2142 710.0453 25 16.08273
799.0611 709.8921 25 16.1161
802.8861 709.8503 25 16.14947
802.9642 708.6061 25 16.18283
806.1766 706.3969 25 16.2162
802.5856 703.4703 25 16.24957
799.4665 697.3875 25 16.28293
798.0179 690.1749 25 16.3163
799.4547 682.9239 25 16.34967
802.039 676.569 25 16.38303
802.351 668.6638 25 16.4164
804.95 662.3271 25 16.44977
806.5075 656.3675 25 16.48313
807.7231 650.064 25 16.5165
809.557 643.932 25 16.54987
811.0798 637.7336 25 16.58323
811.8513 631.0987 25 16.6166
812.9848 624.4036 25 16.64997
812.8043 617.9265 25 16.68333
810.3023 615.6757 25 16.7167
807.519 613.4174 25 16.75007
804.2401 613.7621 25 16.78343
804.0994 612.4184 25 16.8168
803.0914 612.6597 25 16.85017
802.804 610.9838 25 16.88353
799.6391 609.7614 25 16.9169
797.2939 610.2498 25 16.95027
791.9328 610.7152 25 16.98363
787.0873 612.3286 25 17.017
781.4279 612.676 25 17.05037
775.7553 614.897 25 17.08373
770.7053 615.8526 25 17.1171
765.3107 615.9861 25 17.15047
758.8668 616.5223 25 17.18383
751.5658 617.7374 25 17.2172
744.7635 619.6304 25 17.25057
738.2879 621.2632 25 17.28393
732.1196 623.5763 25 17.3173
725.7989 625.2642 25 17.35067
719.348 627.9538 25 17.38403
715.1851 627.8864 25 17.4174
712.7557 624.9185 25 17.45077
709.6406 621.5942 25 17.48413
706.4094 617.3935 25 17.5175
702.4178 614.1403 25 17.55087
697.0207 610.2697 25 17.58423
690.8864 607.9687 25 17.6176
685.9486 604.041 25 17.65097
679.4924 601.9607 25 17.68433
672.1811 596.7555 25 17.7177
664.7978 592.3055 25 17.75107
657.7981 586.5245 25 17.78443
649.9081 582.3886 25 17.8178
641.8817 579.4893 25 17.85117
635.6369 575.454 25 17.88453
629.3315 571.7588 25 17.9179
622.5513 569.2981 25 17.95127
615.9005 567.1152 25 17.98463
608.7818 564.3573 25 18.018
602.2433 561.1165 25 18.05137
596.101 559.2445 25 18.08473
588.3107 556.674 25 18.1181
581.5853 553.712 25 18.15147
573.9963 550.7501 25 18.18483
567.3982 547.6491 25 18.2182
559.9307 544.9189 25 18.25157
552.9441 541.7036 25 18.28493
545.8407 537.8316 25 18.3183
539.3461 534.2961 25 18.35167
532.4463 530.7875 25 18.38503
526.0963 527.8441 25 18.4184
520.5609 524.3283 25 18.45177
514.6945 521.7409 25 18.48513
508.9386 518.4416 25 18.5185
502.6481 515.7326 25 18.55187
496.4594 513.079 25 18.58523
489.8284 510.2712 25 18.6186
483.7002 508.5143 25 18.65197
476.8589 507.1938 25 18.68533
470.4797 506.151 25 18.7187
463.8162 505.8465 25 18.75207
456.5557 505.7294 25 18.78543
449.2529 506.2679 25 18.8188
441.2766 507.3015 25 18.85217
433.8063 508.2451 25 18.88553
426.2176 509.9353 25 18.9189
418.9931 511.8393 25 18.95227
412.2029 513.9645 25 18.98563
405.113 515.8877 25 19.019
397.9655 517.9376 25 19.05237
391.2584 520.5217 25 19.08573
385.6491 523.0032 25 19.1191
379.7567 525.3212 25 19.15247
374.7501 527.8076 25 19.18583
369.5432 530.4305 25 19.2192
363.923 534.3662 25 19.25257
357.5447 538.9539 25 19.28593
351.527 543.0513 25 19.3193
345.9337 546.8586 25 19.35267
339.9199 552.14 25 19.38603
334.0105 556.3149 25 19.4194
328.1995 560.972 25 19.45277
322.4943 565.2074 25 19.48613
317.8756 569.5124 25 19.5195
312.8703 573.4751 25 19.55287
308.2145 578.4643 25 19.58623
303.3151 583.8573 25 19.6196
298.2526 588.5917 25 19.65297
293.5869 593.4671 25 19.68633
289.1853 599.4849 25 19.7197
284.6623 604.2974 25 19.75307
280.1981 609.7436 25 19.78643
275.842 615.5699 25 19.8198
271.0101 619.9497 25 19.85317
266.8735 622.8701 25 19.88653
262.1498 627.5163 25 19.9199
258.2367 632.6595 25 19.95327
255.0599 638.9402 25 19.98663
251.752 645.6378 25 20.02
248.6469 652.8859 25 20.05337
245.8255 659.8537 25 20.08673
243.8509 666.8733 25 20.1201
241.6682 674.1059 25 20.15347
239.6256 681.5034 25 20.18683
237.9616 688.0257 25 20.2202
237.1547 695.3108 25 20.25357
235.8373 702.2471 25 20.28693
235.4592 709.9694 25 20.3203
235.7738 718.0028 25 20.35367
236.0161 725.5877 25 20.38703
236.3986 733.3902 25 20.4204
237.1589 741.1831 25 20.45377
237.5609 748.6924 25 20.48713
238.5445 755.8236 25 20.5205
239.2879 763.1232 25 20.55387
239.5789 769.9328 25 20.58723
240.5713 777.6537 25 20.6206
241.2996 785.2008 25 20.65397
241.8727 792.9397 25 20.68733
242.8944 800.643 25 20.7207
246.6462 805.443 25 20.75407
248.677 809.5711 25 20.78743
250.0765 814.6664 25 20.8208
251.1886 821.2739 25 20.85417
251.4407 828.7033 25 20.88753
251.387 835.3875 25 20.9209
252.7287 843.0519 25 20.95427
253.3404 851.2213 25 20.98763
254.1909 859.1106 25 21.021
254.2595 866.9641 25 21.05437
255.0105 873.6436 25 21.08773
258.2716 875.6216 25 21.1211
261.717 877.3219 25 21.15447
267.0063 880.622 25 21.18783
272.2941 881.884 25 21.2212
274.2756 884.4485 25 21.25457
273.9769 887.5132 25 21.28793
276.1872 887.9767 25 21.3213
278.783 889.7682 25 21.35467
280.9816 890.9924 25 21.38803
285.2163 892.2769 25 21.4214
289.4978 893.817 25 21.45477
293.5532 894.407 25 21.48813
296.2717 896.4165 25 21.5215
299.3711 897.9656 25 21.55487
302.2971 898.6757 25 21.58823
299.3089 897.6421 25 21.6216
297.5919 897.5791 25 21.65497
295.6117 895.9571 25 21.68833
294.3194 895.9668 25 21.7217
294.2553 896.0264 25 21.75507
292.9561 895.9168 25 21.78843
293.4308 895.2412 25 21.8218
293.6238 895.8009 25 21.85517
294.46 895.978 25 21.88853
295.351 897.3692 25 21.9219
298.852 897.6121 25 21.95527
301.5642 898.8734 25 21.98863
305.1693 900.1004 25 22.022
308.7497 901.63 25 22.05537
311.9851 902.9481 25 22.08873
314.9485 903.2519 25 22.1221
316.8496 904.9858 25 22.15547
320.0581 906.0719 25 22.18883
320.2131 905.5842 25 22.2222
320.6381 905.4984 25 22.25557
320.133 904.7908 25 22.28893
320.0046 905.4241 25 22.3223
320.4547 906.0056 25 22.35567
319.8318 906.1201 25 22.38903
319.0543 906.2323 25 22.4224
317.6422 905.0461 25 22.45577
314.3663 904.2459 25 22.48913
309.6331 904.0157 25 22.5225
304.7403 903.1515 25 22.55587
303.3639 901.4905 25 22.58923
302.2212 898.8176 25 22.6226
299.3881 898.6419 25 22.65597
295.4489 898.9491 25 22.68933
294.217 899.1758 25 22.7227
291.5469 897.2942 25 22.75607
291.3518 896.9781 25 22.78943
291.1764 893.8978 25 22.8228
289.81 891.666 25 22.85617
292.1146 887.9042 25 22.88953
293.7545 883.0002 25 22.9229
296.1182 875.8006 25 22.95627
300.1114 869.4351 25 22.98963
304.508 863.8866 25 23.023
307.4465 856.8819 25 23.05637
312.5162 849.3446 25 23.08973
316.9788 842.0152 25 23.1231
319.389 834.9317 25 23.15647
322.8113 828.1026 25 23.18983
326.3236 821.3868 25 23.2232
329.7768 814.36 25 23.25657
331.4777 807.4958 25 23.28993
338.3506 793.7437 25 23.3233
338.3506 793.7437 25 23.35667
341.2402 786.4876 25 23.39003
346.588 772.4349 25 23.4234
346.588 772.4349 25 23.45677
348.9427 765.8118 25 23.49013
353.4172 752.7156 25 23.5235
353.4172 752.7156 25 23.55687
355.8481 745.3349 25 23.59023
360.3215 730.1912 25 23.6236
360.3215 730.1912 25 23.65697
363.4153 715.8334 25 23.69033
364.9441 708.8089 25 23.7237
364.9441 708.8089 25 23.75707
366.9375 693.6632 25 23.79043
367.1349 686.6936 25 23.8238
367.1349 686.6936 25 23.85717
368.8331 671.7492 25 23.89053
368.791 664.8516 25 23.9239
368.8543 657.7149 25 23.95727
368.4949 651.0209 25 23.99063
368.3883 644.0408 25 24.024
368.1801 636.8263 25 24.05737
366.8791 629.9377 25 24.09073
367.2278 623.5162 25 24.1241
365.8575 616.9837 25 24.15747
364.8476 608.5336 25 24.19083
363.5438 600.6391 25 24.2242
361.7569 592.4889 25 24.25757
360.2457 584.4337 25 24.29093
357.4519 579.6672 25 24.3243
354.1379 578.3944 25 24.35767
351.3691 575.8263 25 24.39103
348.7249 575.9285 25 24.4244
347.512 574.3684 25 24.45777
343.812 571.0884 25 24.49113
342.854 566.5373 25 24.5245
343.6457 560.0466 25 24.55787
343.1551 553.312 25 24.59123
342.1749 545.594 25 24.6246
340.8785 539.013 25 24.65797
340.1265 531.7768 25 24.69133
339.0268 525.0694 25 24.7247
337.9483 518.0377 25 24.75807
336.6939 511.0942 25 24.79143
335.4061 504.2409 25 24.8248
333.2765 497.3247 25 24.85817
331.151 490.6546 25 24.89153
329.4419 483.6546 25 24.9249
327.0879 477.9249 25 24.95827
321.1288 478.9501 25 24.99163
314.8678 479.9915 25 25.025
308.5222 480.1672 25 25.05837
301.1102 479.9705 25 25.09173
292.3388 480.6648 25 25.1251
285.8604 478.1295 25 25.15847
277.6395 475.3884 25 25.19183
269.74 470.0205 25 25.2252
264.1339 463.9584 25 25.25857
256.1198 457.5347 25 25.29193
252.015 452.1446 25 25.3253
248.5788 447.641 25 25.35867
243.7056 442.2858 25 25.39203
238.8809 436.6971 25 25.4254
233.4053 430.1361 25 25.45877
229.6669 422.9033 25 25.49213
225.9536 416.3654 25 25.5255
222.2426 409.9723 25 25.55887
218.6272 404.2202 25 25.59223
215.0407 397.3708 25 25.6256
210.7248 391.2842 25 25.65897
206.8637 385.7575 25 25.69233
201.1491 380.4969 25 25.7257
196.3577 374.7052 25 25.75907
191.0617 369.438 25 25.79243
185.3426 364.7766 25 25.8258
181.2054 360.8325 25 25.85917
175.3442 356.8705 25 25.89253
170.4716 353.3724 25 25.9259
163.6179 350.5127 25 25.95927
158.0486 347.2945 25 25.99263
150.136 344.9596 25 26.026
143.0843 341.7479 25 26.05937
134.4889 339.0861 25 26.09273
125.8529 336.5726 25 26.1261
117.8569 336.4117 25 26.15947
109.6919 335.5683 25 26.19283
102.3586 334.9081 25 26.2262
97.22526 333.2879 25 26.25957
90.70347 333.7876 25 26.29293
83.30412 333.7909 25 26.3263
75.94202 335.6446 25 26.35967
68.76349 338.0831 25 26.39303
61.13344 341.1074 25 26.4264
58.07385 345.3194 25 26.45977
58.40796 351.011 25 26.49313
57.28979 356.2756 25 26.5265
54.26809 362.2674 25 26.55987
50.4099 367.6263 25 26.59323
46.82394 372.8967 25 26.6266
48.68446 376.6597 25 26.65997
49.11226 381.9024 25 26.69333
48.87492 387.885 25 26.7267
45.52704 392.8368 25 26.76007
44.12625 397.7138 25 26.79343
42.12886 401.1611 25 26.8268
42.42057 403.4935 25 26.86017
43.38488 406.5153 25 26.89353
45.52989 411.1447 25 26.9269
47.56706 414.7388 25 26.96027
50.02393 420.007 25 26.99363
52.85226 425.4947 25 27.027
55.81549 430.2276 25 27.06037
61.1406 435.5633 25 27.09373
67.15459 441.177 25 27.1271
74.91377 446.0025 25 27.16047
82.05022 449.1213 25 27.19383
89.19036 450.6819 25 27.2272
96.00785 450.3771 25 27.26057
103.8839 450.4115 25 27.29393
110.8154 449.3682 25 27.3273
117.5736 447.3655 25 27.36067
125.0411 444.7379 25 27.39403
131.6247 441.803 25 27.4274
138.9435 438.6733 25 27.46077
145.4117 435.3242 25 27.49413
151.587 432.3998 25 27.5275
157.9058 428.8873 25 27.56087
163.4632 425.2282 25 27.59423
169.3307 421.1547 25 27.6276
175.5229 416.8726 25 27.66097
181.1495 411.2222 25 27.69433
187.6532 405.8768 25 27.7277
191.2817 399.9994 25 27.76107
191.4994 395.3749 25 27.79443
189.6917 388.5399 25 27.8278
191.2563 382.59 25 27.86117
191.7548 375.7194 25 27.89453
192.4154 368.2699 25 27.9279
194.1862 361.8148 25 27.96127
195.6481 354.818 25 27.99463
197.4729 347.9079 25 28.028
199.6067 341.4958 25 28.06137
199.7999 333.9617 25 28.09473
202.9163 326.9735 25 28.1281
198.4814 320.6583 25 28.16147
197.1598 314.0111 25 28.19483
197.4956 306.9874 25 28.2282
199.043 299.5207 25 28.26157
200.3048 291.9961 25 28.29493
199.0891 283.2839 25 28.3283
198.6608 274.9875 25 28.36167
198.8535 266.8838 25 28.39503
197.584 258.9021 25 28.4284
195.8687 250.3921 25 28.46177
194.9433 242.1337 25 28.49513
194.0004 233.9277 25 28.5285
196.203 229.1752 25 28.56187
202.0343 227.2432 25 28.59523
206.5105 222.7094 25 28.6286
210.3674 217.1341 25 28.66197
217.6869 212.4846 25 28.69533
222.0628 206.0683 25 28.7287
228.0008 201.8239 25 28.76207
233.836 197.1445 25 28.79543
238.8266 192.8059 25 28.8288
244.4638 188.3818 25 28.86217
250.2962 182.1273 25 28.89553
255.817 177.3868 25 28.9289
261.1326 169.5931 25 28.96227
266.0101 163.097 25 28.99563
269.8693 156.6808 25 29.029
273.959 149.8944 25 29.06237
276.8341 142.399 25 29.09573
281.1912 135.0516 25 29.1291
284.6279 128.9202 25 29.16247
285.9328 123.1242 25 29.19583
287.5539 116.9869 25 29.2292
290.3476 112.0851 25 29.26257
294.8508 106.4829 25 29.29593
300.0872 101.3369 25 29.3293
305.0433 96.72661 25 29.36267
309.2601 90.81132 25 29.39603
312.3681 88.48318 25 29.4294
317.2059 86.78766 25 29.46277
321.5242 87.26192 25 29.49613
324.8114 92.509 25 29.5295
326.4213 97.45219 25 29.56287
330.137 104.5796 25 29.59623
330.7312 110.8184 25 29.6296
331.4578 121.1001 25 29.66297
331.2797 129.2452 25 29.69633
330.2419 137.4922 25 29.7297
330.6733 145.6102 25 29.76307
330.3945 152.113 25 29.79643
331.6765 160.4043 25 29.8298
330.8428 167.1099 25 29.86317
330.8999 174.2315 25 29.89653
330.6956 181.857 25 29.9299
330.9749 189.392 25 29.96327
330.8297 197.4143 25 29.99663
330.8799 205.2733 25 30.03
331.1404 213.631 25 30.06337
331.4111 220.9063 25 30.09673
332.8263 228.0427 25 30.1301
334.2897 235.6208 25 30.16347
336.4056 242.5911 25 30.19683
338.4579 250.0577 25 30.2302
340.4502 256.9647 25 30.26357
342.4612 263.494 25 30.29693
344.3951 270.5103 25 30.3303
346.8371 278.0945 25 30.36367
348.384 284.9167 25 30.39703
350.1296 291.5149 25 30.4304
352.0705 298.2554 25 30.46377
353.749 305.3892 25 30.49713
355.8973 312.1824 25 30.5305
358.9064 319.9816 25 30.56387
362.3056 327.6562 25 30.59723
363.9746 334.5763 25 30.6306
367.9711 340.8545 25 30.66397
370.0406 347.4075 25 30.69733
373.2585 354.2396 25 30.7307
376.4867 360.0956 25 30.76407
378.7491 366.6538 25 30.79743
382.7813 372.7833 25 30.8308
386.1758 378.7755 25 30.86417
390.5862 383.8916 25 30.89753
393.9327 389.7754 25 30.9309
398.8202 396.4069 25 30.96427
403.4431 401.3581 25 30.99763
408.2122 407.1616 25 31.031
412.9362 411.9208 25 31.06437
418.2865 417.127 25 31.09773
423.1969 421.2192 25 31.1311
428.7815 425.714 25 31.16447
434.6184 429.8525 25 31.19783
440.6446 433.3925 25 31.2312
447.4424 437.4335 25 31.26457
454.0439 440.8673 25 31.29793
460.0571 443.2968 25 31.3313
466.5848 444.9137 25 31.36467
472.957 446.6961 25 31.39803
480.0733 448.2126 25 31.4314
487.978 448.9093 25 31.46477
495.9599 448.8306 25 31.49813
503.7614 448.9319 25 31.5315
511.7925 449.7685 25 31.56487
520.5363 449.542 25 31.59823
522.9868 448.4907 25 31.6316
528.9348 447.4558 25 31.66497
533.3984 448.3313 25 31.69833
540.4383 448.1816 25 31.7317
544.7242 449.1229 25 31.76507
550.1534 450.6202 25 31.79843
556.161 450.3103 25 31.8318
563.2977 451.0689 25 31.86517
570.532 450.3291 25 31.89853
577.8857 450.7338 25 31.9319
585.2275 450.8941 25 31.96527
592.507 450.9849 25 31.99863
599.3639 451.0143 25 32.032
606.6025 450.8776 25 32.06537
615.2536 449.1601 25 32.09873
622.9886 448.7996 25 32.1321
630.5692 448.6683 25 32.16547
637.6551 449.4334 25 32.19883
642.9801 448.5094 25 32.2322
648.5611 448.5078 25 32.26557
653.2048 445.8461 25 32.29893
657.5718 440.7745 25 32.3323
661.1416 434.541 25 32.36567
663.6566 427.7925 25 32.39903
665.7448 420.9383 25 32.4324
669.1922 414.5747 25 32.46577
671.9715 407.5249 25 32.49913
674.0527 401.7335 25 32.5325
676.1939 395.6735 25 32.56587
677.0928 388.3234 25 32.59923
679.2413 382.0077 25 32.6326
679.4007 374.4459 25 32.66597
679.4198 367.7632 25 32.69933
679.4627 360.7961 25 32.7327
679.3067 353.8167 25 32.76607
679.1503 346.7843 25 32.79943
678.6433 339.7021 25 32.8328
678.2811 332.2717 25 32.86617
676.9113 325.2244 25 32.89953
676.2299 318.5132 25 32.9329
674.856 311.1967 25 32.96627
674.4518 304.2267 25 32.99963
672.842 297.7769 25 33.033
670.4233 290.5716 25 33.06637
668.3001 283.8439 25 33.09973
666.1213 276.6888 25 33.1331
663.5625 269.5206 25 33.16647
661.2463 262.6231 25 33.19983
658.1325 255.9026 25 33.2332
654.6963 249.4143 25 33.26657
652.308 242.2313 25 33.29993
649.6148 235.3811 25 33.3333
646.9911 228.5754 25 33.36667
644.4483 222.195 25 33.40003
642.6822 216.0649 25 33.4334
640.4945 210.2448 25 33.46677
637.1884 202.6668 25 33.50013
635.4999 197.3875 25 33.5335
632.6768 189.0086 25 33.56687
630.9908 183.2653 25 33.60023
628.7162 176.2396 25 33.6336
626.151 168.9813 25 33.66697
623.2032 162.6076 25 33.70033
620.1942 154.5461 25 33.7337
617.9536 148.3907 25 33.76707
614.5023 140.8538 25 33.80043
610.8061 138.6578 25 33.8338
606.7557 140.3541 25 33.86717
600.6296 140.2369 25 33.90053
596.0852 137.6704 25 33.9339
593.5386 132.9921 25 33.96727
588.2022 128.8171 25 34.00063
588.5105 130.8277 25 34.034
589.2034 132.7764 25 34.06737
589.6621 133.4167 25 34.10073
590.0223 136.3298 25 34.1341
589.8849 140.0516 25 34.16747
586.5692 142.6461 25 34.20083
581.8587 145.658 25 34.2342
576.0022 148.9479 25 34.26757
568.8585 151.7156 25 34.30093
561.2872 154.1978 25 34.3343
553.1936 157.6769 25 34.36767
548.3858 163.5964 25 34.40103
543.8502 169.0411 25 34.4344
537.4304 172.9428 25 34.46777
531.8349 178.7422 25 34.50113
528.7516 186.7255 25 34.5345
522.5666 193.0837 25 34.56787
518.3825 200.1367 25 34.60123
513.0428 206.1943 25 34.6346
507.9191 213.0212 25 34.66797
503.6483 217.7276 25 34.70133
498.2516 221.6632 25 34.7347
493.8694 225.9072 25 34.76807
487.8549 230.1899 25 34.80143
481.9361 235.1705 25 34.8348
475.919 238.3471 25 34.86817
470.1708 242.6778 25 34.90153
465.0639 247.0093 25 34.9349
461.8548 253.2742 25 34.96827
459.5998 259.6237 25 35.00163
456.3645 266.2148 25 35.035
452.8097 273.9173 25 35.06837
448.362 280.2132 25 35.10173
444.4229 286.0963 25 35.1351
440.4927 292.4459 25 35.16847
436.4076 298.9582 25 35.20183
432.3524 305.4341 25 35.2352
428.212 311.5853 25 35.26857
424.3345 317.901 25 35.30193
419.7676 323.5988 25 35.3353
416.1878 330.702 25 35.36867
412.5938 337.4204 25 35.40203
409.6984 344.8489 25 35.4354
405.8486 350.7046 25 35.46877
403.0383 357.4195 25 35.50213
401.1893 364.4215 25 35.5355
396.7714 370.3008 25 35.56887
395.4874 377.3793 25 35.60223
392.6886 383.29 25 35.6356
390.9275 390.7696 25 35.66897
389.5023 398.2804 25 35.70233
387.2348 406.0812 25 35.7357
387.2261 414.642 25 35.76907
385.7935 421.9557 25 35.80243
385.6064 429.4487 25 35.8358
385.3977 435.2899 25 35.86917
382.9376 442.55 25 35.90253
380.8481 449.2357 25 35.9359
380.2479 455.7622 25 35.96927
379.2047 463.154 25 36.00263
378.2352 470.8384 25 36.036
379.1362 478.7494 25 36.06937
379.5191 487.1459 25 36.10273
381.2652 493.1482 25 36.1361
382.2824 499.6071 25 36.16947
384.6676 505.7334 25 36.20283
385.2622 510.8958 25 36.2362
386.9483 516.9421 25 36.26957
388.6836 523.4012 25 36.30293
389.6953 529.1382 25 36.3363
391.5182 533.9425 25 36.36967
393.5274 537.7202 25 36.40303
396.2246 542.1925 25 36.4364
399.6536 548.2781 25 36.46977
402.9687 554.064 25 36.50313
406.2747 560.7908 25 36.5365
411.3626 566.797 25 36.56987
415.8408 572.078 25 36.60323
419.6475 577.6071 25 36.6366
424.8723 582.9592 25 36.66997
429.8014 588.3089 25 36.70333
436.2109 593.4539 25 36.7367
440.9973 598.6763 25 36.77007
446.1217 603.6345 25 36.80343
451.3725 608.3424 25 36.8368
456.9091 613.2569 25 36.87017
461.8625 618.3359 25 36.90353
467.5517 624.1642 25 36.9369
473.478 629.6713 25 36.97027
478.3494 633.8633 25 37.00363
483.6746 638.4081 25 37.037
489.192 642.6548 25 37.07037
494.3393 647.2195 25 37.10373
499.2132 651.2574 25 37.1371
500.7776 650.8159 25 37.17047
503.6545 651.3707 25 37.20383
509.372 652.1799 25 37.2372
514.4696 655.2554 25 37.27057
520.2859 656.8186 25 37.30393
522.8844 655.8765 25 37.3373
527.2072 656.503 25 37.37067
532.7598 657.0917 25 37.40403
538.2516 658.6136 25 37.4374
545.7199 659.6161 25 37.47077
551.63 660.346 25 37.50413
557.0619 660.8376 25 37.5375
564.6548 659.8324 25 37.57087
570.8984 660.2748 25 37.60423
574.958 659.0826 25 37.6376
579.6442 657.8457 25 37.67097
586.2549 655.7063 25 37.70433
592.8189 653.7215 25 37.7377
599.0785 651.7805 25 37.77107
604.2771 650.0972 25 37.80443
609.1855 649.1374 25 37.8378
614.271 647.6149 25 37.87117
620.1903 645.6892 25 37.90453
627.424 643.674 25 37.9379
633.3414 641.4867 25 37.97127
639.8886 638.9801 25 38.00463
646.2175 635.9339 25 38.038
652.4962 632.4451 25 38.07137
659.2729 629.2689 25 38.10473
664.8317 625.1582 25 38.1381
670.447 621.0178 25 38.17147
676.3651 617.3856 25 38.20483
682.323 613.5064 25 38.2382
687.6959 609.8378 25 38.27157
693.67 605.7367 25 38.30493
699.4444 601.519 25 38.3383
705.1878 597.3353 25 38.37167
710.7327 592.4078 25 38.40503
716.6128 587.2972 25 38.4384
722.1976 583.3732 25 38.47177
727.1294 579.3108 25 38.50513
732.2673 575.0522 25 38.5385
737.5663 571.0293 25 38.57187
742.3743 565.9357 25 38.60523
747.2519 561.3774 25 38.6386
751.3653 555.9009 25 38.67197
756.0537 551.1688 25 38.70533
760.663 545.3638 25 38.7387
765.2182 539.9144 25 38.77207
769.4868 533.9629 25 38.80543
773.5513 528.1309 25 38.8388
777.2095 523.3655 25 38.87217
781.7352 518.0573 25 38.90553
785.7444 512.5437 25 38.9389
789.9249 506.7283 25 38.97227
793.5163 501.3666 25 39.00563
797.251 496.1113 25 39.039
801.2215 490.2937 25 39.07237
805.0511 485.0191 25 39.10573
808.9721 479.3801 25 39.1391
812.6755 474.0184 25 39.17247
816.9209 468.2989 25 39.20583
820.3201 462.7328 25 39.2392
824.4975 457.0927 25 39.27257
827.5606 450.4821 25 39.30593
831.2945 444.3454 25 39.3393
834.0676 437.715 25 39.37267
837.1458 431.6569 25 39.40603
840.4491 425.4573 25 39.4394
842.6579 419.628 25 39.47277
845.4387 413.9279 25 39.50613
847.5204 408.165 25 39.5395
849.9399 401.7238 25 39.57287
847.4948 396.6689 25 39.60623
846.5684 392.8486 25 39.6396
845.8407 386.0568 25 39.67297
844.3251 379.7849 25 39.70633
844.8531 373.1033 25 39.7397
844.1486 366.0305 25 39.77307
843.6719 358.9173 25 39.80643
842.6503 351.9385 25 39.8398
843.6545 348.4131 25 39.87317
843.2525 346.1735 25 39.90653
845.298 344.3052 25 39.9399
845.1053 340.3041 25 39.97327
844.0896 335.2119 25 40.00663
841.8046 328.3049 25 40.04
838.4089 321.3908 25 40.07337
835.3578 316.1895 25 40.10673
831.8098 313.0457 25 40.1401
827.5562 308.76 25 40.17347
823.3123 304.6434 25 40.20683
819.8356 300.4249 25 40.2402
815.977 295.6469 25 40.27357
812.8772 289.9566 25 40.30693
810.9645 286.9695 25 40.3403
809.5048 282.762 25 40.37367
807.794 278.8772 25 40.40703
806.2843 273.5061 25 40.4404
806.5742 268.0751 25 40.47377
804.7828 262.5892 25 40.50713
803.8335 255.4902 25 40.5405
801.7069 247.7562 25 40.57387
801.2873 240.368 25 40.60723
800.7408 233.188 25 40.6406
799.5759 225.8195 25 40.67397
799.3093 218.1318 25 40.70733
797.8028 210.8457 25 40.7407
796.1383 202.287 25 40.77407
795.1296 194.5915 25 40.80743
793.4717 187.9689 25 40.8408
789.1654 185.3266 25 40.87417
785.1402 182.0518 25 40.90753
781.6976 179.5713 25 40.9409
778.5592 174.6592 25 40.97427
773.6532 172.8055 25 41.00763
770.6452 169.145 25 41.041
768.0424 164.5479 25 41.07437
762.3434 162.2076 25 41.10773
759.5364 158.8129 25 41.1411
756.3679 154.2245 25 41.17447
750.6295 151.8261 25 41.20783
745.989 147.8654 25 41.2412
741.3155 142.4393 25 41.27457
739.7705 140.3186 25 41.30793
735.7025 139.5855 25 41.3413
734.6487 138.9528 25 41.37467
734.1662 137.317 25 41.40803
732.5716 135.9728 25 41.4414
731.9078 134.6399 25 41.47477
728.932 135.233 25 41.50813
727.3671 134.6299 25 41.5415
727.3806 134.2202 25 41.57487
726.2073 136.8841 25 41.60823
725.9448 139.0269 25 41.6416
724.6005 142.3748 25 41.67497
724.3223 147.4237 25 41.70833
723.1796 148.8508 25 41.7417
722.7874 153.2627 25 41.77507
718.9713 156.7519 25 41.80843
714.2444 161.5231 25 41.8418
709.506 168.1776 25 41.87517
704.3487 174.0581 25 41.90853
699.1958 179.4038 25 41.9419
693.8139 185.2981 25 41.97527
688.8652 191.3466 25 42.00863
683.2237 196.174 25 42.042
677.7971 201.2154 25 42.07537
671.8359 206.4028 25 42.10873
667.2335 211.6643 25 42.1421
661.7327 216.6488 25 42.17547
656.3997 220.4129 25 42.20883
651.7667 224.9579 25 42.2422
646.358 229.5657 25 42.27557
641.7492 233.8286 25 42.30893
636.4772 237.8511 25 42.3423
631.5705 242.3369 25 42.37567
626.2716 246.8141 25 42.40903
621.7089 251.311 25 42.4424
616.3028 255.7415 25 42.47577
611.8387 260.5989 25 42.50913
606.5402 265.1732 25 42.5425
601.9839 270.3482 25 42.57587
597.6387 275.3167 25 42.60923
592.5233 280.8069 25 42.6426
587.82 286.4883 25 42.67597
583.4868 292.2845 25 42.70933
579.9178 297.5718 25 42.7427
576.2429 303.633 25 42.77607
572.1366 309.623 25 42.80943
568.5931 315.8707 25 42.8428
565.2252 322.4704 25 42.87617
561.5281 328.7251 25 42.90953
556.2156 332.2658 25 42.9429
551.5421 336.2505 25 42.97627
546.7949 340.1384 25 43.00963
542.6758 346.0441 25 43.043
539.0779 353.066 25 43.07637
536.5966 359.8898 25 43.10973
534.4828 366.8697 25 43.1431
532.3673 374.3139 25 43.17647
529.6541 381.5931 25 43.20983
527.9498 388.9855 25 43.2432
525.4304 396.8773 25 43.27657
522.9125 403.851 25 43.30993
520.4336 410.6685 25 43.3433
517.4996 416.5914 25 43.37667
515.2977 421.375 25 43.41003
514.6426 419.8658 25 43.4434
513.1631 420.6569 25 43.47677
511.54 422.3182 25 43.51013
507.6107 423.887 25 43.5435
506.191 425.409 25 43.57687
503.4335 428.0418 25 43.61023
500.3042 429.1227 25 43.6436
494.8319 428.8332 25 43.67697
489.3777 430.7116 25 43.71033
482.3033 431.2696 25 43.7437
474.5239 431.3512 25 43.77707
467.1425 431.6075 25 43.81043
461.666 430.2329 25 43.8438
455.6287 429.0924 25 43.87717
449.1323 427.6826 25 43.91053
441.7581 425.9053 25 43.9439
433.8911 424.1829 25 43.97727
431.525 420.3893 25 44.01063
429.1991 416.3071 25 44.044
425.407 412.6404 25 44.07737
421.2543 408.4864 25 44.11073
417.0437 404.7655 25 44.1441
412.0628 400.7651 25 44.17747
407.0374 397.0838 25 44.21083
401.4025 392.9371 25 44.2442
398.7513 392.9036 25 44.27757
397.4617 393.2358 25 44.31093
394.3031 391.405 25 44.3443
390.2831 388.7438 25 44.37767
385.654 385.4992 25 44.41103
380.1699 381.663 25 44.4444
376.2348 378.6709 25 44.47777
371.1868 375.9638 25 44.51113
366.0294 373.15 25 44.5445
359.9671 372.3793 25 44.57787
353.1204 369.4052 25 44.61123
346.3665 367.7958 25 44.6446
338.3097 366.2223 25 44.67797
329.2206 365.2918 25 44.71133
320.2722 363.5171 25 44.7447
311.8348 363.0161 25 44.77807
303.6909 362.6439 25 44.81143
295.5622 362.5964 25 44.8448
288.0773 362.7976 25 44.87817
280.3546 363.6829 25 44.91153
273.8995 364.5455 25 44.9449
269.2708 368.3088 25 44.97827
265.5797 373.5067 25 45.01163
261.6367 380.4501 25 45.045
257.0193 384.1097 25 45.07837
250.7354 386.2163 25 45.11173
246.5489 390.2101 25 45.1451
241.8893 394.2374 25 45.17847
237.0096 398.1024 25 45.21183
231.9654 402.1454 25 45.2452
226.7105 407.082 25 45.27857
221.1883 410.8177 25 45.31193
216.4047 414.9993 25 45.3453
211.0855 419.1938 25 45.37867
207.0594 423.8582 25 45.41203
201.5064 429.4927 25 45.4454
196.5034 435.1765 25 45.47877
191.7487 440.9699 25 45.51213
188.1157 446.7198 25 45.5455
183.8176 452.7198 25 45.57887
179.5232 458.5191 25 45.61223
175.5522 464.9004 25 45.6456
171.104 471.3315 25 45.67897
167.5613 477.5659 25 45.71233
163.7593 484.4902 25 45.7457
160.065 490.6752 25 45.77907
157.4045 497.4049 25 45.81243
153.4795 503.683 25 45.8458
150.2997 510.4451 25 45.87917
146.5158 516.6076 25 45.91253
143.3146 523.0639 25 45.9459
139.7293 529.449 25 45.97927
135.8255 536.039 25 46.01263
132.5698 542.7736 25 46.046
128.5669 549.1715 25 46.07937
124.7258 556.0135 25 46.11273
121.2349 562.6984 25 46.1461
118.0405 569.683 25 46.17947
115.0254 575.8125 25 46.21283
112.2333 581.6181 25 46.2462
108.637 587.8268 25 46.27957
106.0212 594.0927 25 46.31293
102.5708 601.1514 25 46.3463
99.19617 607.7221 25 46.37967
94.43622 614.3098 25 46.41303
92.9967 619.8718 25 46.4464
88.99533 627.034 25 46.47977
86.70313 633.359 25 46.51313
85.02122 641.1004 25 46.5465
82.76466 647.6785 25 46.57987
81.93899 654.548 25 46.61323
79.49248 661.8105 25 46.6466
79.66587 668.4043 25 46.67997
77.66591 676.0319 25 46.71333
77.30301 682.7499 25 46.7467
75.93016 687.6142 25 46.78007
77.06733 685.8769 25 46.81343
77.90197 687.2802 25 46.8468
78.03077 688.9398 25 46.88017
77.34332 688.8972 25 46.91353
76.22673 690.8405 25 46.9469
77.22655 692.1327 25 46.98027
77.34716 692.8146 25 47.01363
79.09798 691.4786 25 47.047
81.496 688.5054 25 47.08037
85.62696 686.1817 25 47.11373
90.55369 681.9374 25 47.1471
97.77466 677.615 25 47.18047
105.3487 672.1253 25 47.21383
113.6241 667.4107 25 47.2472
121.7836 664.4137 25 47.28057
129.9091 662.9252 25 47.31393
136.3819 661.9273 25 47.3473
143.6629 661.8703 25 47.38067
150.4502 661.3821 25 47.41403
156.1836 661.3161 25 47.4474
163.8987 661.0739 25 47.48077
169.7187 660.32 25 47.51413
177.9677 660.2547 25 47.5475
185.59 659.3091 25 47.58087
191.1898 658.1979 25 47.61423
197.1145 657.7752 25 47.6476
203.56 655.816 25 47.68097
210.4233 654.8708 25 47.71433
216.6605 653.715 25 47.7477
223.7256 651.6515 25 47.78107
230.3686 650.096 25 47.81443
237.2679 648.5978 25 47.8478
243.9149 647.4407 25 47.88117
251.1315 645.5276 25 47.91453
257.5519 642.9347 25 47.9479
265.0391 640.2841 25 47.98127
271.0148 637.3599 25 48.01463
277.8106 634.6031 25 48.048
284.0355 632.044 25 48.08137
290.4462 629.3236 25 48.11473
297.4601 626.565 25 48.1481
304.1234 623.6248 25 48.18147
310.2786 619.6321 25 48.21483
316.4168 616.8883 25 48.2482
322.6395 613.8876 25 48.28157
328.8816 611.0655 25 48.31493
335.1092 608.5042 25 48.3483
342.7167 605.509 25 48.38167
347.1821 603.2767 25 48.41503
354.6364 599.7746 25 48.4484
359.5245 596.7726 25 48.48177
366.5269 592.6569 25 48.51513
372.2088 588.7924 25 48.5485
378.6473 584.5959 25 48.58187
385.4828 580.0025 25 48.61523
392.1895 576.6312 25 48.6486
399.3715 572.8616 25 48.68197
405.4068 569.8567 25 48.71533
411.5357 567.1831 25 48.7487
417.4672 564.9738 25 48.78207
424.0136 562.1758 25 48.81543
430.5943 559.4671 25 48.8488
437.0339 557.2417 25 48.88217
442.9495 554.6268 25 48.91553
448.486 551.7292 25 48.9489
454.2379 549.0161 25 48.98227
461.0585 545.5756 25 49.01563
467.0045 541.9192 25 49.049
472.6965 538.4045 25 49.08237
479.1392 534.8666 25 49.11573
485.6188 531.0985 25 49.1491
491.8274 527.3242 25 49.18247
498.1181 522.8819 25 49.21583
504.8763 518.2859 25 49.2492
511.5343 514.7755 25 49.28257
517.2345 510.9239 25 49.31593
523.8093 507.2298 25 49.3493
530.9573 504.813 25 49.38267
536.747 501.4802 25 49.41603
543.4831 499.7562 25 49.4494
548.939 496.867 25 49.48277
550.8568 494.0904 25 49.51613
553.0648 491.4087 25 49.5495
556.2613 488.1138 25 49.58287
560.3579 485.5612 25 49.61623
564.5209 481.5178 25 49.6496
569.8142 477.8484 25 49.68297
566.3254 478.1119 25 49.71633
566.3394 477.2778 25 49.7497
565.3866 475.7101 25 49.78307
563.6777 471.3717 25 49.81643
562.0035 468.5172 25 49.8498
558.363 463.1966 25 49.88317
557.0982 456.8915 25 49.91653
553.5658 450.463 25 49.9499
550.3309 443.9284 25 49.98327
546.9557 437.5345 25 50.01663
544.2064 430.7237 25 50.05
542.142 424.2573 25 50.08337
540.4788 416.985 25 50.11673
538.6706 410.3905 25 50.1501
536.0649 403.6767 25 50.18347
533.5496 397.1191 25 50.21683
530.7059 391.3188 25 50.2502
528.4799 385.1817 25 50.28357
524.7429 379.3114 25 50.31693
521.5734 373.3617 25 50.3503
517.3831 367.1488 25 50.38367
514.3778 361.0922 25 50.41703
510.6151 354.1781 25 50.4504
506.346 348.5145 25 50.48377
502.3165 342.472 25 50.51713
497.584 336.529 25 50.5505
497.5681 336.1251 25 50.58387
495.3995 337.3078 25 50.61723
496.4611 337.5632 25 50.6506
495.7262 337.5308 25 50.68397
491.9002 337.4098 25 50.71733
491.5595 336.1203 25 50.7507
491.101 335.9111 25 50.78407
488.5438 337.0773 25 50.81743
488.4717 339.0619 25 50.8508
486.5423 337.5069 25 50.88417
484.4884 335.3855 25 50.91753
482.9053 333.0315 25 50.9509
479.9504 329.8105 25 50.98427
476.2228 326.7809 25 51.01763
471.7702 322.3794 25 51.051
466.393 319.4809 25 51.08437
460.7984 315.5535 25 51.11773
456.2326 312.7996 25 51.1511
450.6551 309.872 25 51.18447
444.8281 306.8348 25 51.21783
439.5712 304.4282 25 51.2512
433.4684 301.4804 25 51.28457
429.0631 299.7862 25 51.31793
421.407 295.7517 25 51.3513
414.582 293.3788 25 51.38467
408.3048 291.0162 25 51.41803
402.6988 290.1512 25 51.4514
398.1289 290.4654 25 51.48477
391.7569 287.2502 25 51.51813
386.7603 286.3246 25 51.5515
378.8419 283.7025 25 51.58487
372.4296 281.6479 25 51.61823
365.5277 279.3502 25 51.6516
357.7386 276.9817 25 51.68497
350.7977 274.5837 25 51.71833
343.2168 272.3722 25 51.7517
335.7651 271.3857 25 51.78507
329.0177 270.3809 25 51.81843
322.6511 270.8401 25 51.8518
316.1085 270.664 25 51.88517
308.5627 271.1227 25 51.91853
301.0018 272.0955 25 51.9519
293.4158 272.6694 25 51.98527
286.707 273.1585 25 52.01863
279.066 274.2738 25 52.052
271.399 275.3528 25 52.08537
263.3059 275.8068 25 52.11873
255.1756 276.7281 25 52.1521
247.8065 277.8501 25 52.18547
240.9773 278.8006 25 52.21883
233.9178 279.8914 25 52.2522
227.329 281.4605 25 52.28557
220.6212 282.8184 25 52.31893
213.6444 285.2204 25 52.3523
208.8671 286.8811 25 52.38567
200.8897 288.8682 25 52.41903
195.0496 291.029 25 52.4524
189.7024 292.9506 25 52.48577
182.1973 295.2516 25 52.51913
181.4609 291.7427 25 52.5525
178.1891 288.4944 25 52.58587
177.025 285.1369 25 52.61923
174.2167 281.4918 25 52.6526
172.1442 278.7868 25 52.68597
168.7292 276.604 25 52.71933
164.7532 272.9416 25 52.7527
163.5151 269.6856 25 52.78607
160.2143 269.1332 25 52.81943
158.3298 268.5347 25 52.8528
154.0531 269.6042 25 52.88617
148.7537 271.4473 25 52.91953
143.1736 275.1502 25 52.9529
141.5389 280.9618 25 52.98627
138.0513 287.4241 25 53.01963
134.5035 294.1376 25 53.053
136.0515 301.1913 25 53.08637
137.3963 307.7241 25 53.11973
137.6933 314.8352 25 53.1531
136.5024 321.9921 25 53.18647
134.9625 329.8135 25 53.21983
133.9116 336.7986 25 53.2532
133.3893 343.7036 25 53.28657
133.4263 350.5902 25 53.31993
132.7453 357.8377 25 53.3533
134.4602 365.6558 25 53.38667
133.1285 372.4953 25 53.42003
134.4773 379.8965 25 53.4534
135.8287 386.112 25 53.48677
135.9237 393.261 25 53.52013
137.8152 400.3976 25 53.5535
137.9837 407.6061 25 53.58687
140.6002 414.9673 25 53.62023
141.3482 421.8365 25 53.6536
144.4873 429.0289 25 53.68697
146.3704 435.8381 25 53.72033
149.876 443.0273 25 53.7537
153.8361 449.4196 25 53.78707
157.3752 456.3476 25 53.82043
161.4176 462.6687 25 53.8538
165.2091 468.3978 25 53.88717
169.9073 474.3735 25 53.92053
173.0242 480.929 25 53.9539
177.8241 487.0246 25 53.98727
182.3023 493.1536 25 54.02063
186.0496 499.3955 25 54.054
189.9156 505.9639 25 54.08737
193.3509 512.8254 25 54.12073
197.8554 519.5965 25 54.1541
201.1749 525.2389 25 54.18747
204.9713 530.6162 25 54.22083
209.2067 536.271 25 54.2542
212.8278 542.1372 25 54.28757
217.0614 548.0644 25 54.32093
218.9442 553.1011 25 54.3543
218.1339 556.7788 25 54.38767
215.8897 561.4129 25 54.42103
216.844 566.868 25 54.4544
217.3044 573.7858 25 54.48777
217.7086 578.3801 25 54.52113
221.7819 583.2473 25 54.5545
225.647 587.6964 25 54.58787
231.3778 592.7877 25 54.62123
237.0202 597.6026 25 54.6546
242.0749 602.635 25 54.68797
248.1449 608.2239 25 54.72133
253.408 612.7617 25 54.7547
259.4144 617.3734 25 54.78807
265.1405 622.8049 25 54.82143
270.0805 627.6322 25 54.8548
275.8551 632.9159 25 54.88817
280.2825 637.8102 25 54.92153
285.2085 642.4805 25 54.9549
290.4404 647.4591 25 54.98827
295.4897 652.3022 25 55.02163
301.7205 656.3796 25 55.055
308.4057 660.8895 25 55.08837
314.6275 664.9786 25 55.12173
321.0333 668.1739 25 55.1551
328.1852 670.378 25 55.18847
330.1244 675.6034 25 55.22183
331.2695 680.765 25 55.2552
334.3752 684.5237 25 55.28857
335.3175 690.8308 25 55.32193
338.8911 697.1497 25 55.3553
341.9645 704.2051 25 55.38867
346.4689 708.8268 25 55.42203
352.4835 715.9101 25 55.4554
355.6181 720.0598 25 55.48877
356.6693 719.993 25 55.52213
355.7297 723.4884 25 55.5555
355.5575 725.2454 25 55.58887
357.0291 726.218 25 55.62223
358.2114 728.2425 25 55.6556
360.9411 729.2024 25 55.68897
364.8578 732.1717 25 55.72233
370.3189 735.3404 25 55.7557
375.8388 740.7061 25 55.78907
381.6993 745.2261 25 55.82243
386.491 750.5206 25 55.8558
391.8617 754.8509 25 55.88917
397.2901 759.696 25 55.92253
402.4836 764.4426 25 55.9559
408.8678 768.6372 25 55.98927
414.767 773.6916 25 56.02263
421.3344 778.173 25 56.056
424.5427 781.2609 25 56.08937
422.8475 782.1498 25 56.12273
425.4195 781.7953 25 56.1561
429.9474 784.2713 25 56.18947
430.6452 785.2215 25 56.22283
433.2765 785.8488 25 56.2562
437.1009 786.3137 25 56.28957
441.6639 786.8387 25 56.32293
446.7579 788.6518 25 56.3563
452.7333 789.4926 25 56.38967
458.9817 790.5832 25 56.42303
465.6185 791.8866 25 56.4564
473.1372 792.4622 25 56.48977
478.9537 792.2178 25 56.52313
485.2697 792.2817 25 56.5565
491.1956 791.5995 25 56.58987
497.3654 789.7259 25 56.62323
504.217 789.1272 25 56.6566
511.1481 787.8757 25 56.68997
525.5484 785.0219 25 56.72333
525.5484 785.0219 25 56.7567
531.4824 783.5081 25 56.79007
545.0686 781.3096 25 56.82343
545.0686 781.3096 25 56.8568
551.6244 779.7349 25 56.89017
564.8309 777.4043 25 56.92353
564.8309 777.4043 25 56.9569
577.6788 774.7047 25 56.99027
584.5602 772.718 25 57.02363
584.5602 772.718 25 57.057
585.0844 770.7078 25 57.09037
583.2942 767.0554 25 57.12373
583.2942 767.0554 25 57.1571
584.4328 757.1389 25 57.19047
582.0991 750.7771 25 57.22383
582.0991 750.7771 25 57.2572
576.9841 736.9084 25 57.29057
573.3955 731.9696 25 57.32393
569.6987 727.16 25 57.3573
567.2016 723.8442 25 57.39067
563.5099 719.9554 25 57.42403
559.7261 714.3661 25 57.4574
557.2536 709.4103 25 57.49077
554.6522 704.4282 25 57.52413
551.9852 699.1441 25 57.5575
547.8016 693.5655 25 57.59087
543.3093 687.6726 25 57.62423
540.1998 681.0526 25 57.6576
537.263 674.3892 25 57.69097
531.592 670.8482 25 57.72433
525.8859 665.9258 25 57.7577
521.7309 661.0333 25 57.79107
517.6162 655.4236 25 57.82443
512.6397 650.6007 25 57.8578
507.7414 645.8852 25 57.89117
500.7857 641.1687 25 57.92453
493.7839 635.9143 25 57.9579
487.5436 630.8972 25 57.99127
481.6805 625.9898 25 58.02463
476.7696 620.7832 25 58.058
471.7273 615.3885 25 58.09137
465.8385 609.9188 25 58.12473
460.2669 605.3065 25 58.1581
458.7378 597.3721 25 58.19147
456.1533 590.9926 25 58.22483
452.0572 584.789 25 58.2582
447.8122 578.6555 25 58.29157
443.6945 572.8523 25 58.32493
439.5009 567.6383 25 58.3583
434.9676 562.8976 25 58.39167
432.3109 559.3526 25 58.42503
427.9065 555.613 25 58.4584
423.6464 551.5391 25 58.49177
418.9368 549.0076 25 58.52513
414.7606 545.0812 25 58.5585
410.6964 541.847 25 58.59187
404.8437 540.0092 25 58.62523
398.6271 536.17 25 58.6586
393.3804 535.5333 25 58.69197
387.8824 533.8167 25 58.72533
381.7699 531.3699 25 58.7587
375.8291 530.4083 25 58.79207
369.9915 529.5141 25 58.82543
363.4733 528.5353 25 58.8588
357.0587 528.7086 25 58.89217
351.0563 530.5708 25 58.92553
344.3479 531.5302 25 58.9589
338.8491 532.498 25 58.99227
332.6971 535.3886 25 59.02563
327.3095 538.4519 25 59.059
322.3875 542.7685 25 59.09237
316.2173 546.3806 25 59.12573
310.5772 550.0911 25 59.1591
304.2816 553.0983 25 59.19247
300.1873 558.9386 25 59.22583
294.8831 563.9089 25 59.2592
289.2756 567.785 25 59.29257
283.6447 572.1615 25 59.32593
278.3194 576.8904 25 59.3593
273.6645 582.1321 25 59.39267
267.9757 586.535 25 59.42603
263.2196 590.8846 25 59.4594
258.0686 596.0791 25 59.49277
253.7312 601.8942 25 59.52613
249.0198 606.5964 25 59.5595
242.4764 611.8186 25 59.59287
237.4628 617.9708 25 59.62623
233.0755 625.2708 25 59.6596
228.8302 631.7245 25 59.69297
225.02 638.0667 25 59.72633
221.1016 644.3469 25 59.7597
217.0131 650.6349 25 59.79307
213.9471 657.3522 25 59.82643
210.9609 663.7739 25 59.8598
207.4891 670.8027 25 59.89317
204.6225 677.2808 25 59.92653
201.3299 683.4585 25 59.9599
199.0702 689.5022 25 59.99327
196.8788 695.9824 25 60.02663
194.8621 703.1565 25 60.06
193.3666 710.271 25 60.09337
192.4079 716.8434 25 60.12673
191.5804 723.6696 25 60.1601
191.2181 729.7142 25 60.19347
191.7571 736.7164 25 60.22683
191.4003 743.6042 25 60.2602
190.0291 748.2958 25 60.29357
186.6104 749.7159 25 60.32693
185.217 753.2156 25 60.3603
182.2029 756.1693 25 60.39367
182.8045 756.8458 25 60.42703
185.5953 755.545 25 60.4604
187.2526 755.4564 25 60.49377
188.7107 757.1448 25 60.52713
188.9948 758.9986 25 60.5605
191.6996 759.2523 25 60.59387
193.3467 762.2636 25 60.62723
195.2783 763.1737 25 60.6606
200.5573 764.2868 25 60.69397
205.6741 765.5412 25 60.72733
208.7446 767.5154 25 60.7607
214.2455 768.1186 25 60.79407
218.6274 769.5712 25 60.82743
220.5849 770.0453 25 60.8608
224.0401 769.5113 25 60.89417
226.6821 770.5983 25 60.92753
231.2053 769.585 25 60.9609
237.9613 767.8568 25 60.99427
245.4008 765.5648 25 61.02763
251.1091 762.7991 25 61.061
256.4475 758.7132 25 61.09437
263.2167 754.9878 25 61.12773
269.0111 750.1241 25 61.1611
276.0026 745.8632 25 61.19447
281.5672 741.3956 25 61.22783
289.3287 737.1909 25 61.2612
294.5043 731.7916 25 61.29457
299.6748 727.2348 25 61.32793
305.5245 722.8823 25 61.3613
313.5706 719.6641 25 61.39467
321.0268 716.4191 25 61.42803
328.8681 711.4806 25 61.4614
335.3405 707.2636 25 61.49477
339.6449 702.7016 25 61.52813
350.3017 697.9794 25 61.5615
356.6954 694.3001 25 61.59487
364.2028 689.6162 25 61.62823
368.9825 685.2437 25 61.6616
375.0228 679.4139 25 61.69497
379.9673 674.1568 25 61.72833
385.7786 668.826 25 61.7617
394.6751 664.8558 25 61.79507
401.8078 660.7314 25 61.82843
408.3709 655.6093 25 61.8618
413.6365 650.4758 25 61.89517
419.1757 645.606 25 61.92853
422.8183 641.0556 25 61.9619
428.8462 634.8697 25 61.99527
433.2959 629.4947 25 62.02863
437.9531 623.9516 25 62.062
441.2579 618.0254 25 62.09537
445.8673 613.1976 25 62.12873
450.0399 607.3466 25 62.1621
454.5818 601.5108 25 62.19547
459.0437 595.5062 25 62.22883
464.1368 589.6181 25 62.2622
468.966 584.0346 25 62.29557
472.6965 577.1098 25 62.32893
477.1404 571.8939 25 62.3623
479.9095 565.5636 25 62.39567
482.9054 559.4762 25 62.42903
486.1717 552.4469 25 62.4624
487.6996 546.6276 25 62.49577
490.4601 541.0345 25 62.52913
491.815 534.3635 25 62.5625
494.192 527.9384 25 62.59587
495.6082 521.552 25 62.62923
497.6158 514.7149 25 62.6626
498.809 507.8942 25 62.69597
499.0406 500.4854 25 62.72933
501.1145 494.3943 25 62.7627
502.6607 487.8722 25 62.79607
504.2002 481.761 25 62.82943
505.3547 475.471 25 62.8628
505.9746 469.5833 25 62.89617
507.1865 463.2071 25 62.92953
508.6933 456.6655 25 62.9629
510.1061 449.4789 25 62.99627
511.0164 442.5255 25 63.02963
511.9611 436.2579 25 63.063
512.4839 428.7637 25 63.09637
513.4373 420.9734 25 63.12973
514.0715 413.9704 25 63.1631
514.5966 407.4242 25 63.19647
515.7076 401.6348 25 63.22983
516.742 395.4371 25 63.2632
517.2092 389.8916 25 63.29657
515.4205 385.9281 25 63.32993
510.2206 382.583 25 63.3633
507.9137 377.2576 25 63.39667
506.2567 370.9107 25 63.43003
505.1432 363.7198 25 63.4634
504.8583 357.8804 25 63.49677
502.9624 351.5054 25 63.53013
501.1828 344.7837 25 63.5635
498.5531 337.4484 25 63.59687
496.1467 330.75 25 63.63023
492.6993 323.2835 25 63.6636
488.9134 315.5683 25 63.69697
485.4565 308.0916 25 63.73033
481.5167 300.6778 25 63.7637
478.3887 293.8146 25 63.79707
474.9231 287.0245 25 63.83043
472.0166 280.2708 25 63.8638
469.3623 273.8644 25 63.89717
465.6778 267.3489 25 63.93053
462.567 261.5211 25 63.9639
458.8944 255.308 25 63.99727
454.5978 248.9359 25 64.03063
450.3785 243.1001 25 64.064
445.9379 237.6931 25 64.09737
441.1398 232.3613 25 64.13073
436.2078 225.8885 25 64.1641
431.264 219.666 25 64.19747
426.6376 214.1544 25 64.23083
422.0429 209.2147 25 64.2642
417.4704 204.6096 25 64.29757
412.4135 199.2756 25 64.33093
407.6495 194.571 25 64.3643
402.0994 190.0026 25 64.39767
396.1096 185.5287 25 64.43103
390.6632 181.2947 25 64.4644
384.5244 177.2397 25 64.49777
378.8106 173.9004 25 64.53113
373.342 170.4836 25 64.5645
367.1804 167.2871 25 64.59787
361.3856 163.5922 25 64.63123
355.13 159.989 25 64.6646
349.0525 156.3112 25 64.69797
342.8204 152.2829 25 64.73133
336.9221 148.8264 25 64.7647
331.1858 145.123 25 64.79807
324.3849 142.5627 25 64.83143
318.1866 139.9939 25 64.8648
312.0752 137.3081 25 64.89817
305.4839 135.2169 25 64.93153
298.2098 133.3204 25 64.9649
292.4562 132.6118 25 64.99827
285.8577 131.2595 25 65.03163
279.8739 129.7782 25 65.065
272.0441 128.1802 25 65.09837
264.6739 127.1119 25 65.13173
257.2507 125.9773 25 65.1651
248.9582 124.5998 25 65.19847
240.9298 123.2051 25 65.23183
235.1315 125.0121 25 65.2652
230.7789 130.1138 25 65.29857
225.4463 133.4238 25 65.33193
220.6146 135.6431 25 65.3653
214.1149 136.744 25 65.39867
209.4241 140.9108 25 65.43203
204.1411 143.1335 25 65.4654
199.4823 149.6136 25 65.49877
194.103 153.4046 25 65.53213
189.7018 158.9436 25 65.5655
184.3185 163.97 25 65.59887
178.5054 166.7465 25 65.63223
173.5055 169.9808 25 65.6656
168.8957 176.3558 25 65.69897
164.4439 180.2596 25 65.73233
159.4861 183.5831 25 65.7657
155.5567 188.3487 25 65.79907
151.6077 192.09 25 65.83243
148.0162 198.8328 25 65.8658
142.754 202.6023 25 65.89917
137.8849 206.5989 25 65.93253
134.7883 212.4847 25 65.9659
130.7187 216.4433 25 65.99927
126.7035 219.8768 25 66.03263
125.668 224.1159 25 66.066
122.0509 228.3968 25 66.09937
119.2864 231.6128 25 66.13273
116.8031 233.4283 25 66.1661
114.7195 237.6086 25 66.19947
112.5906 242.1803 25 66.23283
109.442 246.296 25 66.2662
106.225 249.5594 25 66.29957
104.4865 254.2358 25 66.33293
101.447 258.6369 25 66.3663
98.422 263.3862 25 66.39967
95.26953 267.98 25 66.43303
93.30986 272.2314 25 66.4664
91.62998 275.3387 25 66.49977
91.56177 276.9046 25 66.53313
90.49139 276.8203 25 66.5665
92.55258 276.345 25 66.59987
94.44765 273.4355 25 66.63323
97.03051 268.4743 25 66.6666
99.29636 264.0036 25 66.69997
102.8887 260.0162 25 66.73333
104.1276 256.293 25 66.7667
107.5352 251.7614 25 66.80007
111.1815 247.0651 25 66.83343
113.4353 242.3884 25 66.8668
116.4218 238.4213 25 66.90017
119.495 235.0723 25 66.93353
122.1591 231.2668 25 66.9669
124.4181 228.344 25 67.00027
125.9284 225.2062 25 67.03363
128.8542 222.5244 25 67.067
129.7812 218.8611 25 67.10037
132.4322 217.4768 25 67.13373
134.4997 213.4142 25 67.1671
136.8966 211.4213 25 67.20047
139.0578 207.9811 25 67.23383
140.1964 205.5673 25 67.2672
142.3439 203.9106 25 67.30057
142.656 202.931 25 67.33393
142.753 203.2047 25 67.3673
141.3011 205.0969 25 67.40067
139.4311 205.5943 25 67.43403
136.892 208.0287 25 67.4674
135.7258 210.5206 25 67.50077
133.081 214.2731 25 67.53413
128.8256 216.5525 25 67.5675
128.9031 217.6566 25 67.60087
130.0551 217.1294 25 67.63423
131.4155 214.859 25 67.6676
131.1593 214.776 25 67.70097
133.1967 214.3677 25 67.73433
132.6266 212.7753 25 67.7677
132.0222 210.6013 25 67.80107
132.5276 210.9706 25 67.83443
134.2829 212.1001 25 67.8678
134.5535 210.0404 25 67.90117
136.8815 209.7754 25 67.93453
139.0358 206.1615 25 67.9679
143.5305 204.3879 25 68.00127
149.6308 202.934 25 68.03463
151.9743 200.8627 25 68.068
150.6748 198.2705 25 68.10137
150.2658 195.8887 25 68.13473
151.2931 193.0286 25 68.1681
150.5017 188.9659 25 68.20147
151.3344 188.723 25 68.23483
154.06 187.4044 25 68.2682
155.456 185.6013 25 68.30157
155.2423 182.0419 25 68.33493
157.839 181.2902 25 68.3683
158.7848 180.9358 25 68.40167
159.8872 178.1088 25 68.43503
161.1861 176.3599 25 68.4684
161.9421 175.4918 25 68.50177
163.0077 174.1904 25 68.53513
164.4215 172.5831 25 68.5685
165.4646 172.3779 25 68.60187
167.7603 172.3689 25 68.63523
169.8218 170.2969 25 68.6686
170.9486 168.1129 25 68.70197
172.5153 166.8764 25 68.73533
175.0691 163.2982 25 68.7687
178.8504 161.8443 25 68.80207
182.5742 159.4935 25 68.83543
183.4244 157.8845 25 68.8688
184.7875 156.9726 25 68.90217
186.6022 154.0224 25 68.93553
189.0592 153.2779 25 68.9689
190.2095 152.5015 25 69.00227
190.7855 153.0644 25 69.03563
190.5828 152.5527 25 69.069
190.6222 151.2046 25 69.10237
192.879 153.503 25 69.13573
194.7011 154.8577 25 69.1691
194.5039 157.1042 25 69.20247
191.9788 161.682 25 69.23583
187.9335 167.6856 25 69.2692
182.046 172.2503 25 69.30257
176.7194 177.476 25 69.33593
171.0638 182.7821 25 69.3693
164.9273 187.4338 25 69.40267
158.7683 191.2781 25 69.43603
154.4629 194.0023 25 69.4694
149.2433 197.3994 25 69.50277
145.0341 200.9234 25 69.53613
141.25 203.4335 25 69.5695
137.2947 207.9211 25 69.60287
132.4194 211.5093 25 69.63623
130.8089 214.3542 25 69.6696
128.4502 219.2647 25 69.70297
126.853 224.5868 25 69.73633
128.844 228.5949 25 69.7697
130.1861 234.0924 25 69.80307
134.9489 238.9468 25 69.83643
141.0539 244.4356 25 69.8698
146.2726 250.0518 25 69.90317
152.113 255.8019 25 69.93653
158.1315 260.8148 25 69.9699
165.2427 265.3437 25 70.00327
172.9121 269.0733 25 70.03663
180.5115 271.3 25 70.07
188.5168 274.1234 25 70.10337
195.827 275.6592 25 70.13673
202.5682 276.7177 25 70.1701
210.2475 277.2776 25 70.20347
217.6348 277.9525 25 70.23683
224.7177 277.8862 25 70.2702
232.0924 277.7397 25 70.30357
239.4608 276.4013 25 70.33693
246.5708 275.2368 25 70.3703
253.9165 274.0377 25 70.40367
261.0238 272.6254 25 70.43703
268.0775 271.1639 25 70.4704
275.4159 269.5261 25 70.50377
282.4277 267.9202 25 70.53713
289.1432 266.0032 25 70.5705
296.0847 264.8709 25 70.60387
302.6364 262.3043 25 70.63723
310.2306 260.6979 25 70.6706
317.4582 258.3684 25 70.70397
323.8718 255.5549 25 70.73733
331.1722 252.8825 25 70.7707
338.1717 250.0051 25 70.80407
344.7262 247.5101 25 70.83743
350.9859 245.0228 25 70.8708
357.4526 241.8724 25 70.90417
363.396 239.3366 25 70.93753
366.0339 239.9974 25 70.9709
367.7214 242.8475 25 71.00427
371.4409 244.3784 25 71.03763
373.2761 247.6106 25 71.071
375.156 251.3707 25 71.10437
378.4255 254.447 25 71.13773
382.5986 257.8739 25 71.1711
389.2206 259.386 25 71.20447
396.5501 261.0222 25 71.23783
401.4139 258.9909 25 71.2712
407.3791 255.7671 25 71.30457
412.3218 251.1635 25 71.33793
417.0267 245.2857 25 71.3713
421.5218 239.654 25 71.40467
425.222 233.9969 25 71.43803
428.359 228.7738 25 71.4714
431.7754 222.7601 25 71.50477
427.4336 219.3874 25 71.53813
424.2228 214.3209 25 71.5715
423.3167 207.6868 25 71.60487
418.1735 204.804 25 71.63823
416.5672 200.8979 25 71.6716
412.3718 197.4532 25 71.70497
409.4016 192.4687 25 71.73833
401.4556 187.1208 25 71.7717
395.4675 181.9229 25 71.80507
393.2184 176.3341 25 71.83843
389.0137 171.2126 25 71.8718
382.4499 167.8383 25 71.90517
375.8883 164.4485 25 71.93853
370.332 160.53 25 71.9719
364.769 156.7955 25 72.00527
358.9804 153.8412 25 72.03863
353.3718 150.5585 25 72.072
346.2075 147.0391 25 72.10537
339.8816 144.4925 25 72.13873
332.8387 141.843 25 72.1721
328.2503 141.8698 25 72.20547
325.7103 144.7888 25 72.23883
321.5272 145.9476 25 72.2722
316.5742 147.2157 25 72.30557
310.0827 147.8116 25 72.33893
303.9007 148.1089 25 72.3723
297.2346 149.3533 25 72.40567
289.9728 151.1005 25 72.43903
282.5087 151.4715 25 72.4724
275.5479 152.8875 25 72.50577
269.1355 153.6422 25 72.53913
262.4818 154.8146 25 72.5725
255.3012 156.9303 25 72.60587
247.8317 157.9932 25 72.63923
241.4045 159.4549 25 72.6726
234.0806 160.5854 25 72.70597
227.2169 162.3021 25 72.73933
219.2585 164.3737 25 72.7727
213.4085 165.3492 25 72.80607
208.5713 165.9677 25 72.83943
205.2802 163.3801 25 72.8728
201.4053 162.2951 25 72.90617
196.2132 162.8844 25 72.93953
188.6624 162.8026 25 72.9729
180.7201 162.7225 25 73.00627
178.3438 169.4549 25 73.03963
173.9238 175.2199 25 73.073
168.2546 179.7851 25 73.10637
161.0371 184.4395 25 73.13973
154.5719 187.0504 25 73.1731
151.6221 192.04 25 73.20647
146.232 198.6883 25 73.23983
140.8205 202.3746 25 73.2732
137.7673 207.5788 25 73.30657
134.7181 209.7158 25 73.33993
133.5289 212.6298 25 73.3733
131.3073 215.7315 25 73.40667
127.5717 218.6143 25 73.44003
126.6809 222.0609 25 73.4734
123.1474 226.0699 25 73.50677
120.4519 229.9024 25 73.54013
119.4208 231.0398 25 73.5735
117.9545 235.4162 25 73.60687
115.4587 238.3164 25 73.64023
111.5596 241.0532 25 73.6736
109.1047 246.9754 25 73.70697
105.0185 249.7801 25 73.74033
103.5233 253.9096 25 73.7737
100.6975 257.6193 25 73.80707
97.22764 261.8681 25 73.84043
94.69176 267.4155 25 73.8738
91.79558 272.8899 25 73.90717
89.52564 278.6881 25 73.94053
86.96781 282.9669 25 73.9739
84.45857 286.9297 25 74.00727
83.15057 292.3934 25 74.04063
80.79477 296.0397 25 74.074
77.44463 299.0692 25 74.10737
76.70308 303.697 25 74.14073
76.08215 307.789 25 74.1741
74.25962 311.3157 25 74.20747
72.57041 312.2936 25 74.24083
73.7107 313.5397 25 74.2742
73.69428 313.1297 25 74.30757
72.20908 312.9329 25 74.34093
72.82133 312.44 25 74.3743
71.90191 312.5367 25 74.40767
72.29036 312.6212 25 74.44103
71.28021 313.3659 25 74.4744
71.09503 312.2422 25 74.50777
71.3656 313.1544 25 74.54113
69.98306 314.7382 25 74.5745
70.90262 317.5485 25 74.60787
68.46855 320.9641 25 74.64123
65.93043 324.259 25 74.6746
64.00892 328.8868 25 74.70797
61.713 335.1281 25 74.74133
59.86632 342.0637 25 74.7747
57.3039 347.5557 25 74.80807
57.17331 349.7021 25 74.84143
56.74693 348.9783 25 74.8748
56.90267 347.3964 25 74.90817
56.91089 346.1382 25 74.94153
56.67884 344.8131 25 74.9749
57.59652 343.9716 25 75.00827
58.92272 344.8363 25 75.04163
57.83267 344.8084 25 75.075
55.50712 344.0772 25 75.10837
56.02139 344.4144 25 75.14173
55.38975 345.124 25 75.1751
56.77874 346.2335 25 75.20847
57.15761 345.8636 25 75.24183
57.7618 346.0881 25 75.2752
58.22507 345.8476 25 75.30857
58.4074 346.6279 25 75.34193
59.69368 346.8577 25 75.3753
60.86367 344.9926 25 75.40867
59.83978 343.8242 25 75.44203
61.11756 342.6454 25 75.4754
60.02517 341.2407 25 75.50877
60.46093 341.2436 25 75.54213
60.26523 339.3208 25 75.5755
59.45222 338.34 25 75.60887
58.40651 337.4992 25 75.64223
57.41441 338.8469 25 75.6756
59.59092 343.0443 25 75.70897
59.54247 346.0322 25 75.74233
61.17315 350.4515 25 75.7757
62.2508 354.7218 25 75.80907
66.20351 359.7435 25 75.84243
69.05741 365.1944 25 75.8758
72.69651 370.1262 25 75.90917
78.38438 373.6887 25 75.94253
83.86986 378.3549 25 75.9759
90.22972 382.2433 25 76.00927
97.46279 385.5797 25 76.04263
105.5057 389.122 25 76.076
113.1569 390.8652 25 76.10937
119.8752 391.4372 25 76.14273
127.2928 392.0194 25 76.1761
133.9058 391.47 25 76.20947
141.1564 391.5635 25 76.24283
147.8069 390.4036 25 76.2762
153.8975 388.9887 25 76.30957
159.335 387.1269 25 76.34293
164.6129 384.0969 25 76.3763
171.401 382.2373 25 76.40967
175.9463 378.1679 25 76.44303
183.4693 375.6941 25 76.4764
187.4829 373.1301 25 76.50977
193.496 370.306 25 76.54313
197.5008 367.7736 25 76.5765
203.8674 364.5375 25 76.60987
210.1843 361.55 25 76.64323
216.3741 358.2878 25 76.6766
224.0034 354.8308 25 76.70997
230.6826 352.0867 25 76.74333
236.9292 349.2011 25 76.7767
243.7816 346.8166 25 76.81007
250.3885 343.8005 25 76.84343
257.2651 340.8753 25 76.8768
264.1155 338.5758 25 76.91017
271.3986 336.1351 25 76.94353
278.6727 333.2059 25 76.9769
285.5436 329.8574 25 77.01027
291.3829 325.937 25 77.04363
297.618 322.7578 25 77.077
304.0522 319.1871 25 77.11037
309.803 315.7148 25 77.14373
316.6671 311.98 25 77.1771
322.6698 308.7812 25 77.21047
329.3911 304.7135 25 77.24383
336.284 300.6246 25 77.2772
342.8429 296.0662 25 77.31057
349.2131 292.8561 25 77.34393
354.6866 288.8324 25 77.3773
356.6562 286.7533 25 77.41067
358.3883 283.8044 25 77.44403
361.0319 279.8656 25 77.4774
362.7209 273.1616 25 77.51077
364.7606 264.1178 25 77.54413
369.5416 257.4834 25 77.5775
372.1845 250.019 25 77.61087
374.8246 242.9395 25 77.64423
374.2519 235.1222 25 77.6776
375.6364 227.0292 25 77.71097
377.6129 219.8598 25 77.74433
380.0334 212.6569 25 77.7777
382.8102 206.0665 25 77.81107
384.9068 199.1359 25 77.84443
387.8624 192.1008 25 77.8778
389.4593 185.26 25 77.91117
390.6637 177.6856 25 77.94453
392.7706 170.7751 25 77.9779
393.8895 163.4404 25 78.01127
394.9901 157.0932 25 78.04463
394.9962 149.7737 25 78.078
395.7558 142.5738 25 78.11137
395.414 134.958 25 78.14473
395.5335 127.4557 25 78.1781
394.9207 120.0885 25 78.21147
395.3944 113.5939 25 78.24483
395.5237 106.4178 25 78.2782
395.6189 99.56385 25 78.31157
394.9511 92.56178 25 78.34493
394.6981 85.21153 25 78.3783
394.7201 77.42572 25 78.41167
394.5053 70.1003 25 78.44503
394.0385 63.55596 25 78.4784
396.2837 66.10908 25 78.51177
398.4233 64.34069 25 78.54513
399.781 62.52459 25 78.5785
401.5844 62.60809 25 78.61187
404.2292 62.55725 25 78.64523
405.6598 60.90367 25 78.6786
408.1707 62.30618 25 78.71197
407.0281 60.32447 25 78.74533
409.0766 60.99419 25 78.7787
406.82 61.10959 25 78.81207
404.7265 61.48867 25 78.84543
401.2318 61.46135 25 78.8788
395.0019 62.67041 25 78.91217
390.5948 64.32539 25 78.94553
387.5342 63.62835 25 78.9789
384.6734 64.00816 25 79.01227
381.9201 64.0677 25 79.04563
377.7746 65.71199 25 79.079
371.566 67.43541 25 79.11237
366.7983 68.88966 25 79.14573
361.4307 68.67913 25 79.1791
357.7667 71.67125 25 79.21247
350.9616 73.4908 25 79.24583
345.5644 72.92359 25 79.2792
340.7467 73.37661 25 79.31257
336.3295 74.68644 25 79.34593
331.018 76.53496 25 79.3793
331.5869 76.18023 25 79.41267
330.0726 77.40912 25 79.44603
327.798 77.79548 25 79.4794
325.4548 79.86283 25 79.51277
322.8479 79.77979 25 79.54613
319.5455 82.06152 25 79.5795
314.6586 82.72993 25 79.61287
309.5224 85.14208 25 79.64623
303.1073 87.05739 25 79.6796
296.7778 89.71913 25 79.71297
289.7312 93.13526 25 79.74633
282.6954 95.75725 25 79.7797
276.7012 99.48101 25 79.81307
270.8169 103.6826 25 79.84643
265.1417 108.5204 25 79.8798
259.9203 113.8427 25 79.91317
255.5107 118.9527 25 79.94653
251.6791 124.8537 25 79.9799
249.6976 129.5293 25 80.01327
248.4969 134.297 25 80.04663
246.9914 138.7566 25 80.08
247.8156 145.2901 25 80.11337
249.3065 153.2722 25 80.14673
250.2165 160.7289 25 80.1801
249.4088 167.8477 25 80.21347
248.2063 175.7107 25 80.24683
246.711 182.7633 25 80.2802
245.4141 190.3491 25 80.31357
243.7415 197.7942 25 80.34693
242.4491 204.9748 25 80.3803
241.9199 212.2244 25 80.41367
241.1376 219.7494 25 80.44703
241.7295 227.4645 25 80.4804
242.4814 235.163 25 80.51377
242.8284 242.3745 25 80.54713
243.5086 249.2016 25 80.5805
244.4847 256.2025 25 80.61387
245.7862 263.3418 25 80.64723
247.8433 269.7654 25 80.6806
248.796 277.4978 25 80.71397
250.9858 284.9519 25 80.74733
253.0591 292.6552 25 80.7807
255.1699 300.3515 25 80.81407
256.6721 307.9282 25 80.84743
258.5678 315.9587 25 80.8808
260.0642 323.5993 25 80.91417
262.3287 330.8879 25 80.94753
264.4102 337.3447 25 80.9809
266.1164 343.4501 25 81.01427
268.4633 350.3191 25 81.04763
270.7474 357.2131 25 81.081
273.0879 363.5366 25 81.11437
274.2448 369.979 25 81.14773
277.2866 376.6349 25 81.1811
278.7032 383.6265 25 81.21447
280.6351 390.0642 25 81.24783
283.3812 397.3253 25 81.2812
285.5601 404.7961 25 81.31457
287.8717 411.9268 25 81.34793
290.1087 418.4331 25 81.3813
294.0326 425.6024 25 81.41467
295.505 432.5354 25 81.44803
297.8524 439.0926 25 81.4814
