371.5206 792.6254 26 0
432.1805 933.86 26 0.03336667
426.7029 931.0631 26 0.06673333
421.9136 931.5468 26 0.1001
420.5574 931.8131 26 0.1334667
420.5758 933.0735 26 0.1668333
420.8714 933.3392 26 0.2002
423.5699 934.1703 26 0.2335667
428.6234 931.7996 26 0.2669333
432.2413 933.8299 26 0.3003
436.9909 933.3516 26 0.3336667
442.1164 933.8041 26 0.3670333
447.0042 935.342 26 0.4004
453.1749 934.1337 26 0.4337667
458.9884 935.5672 26 0.4671333
465.1343 935.8283 26 0.5005
471.0247 936.5376 26 0.5338667
476.5917 935.4285 26 0.5672333
482.108 936.4017 26 0.6006
487.0005 935.0301 26 0.6339667
492.2583 935.7902 26 0.6673333
497.8996 935.132 26 0.7007
503.6876 935.3237 26 0.7340667
510.2409 934.9887 26 0.7674333
517.1147 934.3751 26 0.8008
524.6167 933.8801 26 0.8341667
528.8521 931.8553 26 0.8675333
534.39 932.1348 26 0.9009
539.9948 931.3258 26 0.9342667
545.9968 930.9099 26 0.9676333
550.3226 930.0965 26 1.001
554.7351 929.1777 26 1.034367
559.6608 927.9661 26 1.067733
565.8424 927.5181 26 1.1011
573.2438 925.1081 26 1.134467
579.3184 924.3196 26 1.167833
583.5885 922.4795 26 1.2012
586.4758 921.7235 26 1.234567
590.0873 920.1824 26 1.267933
595.4385 920.0369 26 1.3013
601.4553 919.9519 26 1.334667
605.9144 917.6027 26 1.368033
609.7844 917.1328 26 1.4014
613.2343 914.4573 26 1.434767
617.8342 913.0521 26 1.468133
618.6284 912.452 26 1.5015
620.4192 912.0584 26 1.534867
621.0127 910.4659 26 1.568233
621.8883 907.8609 26 1.6016
622.3892 903.469 26 1.634967
623.6324 897.5061 26 1.668333
622.8017 891.0189 26 1.7017
622.3448 882.2686 26 1.735067
619.9247 874.6526 26 1.768433
619.216 866.5371 26 1.8018
617.6348 858.6969 26 1.835167
616.6071 850.2865 26 1.868533
615.2357 842.1614 26 1.9019
613.4277 834.0596 26 1.935267
611.3879 826.1946 26 1.968633
609.0143 818.1831 26 2.002
606.8946 810.6611 26 2.035367
604.0438 803.2877 26 2.068733
601.0748 795.5227 26 2.1021
597.9534 788.4671 26 2.135467
594.4392 780.7696 26 2.168833
591.175 773.1129 26 2.2022
587.3843 767.1876 26 2.235567
583.9731 760.8864 26 2.268933
578.971 756.209 26 2.3023
574.0016 752.0138 26 2.335667
568.6029 748.6449 26 2.369033
564.3365 745.1351 26 2.4024
559.7039 741.2629 26 2.435767
554.9498 736.9769 26 2.469133
548.435 737.311 26 2.5025
541.6793 737.1063 26 2.535867
535.3623 735.6253 26 2.569233
528.29 732.1951 26 2.6026
520.5466 729.696 26 2.635967
514.0188 726.1414 26 2.669333
507.2708 722.1873 26 2.7027
500.6547 718.9629 26 2.736067
493.7179 715.0792 26 2.769433
485.9548 711.9882 26 2.8028
479.2823 707.7291 26 2.836167
472.4675 704.019 26 2.869533
465.0004 700.2466 26 2.9029
457.7633 696.2723 26 2.936267
450.8015 692.8654 26 2.969633
443.4298 689.0109 26 3.003
435.8409 685.7904 26 3.036367
428.8658 682.9808 26 3.069733
421.2327 680.8264 26 3.1031
414.3943 677.7362 26 3.136467
406.3912 674.9995 26 3.169833
399.0052 671.9192 26 3.2032
391.5993 669.4704 26 3.236567
383.4985 667.4516 26 3.269933
376.7252 665.5927 26 3.3033
368.9281 663.716 26 3.336667
361.6004 660.7397 26 3.370033
354.0456 657.9462 26 3.4034
345.9704 655.6085 26 3.436767
338.3227 653.3602 26 3.470133
330.9108 651.0627 26 3.5035
322.7579 648.8273 26 3.536867
314.7741 646.4152 26 3.570233
306.4085 644.1424 26 3.6036
299.3634 641.5494 26 3.636967
291.7031 639.3252 26 3.670333
283.3911 637.8547 26 3.7037
276.7349 635.8301 26 3.737067
267.7307 634.4003 26 3.770433
260.8639 633.1114 26 3.8038
252.3009 631.3357 26 3.837167
245.1076 629.6475 26 3.870533
235.9256 628.0502 26 3.9039
228.4096 626.5704 26 3.937267
219.7609 625.0209 26 3.970633
212.0697 623.3583 26 4.004
204.1441 622.0904 26 4.037367
195.8055 620.7395 26 4.070733
188.5451 619.3743 26 4.1041
179.7716 618.1421 26 4.137467
172.1883 616.9558 26 4.170833
164.0474 616.0036 26 4.2042
156.0425 614.8982 26 4.237567
148.0223 614.1216 26 4.270933
140.7126 612.9076 26 4.3043
132.7254 611.9093 26 4.337667
125.2906 611.0076 26 4.371033
117.4741 609.9649 26 4.4044
109.412 609.1741 26 4.437767
101.2203 608.0614 26 4.471133
92.36312 607.631 26 4.5045
84.79121 606.8863 26 4.537867
76.28849 606.2878 26 4.571233
68.15493 605.9922 26 4.6046
60.04749 605.5967 26 4.637967
51.90325 605.3935 26 4.671333
47.08328 604.4191 26 4.7047
45.17308 602.8747 26 4.738067
45.71902 600.9324 26 4.771433
45.90467 600.1141 26 4.8048
45.03962 599.2446 26 4.838167
44.60306 599.7977 26 4.871533
46.20529 599.583 26 4.9049
45.29288 600.3146 26 4.938267
45.47036 601.3131 26 4.971633
45.7298 600.7734 26 5.005
45.75377 601.448 26 5.038367
45.90458 603.1729 26 5.071733
44.75865 605.0892 26 5.1051
46.94242 608.2548 26 5.138467
47.96708 611.6622 26 5.171833
50.0252 616.1117 26 5.2052
51.63167 621.7459 26 5.238567
53.47089 627.3001 26 5.271933
55.45754 631.6904 26 5.3053
55.73065 634.7529 26 5.338667
56.08153 636.8225 26 5.372033
56.81502 638.5823 26 5.4054
57.30703 639.1758 26 5.438767
56.89368 639.9907 26 5.472133
56.91008 641.0478 26 5.5055
57.70071 642.075 26 5.538867
58.27356 642.9058 26 5.572233
56.75729 643.076 26 5.6056
58.66864 643.295 26 5.638967
59.09287 643.6177 26 5.672333
59.71858 645.6613 26 5.7057
59.62022 647.0684 26 5.739067
60.383 648.1202 26 5.772433
60.55683 650.1002 26 5.8058
61.78387 650.8038 26 5.839167
62.06865 650.0483 26 5.872533
61.56293 648.671 26 5.9059
61.32718 646.6539 26 5.939267
60.3693 644.2622 26 5.972633
59.25767 640.8173 26 6.006
57.48074 638.0006 26 6.039367
56.60476 634.3399 26 6.072733
55.02013 631.7542 26 6.1061
53.59517 627.2562 26 6.139467
52.45441 622.6696 26 6.172833
51.04873 619.4202 26 6.2062
49.01076 614.6579 26 6.239567
50.06691 613.0851 26 6.272933
48.81202 613.0399 26 6.3063
48.89419 613.2698 26 6.339667
50.16316 614.4858 26 6.373033
49.90825 616.0294 26 6.4064
50.97742 618.7824 26 6.439767
51.66322 620.9651 26 6.473133
52.99853 623.392 26 6.5065
53.13656 626.6054 26 6.539867
54.3926 629.4149 26 6.573233
54.85182 632.5939 26 6.6066
56.93493 632.8452 26 6.639967
56.08191 632.2076 26 6.673333
55.49282 630.8471 26 6.7067
53.71753 628.8697 26 6.740067
53.39021 625.2228 26 6.773433
52.074 621.6257 26 6.8068
50.13424 617.9365 26 6.840167
49.86139 616.7291 26 6.873533
49.32862 615.5085 26 6.9069
48.87459 615.8982 26 6.940267
48.23378 615.804 26 6.973633
49.50107 615.3878 26 7.007
49.93135 616.2428 26 7.040367
50.62678 617.8709 26 7.073733
50.69882 619.8626 26 7.1071
51.86925 621.6666 26 7.140467
52.6413 623.9619 26 7.173833
53.05021 625.467 26 7.2072
54.06562 626.8579 26 7.240567
53.73995 628.66 26 7.273933
54.46674 629.2739 26 7.3073
54.83296 631.6216 26 7.340667
53.911 632.9 26 7.374033
55.54411 634.7037 26 7.4074
54.1523 635.4459 26 7.440767
55.7513 635.8853 26 7.474133
56.49136 636.128 26 7.5075
56.9033 636.9529 26 7.540867
56.66157 637.4691 26 7.574233
55.96223 638.7645 26 7.6076
57.14141 638.2597 26 7.640967
57.05318 638.0404 26 7.674333
56.01521 636.9408 26 7.7077
55.59325 635.529 26 7.741067
55.70255 633.5337 26 7.774433
54.5112 632.6627 26 7.8078
54.20707 629.4775 26 7.841167
53.34111 627.3763 26 7.874533
52.58368 623.8275 26 7.9079
51.12211 621.6492 26 7.941267
50.71576 618.0653 26 7.974633
50.41369 616.9072 26 8.008
50.2857 616.2282 26 8.041367
49.79743 617.1337 26 8.074733
49.68077 618.9892 26 8.1081
50.98449 621.7371 26 8.141467
51.62536 624.1378 26 8.174833
53.18471 625.6315 26 8.2082
52.57663 628.2796 26 8.241567
53.2742 630.0775 26 8.274933
54.32029 631.7788 26 8.3083
55.71279 633.9695 26 8.341667
57.27251 637.0814 26 8.375033
57.89544 641.7358 26 8.4084
59.32661 646.8795 26 8.441767
62.9104 652.1539 26 8.475133
63.88086 658.2023 26 8.5085
67.4016 664.2747 26 8.541867
69.74333 668.9464 26 8.575233
71.92267 673.1243 26 8.6086
73.12811 676.0343 26 8.641967
73.68668 677.3063 26 8.675333
72.9766 677.4888 26 8.7087
73.46587 675.7008 26 8.742067
72.92949 672.5587 26 8.775433
70.43335 668.7098 26 8.8088
69.0287 664.5605 26 8.842167
67.02064 659.2737 26 8.875533
64.98874 654.8989 26 8.9089
62.73729 649.1773 26 8.942267
61.48699 643.2182 26 8.975633
57.57887 638.95 26 9.009
56.11842 633.553 26 9.042367
55.53406 626.2419 26 9.075733
53.01747 620.3367 26 9.1091
50.43112 615.0862 26 9.142467
49.20054 607.6982 26 9.175833
46.25482 601.0978 26 9.2092
44.56776 593.7766 26 9.242567
42.90469 588.2388 26 9.275933
42.08034 580.9309 26 9.3093
37.23736 575.2623 26 9.342667
39.02164 570.0647 26 9.376033
36.88486 567.9497 26 9.4094
37.53646 566.002 26 9.442767
37.67307 566.9828 26 9.476133
36.88397 568.6899 26 9.5095
38.40357 572.5045 26 9.542867
41.73416 576.1331 26 9.576233
41.6912 580.8514 26 9.6096
41.88387 585.3011 26 9.642967
42.77253 589.0708 26 9.676333
42.84904 593.2217 26 9.7097
44.73779 597.6883 26 9.743067
46.83699 603.1249 26 9.776433
47.86696 608.5883 26 9.8098
49.70582 613.5956 26 9.843167
50.44798 618.8515 26 9.876533
51.5383 622.8027 26 9.9099
53.1855 626.5049 26 9.943267
54.26979 631.2537 26 9.976633
57.00907 636.2743 26 10.01
58.20196 639.7556 26 10.04337
59.06172 642.8932 26 10.07673
60.29017 645.0415 26 10.1101
60.61291 646.5323 26 10.14347
60.10546 646.0021 26 10.17683
60.15002 644.4781 26 10.2102
58.48869 641.6324 26 10.24357
59.00312 635.7246 26 10.27693
57.68885 630.7219 26 10.3103
55.73703 625.8144 26 10.34367
52.53112 620.1329 26 10.37703
52.07776 612.982 26 10.4104
48.3655 606.677 26 10.44377
45.92116 599.7541 26 10.47713
46.01563 590.8036 26 10.5105
42.91188 583.1881 26 10.54387
41.64844 575.4595 26 10.57723
39.99799 568.9281 26 10.6106
37.82647 561.5294 26 10.64397
37.20109 555.7176 26 10.67733
36.03811 551.1348 26 10.7107
35.32618 547.4027 26 10.74407
35.09303 544.01 26 10.77743
33.06425 543.7458 26 10.8108
35.6814 544.6795 26 10.84417
34.07849 548.2825 26 10.87753
35.98406 550.8114 26 10.9109
36.94766 554.7299 26 10.94427
37.01285 558.2965 26 10.97763
38.46354 562.5125 26 11.011
37.78126 567.5917 26 11.04437
39.63115 572.2361 26 11.07773
40.12418 577.7744 26 11.1111
41.23775 583.0918 26 11.14447
42.50463 586.4714 26 11.17783
43.92548 590.3151 26 11.2112
43.60295 590.5902 26 11.24457
43.7468 590.1524 26 11.27793
43.18327 586.5089 26 11.3113
42.62791 582.1385 26 11.34467
41.93379 577.0668 26 11.37803
40.69984 577.6158 26 11.4114
41.61629 578.9916 26 11.44477
41.8637 578.0697 26 11.47813
40.74289 577.2219 26 11.5115
39.67094 576.9995 26 11.54487
41.59627 574.537 26 11.57823
41.39414 574.6742 26 11.6116
41.82141 572.6228 26 11.64497
41.60987 572.1634 26 11.67833
41.60824 571.6287 26 11.7117
40.06318 571.66 26 11.74507
40.85134 571.9207 26 11.77843
39.63252 571.891 26 11.8118
38.12128 572.1865 26 11.84517
37.68915 572.3957 26 11.87853
36.20618 572.0549 26 11.9119
34.65269 570.7718 26 11.94527
36.12584 568.6471 26 11.97863
38.35543 571.7072 26 12.012
40.48959 575.0841 26 12.04537
46.78981 576.4461 26 12.07873
52.76059 579.5156 26 12.1121
60.86705 582.6637 26 12.14547
68.90994 584.6302 26 12.17883
75.66063 588.1945 26 12.2122
83.25343 590.6193 26 12.24557
91.63638 592.3957 26 12.27893
99.45261 593.1363 26 12.3123
107.0676 594.389 26 12.34567
114.8 595.6064 26 12.37903
122.7896 596.453 26 12.4124
130.1144 597.4178 26 12.44577
137.8462 598.1764 26 12.47913
145.5099 599.1649 26 12.5125
153.0965 600.3404 26 12.54587
157.6847 603.9832 26 12.57923
159.6189 609.8718 26 12.6126
163.3638 616.4187 26 12.64597
168.5444 622.5382 26 12.67933
172.1372 630.4646 26 12.7127
177.847 637.3125 26 12.74607
182.776 645.4325 26 12.77943
188.089 652.2294 26 12.8128
194.2841 657.8799 26 12.84617
200.4066 663.1599 26 12.87953
207.0604 667.728 26 12.9129
213.8791 671.8502 26 12.94627
220.5521 675.5623 26 12.97963
227.8373 679.2563 26 13.013
234.8187 682.5619 26 13.04637
241.836 685.5365 26 13.07973
248.4275 686.1886 26 13.1131
254.9043 684.2578 26 13.14647
262.0841 683.7499 26 13.17983
269.8535 683.6882 26 13.2132
277.135 684.1251 26 13.24657
284.6763 684.5381 26 13.27993
292.6909 683.2728 26 13.3133
300.4947 682.0095 26 13.34667
307.476 679.1811 26 13.38003
314.0567 677.1756 26 13.4134
321.5686 674.8792 26 13.44677
328.8691 673.4348 26 13.48013
335.7883 671.8258 26 13.5135
344.2375 672.7043 26 13.54687
351.5855 670.7903 26 13.58023
359.7258 671.0983 26 13.6136
367.9382 670.6807 26 13.64697
375.5243 669.9752 26 13.68033
384.5088 669.6661 26 13.7137
392.8899 669.6133 26 13.74707
400.6033 669.0605 26 13.78043
408.4323 667.9394 26 13.8138
416.2705 666.8993 26 13.84717
423.6039 665.8731 26 13.88053
431.0014 664.486 26 13.9139
438.6617 662.9001 26 13.94727
446.2155 661.3597 26 13.98063
453.6199 659.5397 26 14.014
460.9547 657.9093 26 14.04737
468.0875 656.0213 26 14.08073
475.471 654.2556 26 14.1141
482.8199 652.385 26 14.14747
490.3833 650.3856 26 14.18083
497.7121 648.4881 26 14.2142
505.493 646.17 26 14.24757
513.0661 643.6632 26 14.28093
518.6546 646.1746 26 14.3143
524.4265 648.1638 26 14.34767
530.6568 650.3173 26 14.38103
537.7273 650.5638 26 14.4144
543.5819 649.4397 26 14.44777
549.4647 651.2522 26 14.48113
556.5408 652.1768 26 14.5145
563.3905 652.952 26 14.54787
568.6292 654.9183 26 14.58123
574.4099 655.8051 26 14.6146
580.3249 656.1884 26 14.64797
586.0815 656.0068 26 14.68133
591.8206 654.6702 26 14.7147
597.8117 655.4772 26 14.74807
604.4999 657.1523 26 14.78143
609.7922 656.6536 26 14.8148
615.406 655.6453 26 14.84817
622.0009 654.8811 26 14.88153
628.9402 656.0355 26 14.9149
635.9358 657.7148 26 14.94827
642.7435 658.867 26 14.98163
648.762 658.6682 26 15.015
654.2586 657.687 26 15.04837
660.497 657.2987 26 15.08173
667.1103 657.2639 26 15.1151
673.9251 656.9145 26 15.14847
680.8478 656.3951 26 15.18183
687.7568 655.9301 26 15.2152
694.9038 655.6565 26 15.24857
701.758 655.6637 26 15.28193
709.2696 655.2475 26 15.3153
716.3867 654.9554 26 15.34867
723.4435 654.469 26 15.38203
730.8602 654.2702 26 15.4154
737.8056 654.0953 26 15.44877
744.7354 653.8622 26 15.48213
751.492 653.6243 26 15.5155
758.0661 653.1927 26 15.54887
764.7154 653.1766 26 15.58223
771.2356 652.8925 26 15.6156
778.0149 652.4007 26 15.64897
784.5137 651.8586 26 15.68233
791.2542 651.6 26 15.7157
797.982 651.508 26 15.74907
805.434 651.037 26 15.78243
811.9433 650.9704 26 15.8158
817.9543 650.976 26 15.84917
824.189 651.4204 26 15.88253
830.8001 651.8092 26 15.9159
837.5156 652.2388 26 15.94927
844.2375 653.0916 26 15.98263
850.8182 653.9381 26 16.016
857.7917 654.7363 26 16.04937
864.5261 655.7457 26 16.08273
871.5876 656.8949 26 16.1161
878.5185 658.0335 26 16.14947
885.5932 659.0548 26 16.18283
889.833 659.3244 26 16.2162
890.3551 656.8012 26 16.24957
890.855 654.424 26 16.28293
891.0741 653.1027 26 16.3163
891.8017 651.4228 26 16.34967
892.4282 649.0798 26 16.38303
893.226 648.0834 26 16.4164
893.4581 647.0658 26 16.44977
892.168 648.3452 26 16.48313
891.7039 650.6288 26 16.5165
889.5475 654.0176 26 16.54987
888.2303 658.0413 26 16.58323
886.5628 662.302 26 16.6166
885.6783 666.1753 26 16.64997
883.7326 670.4263 26 16.68333
881.6295 675.3939 26 16.7167
880.0698 678.456 26 16.75007
878.0621 682.282 26 16.78343
879.2684 681.3297 26 16.8168
881.025 680.274 26 16.85017
881.2036 678.8717 26 16.88353
880.5487 677.4031 26 16.9169
881.8683 676.1895 26 16.95027
883.1068 673.2185 26 16.98363
884.8863 674.0497 26 17.017
886.6154 672.7529 26 17.05037
882.3558 672.9644 26 17.08373
874.6933 673.6693 26 17.1171
869.6878 675.8537 26 17.15047
865.2095 679.0803 26 17.18383
859.1744 683.4477 26 17.2172
853.2007 687.4359 26 17.25057
847.2129 690.9114 26 17.28393
841.0468 694.3405 26 17.3173
835.1909 692.6242 26 17.35067
828.9963 691.2668 26 17.38403
823.2363 690.0603 26 17.4174
816.5421 690.3375 26 17.45077
809.15 692.1548 26 17.48413
802.2357 693.6275 26 17.5175
794.8231 695.612 26 17.55087
788.0056 697.3742 26 17.58423
781.0545 699.1289 26 17.6176
774.0167 700.522 26 17.65097
766.7449 702.0374 26 17.68433
759.7739 703.6324 26 17.7177
755.1667 705.6415 26 17.75107
749.4286 707.3854 26 17.78443
742.6679 708.9685 26 17.8178
735.5361 710.3858 26 17.85117
728.6151 711.1277 26 17.88453
721.2405 711.682 26 17.9179
713.9824 711.8748 26 17.95127
706.5874 712.5599 26 17.98463
699.1598 713.0628 26 18.018
692.0101 713.4141 26 18.05137
684.7513 713.5122 26 18.08473
677.0147 714.2621 26 18.1181
669.8746 714.5534 26 18.15147
661.5524 715.0385 26 18.18483
653.525 715.0744 26 18.2182
645.4049 715.8299 26 18.25157
637.369 716.238 26 18.28493
629.2242 716.6482 26 18.3183
620.9453 717.0407 26 18.35167
612.9665 717.4295 26 18.38503
605.202 718.0654 26 18.4184
597.4564 718.6644 26 18.45177
589.3897 719.3541 26 18.48513
581.7987 719.9774 26 18.5185
573.5807 721.1504 26 18.55187
566.0256 721.9939 26 18.58523
558.0714 723.1036 26 18.6186
550.2098 723.897 26 18.65197
542.3061 725.4267 26 18.68533
534.7291 727.8831 26 18.7187
527.7485 730.0476 26 18.75207
520.272 732.3265 26 18.78543
512.7226 734.7842 26 18.8188
505.0181 737.4587 26 18.85217
497.7555 740.2844 26 18.88553
490.4253 742.9228 26 18.9189
482.8298 745.9567 26 18.95227
475.4546 749.3244 26 18.98563
468.38 753.0223 26 19.019
461.6208 756.3201 26 19.05237
454.6389 759.9 26 19.08573
447.7258 763.6768 26 19.1191
440.7814 767.5311 26 19.15247
434.0884 771.303 26 19.18583
427.1758 775.1521 26 19.2192
420.2123 779.1292 26 19.25257
413.0802 783.3554 26 19.28593
406.3939 787.5952 26 19.3193
399.7929 791.5503 26 19.35267
393.0525 795.4747 26 19.38603
386.3489 799.7758 26 19.4194
379.9606 803.6764 26 19.45277
372.9527 808.0758 26 19.48613
366.3127 812.1252 26 19.5195
359.6851 816.2027 26 19.55287
354.3783 821.1976 26 19.58623
348.4256 825.8617 26 19.6196
341.8787 830.026 26 19.65297
335.092 834.0935 26 19.68633
328.0767 838.2982 26 19.7197
322.1991 843.5812 26 19.75307
315.8651 848.2757 26 19.78643
309.5132 852.8738 26 19.8198
302.8466 857.0145 26 19.85317
297.9935 862.8022 26 19.88653
292.9361 868.3852 26 19.9199
287.3586 873.5223 26 19.95327
281.5247 878.107 26 19.98663
274.9873 882.9745 26 20.02
270.3977 885.3718 26 20.05337
266.1531 881.7823 26 20.08673
261.8524 879.9912 26 20.1201
261.7944 879.9925 26 20.15347
259.8254 879.0518 26 20.18683
257.6685 877.2575 26 20.2202
252.9345 875.2021 26 20.25357
247.5034 871.7689 26 20.28693
242.5833 868.0708 26 20.3203
237.9968 865.6279 26 20.35367
233.5795 861.7621 26 20.38703
227.8236 859.0685 26 20.4204
224.8686 856.754 26 20.45377
221.0567 853.6897 26 20.48713
216.1731 850.4119 26 20.5205
215.2189 848.9218 26 20.55387
213.6817 850.1 26 20.58723
212.3715 850.6917 26 20.6206
210.0113 848.8399 26 20.65397
207.8174 844.684 26 20.68733
202.757 841.0004 26 20.7207
198.9399 835.7195 26 20.75407
198.3863 834.3841 26 20.78743
194.8094 833.3601 26 20.8208
192.0475 830.2266 26 20.85417
189.5686 828.8369 26 20.88753
188.0454 828.3731 26 20.9209
187.262 825.7993 26 20.95427
186.0479 826.4489 26 20.98763
185.1659 823.918 26 21.021
183.8281 821.1482 26 21.05437
179.0879 816.3261 26 21.08773
172.9725 813.6411 26 21.1211
166.1726 809.3192 26 21.15447
162.5317 803.1275 26 21.18783
158.0699 797.8563 26 21.2212
153.0411 794.2328 26 21.25457
147.4991 789.0758 26 21.28793
143.82 781.3021 26 21.3213
138.8927 776.4727 26 21.35467
134.7869 770.8681 26 21.38803
131.1279 765.3564 26 21.4214
126.564 762.1109 26 21.45477
123.271 758.8184 26 21.48813
120.6769 753.8594 26 21.5215
117.1706 750.0519 26 21.55487
113.6515 746.4985 26 21.58823
111.1535 742.8106 26 21.6216
108.8499 737.3088 26 21.65497
105.4981 733.9124 26 21.68833
102.9347 729.4419 26 21.7217
100.1122 725.0967 26 21.75507
97.1971 720.0074 26 21.78843
94.84099 716.1465 26 21.8218
93.17372 714.8744 26 21.85517
92.88981 715.5578 26 21.88853
93.08575 714.976 26 21.9219
92.21573 713.9933 26 21.95527
93.90289 714.7797 26 21.98863
94.3493 713.339 26 22.022
94.02617 714.337 26 22.05537
91.63571 714.9363 26 22.08873
92.83868 714.7168 26 22.1221
92.51276 717.1125 26 22.15547
94.58514 716.2962 26 22.18883
94.84519 717.0867 26 22.2222
94.91818 716.0713 26 22.25557
97.30218 716.0885 26 22.28893
97.3527 716.2956 26 22.3223
100.1332 717.9904 26 22.35567
101.4129 719.5828 26 22.38903
102.6416 721.9208 26 22.4224
108.2757 723.731 26 22.45577
109.9245 724.2448 26 22.48913
115.7085 723.7972 26 22.5225
123.7216 721.7546 26 22.55587
130.3413 717.0199 26 22.58923
136.94 712.363 26 22.6226
142.214 707.0759 26 22.65597
147.6344 702.5357 26 22.68933
153.3242 698.0115 26 22.7227
158.9434 693.3168 26 22.75607
165.2518 688.6226 26 22.78943
171.9277 683.3528 26 22.8228
178.2669 678.6563 26 22.85617
184.7631 673.9614 26 22.88953
190.6829 669.412 26 22.9229
197.0022 664.9843 26 22.95627
203.0695 660.4551 26 22.98963
208.6844 656.1359 26 23.023
214.8412 651.3802 26 23.05637
221.1807 646.3617 26 23.08973
227.2791 641.479 26 23.1231
233.2954 636.809 26 23.15647
239.1259 631.9272 26 23.18983
244.6953 626.9407 26 23.2232
250.841 622.0424 26 23.25657
256.8071 617.4319 26 23.28993
269.0731 607.9339 26 23.3233
269.0731 607.9339 26 23.35667
275.4221 603.1074 26 23.39003
287.4179 593.6427 26 23.4234
287.4179 593.6427 26 23.45677
293.8073 588.7336 26 23.49013
301.6765 581.5505 26 23.5235
301.6765 581.5505 26 23.55687
305.1826 577.4875 26 23.59023
312.3511 567.013 26 23.6236
312.3511 567.013 26 23.65697
317.5221 557.0788 26 23.69033
320.2203 550.9926 26 23.7237
320.2203 550.9926 26 23.75707
325.3916 538.1361 26 23.79043
327.9177 531.1359 26 23.8238
327.9177 531.1359 26 23.85717
333.1881 516.2142 26 23.89053
333.0862 514.8895 26 23.9239
329.1628 518.5152 26 23.95727
324.4853 521.1449 26 23.99063
320.7418 521.8884 26 24.024
316.3397 522.0314 26 24.05737
312.8982 519.8012 26 24.09073
308.8367 516.4325 26 24.1241
308.3501 510.9804 26 24.15747
307.7368 504.6183 26 24.19083
309.803 499.1464 26 24.2242
313.7017 493.8563 26 24.25757
318.3242 489.0255 26 24.29093
320.4293 488.9184 26 24.3243
323.1389 489.2613 26 24.35767
326.9045 488.5844 26 24.39103
331.0254 489.1557 26 24.4244
335.9778 489.3888 26 24.45777
341.9096 489.1713 26 24.49113
347.3419 486.3387 26 24.5245
353.7773 483.2397 26 24.55787
360.1887 479.3921 26 24.59123
366.6083 475.2149 26 24.6246
373.1273 471.1073 26 24.65797
379.8315 466.7636 26 24.69133
386.1908 462.8291 26 24.7247
392.4726 460.7825 26 24.75807
397.9419 460.2873 26 24.79143
404.5961 459.9518 26 24.8248
410.0816 457.3165 26 24.85817
415.6705 452.8473 26 24.89153
421.743 447.4317 26 24.9249
426.9962 440.816 26 24.95827
431.6915 434.0542 26 24.99163
435.9373 427.1798 26 25.025
439.2753 420.3724 26 25.05837
442.5964 413.3566 26 25.09173
445.2024 406.4671 26 25.1251
448.1997 398.9814 26 25.15847
450.3811 391.1791 26 25.19183
452.8688 383.9123 26 25.2252
454.8247 376.6933 26 25.25857
456.4757 369.5736 26 25.29193
458.3963 362.3569 26 25.3253
460.1818 354.592 26 25.35867
461.8353 346.9925 26 25.39203
463.4592 339.9889 26 25.4254
465.1186 332.5445 26 25.45877
467.0819 324.979 26 25.49213
468.9221 317.8685 26 25.5255
470.9274 310.4296 26 25.55887
472.7849 303.2689 26 25.59223
475.03 295.8749 26 25.6256
476.6276 288.4054 26 25.65897
479.2204 281.4287 26 25.69233
481.3164 273.7541 26 25.7257
483.5312 265.9871 26 25.75907
485.5593 258.643 26 25.79243
487.5635 251.3959 26 25.8258
489.7867 243.9572 26 25.85917
491.6824 236.4795 26 25.89253
493.9788 228.8616 26 25.9259
495.7809 221.6062 26 25.95927
497.7419 214.074 26 25.99263
499.4128 206.3289 26 26.026
501.579 199.0492 26 26.05937
503.3014 191.1674 26 26.09273
505.6045 183.9984 26 26.1261
507.4439 176.2684 26 26.15947
509.5604 169.0028 26 26.19283
511.4744 161.3538 26 26.2262
513.4273 153.923 26 26.25957
515.4151 146.2608 26 26.29293
517.2695 138.1809 26 26.3263
519.287 131.0418 26 26.35967
521.0432 123.1995 26 26.39303
523.2222 115.2631 26 26.4264
524.9616 107.539 26 26.45977
526.7358 99.84795 26 26.49313
528.3988 92.48804 26 26.5265
530.1449 85.00382 26 26.55987
532.3436 77.27181 26 26.59323
534.565 69.70551 26 26.6266
536.0952 62.25686 26 26.65997
538.4587 62.38967 26 26.69333
541.0335 62.36652 26 26.7267
545.9062 61.77005 26 26.76007
550.5047 62.8312 26 26.79343
554.6832 63.26417 26 26.8268
558.1615 64.34933 26 26.86017
560.8368 63.9136 26 26.89353
563.5496 65.42909 26 26.9269
565.9206 65.10521 26 26.96027
566.9103 65.91755 26 26.99363
566.7221 65.10521 26 27.027
565.1471 64.35288 26 27.06037
561.934 64.36064 26 27.09373
558.5441 62.61958 26 27.1271
554.3084 62.31441 26 27.16047
549.8409 60.91243 26 27.19383
544.5976 60.37071 26 27.2272
537.2054 59.35525 26 27.26057
532.8457 58.07684 26 27.29393
526.2843 58.26399 26 27.3273
519.7184 58.18149 26 27.36067
515.3433 57.70357 26 27.39403
510.507 56.00795 26 27.4274
505.0684 56.90784 26 27.46077
499.7697 54.96673 26 27.49413
494.3162 55.30594 26 27.5275
489.1077 55.46612 26 27.56087
486.0276 54.90659 26 27.59423
484.5397 55.73427 26 27.6276
483.0838 53.93446 26 27.66097
479.7384 53.81969 26 27.69433
477.2597 55.07554 26 27.7277
473.2848 53.37974 26 27.76107
468.9156 54.34315 26 27.79443
464.6124 54.36471 26 27.8278
460.4521 54.3936 26 27.86117
455.6079 54.51112 26 27.89453
451.2424 55.45486 26 27.9279
445.3251 55.78285 26 27.96127
440.2177 56.73522 26 27.99463
437.284 55.69808 26 28.028
435.486 55.81369 26 28.06137
431.823 56.56738 26 28.09473
428.2028 57.00044 26 28.1281
425.3479 56.9176 26 28.16147
422.0656 57.84132 26 28.19483
418.899 57.48977 26 28.2282
417.4667 57.53546 26 28.26157
416.3152 56.9829 26 28.29493
417.0035 57.82871 26 28.3283
418.879 58.19536 26 28.36167
422.9533 57.81236 26 28.39503
428.5976 58.23451 26 28.4284
434.7473 56.85678 26 28.46177
441.8028 57.31642 26 28.49513
446.6123 55.99815 26 28.5285
453.332 56.07682 26 28.56187
460.9358 56.46002 26 28.59523
468.2726 55.94066 26 28.6286
472.9303 54.41862 26 28.66197
480.2381 56.37394 26 28.69533
485.8668 55.83113 26 28.7287
490.5765 56.22654 26 28.76207
494.6708 56.18142 26 28.79543
499.9089 56.90617 26 28.8288
503.9209 56.38163 26 28.86217
508.7539 55.40406 26 28.89553
513.8929 56.99137 26 28.9289
518.5474 57.03599 26 28.96227
522.0779 58.38465 26 28.99563
524.1373 58.74393 26 29.029
526.8049 58.82777 26 29.06237
527.3736 58.91393 26 29.09573
527.9671 58.81089 26 29.1291
524.7209 58.4309 26 29.16247
519.3794 57.44853 26 29.19583
513.891 56.08575 26 29.2292
508.3916 56.11206 26 29.26257
503.1488 56.21528 26 29.29593
496.2621 55.21166 26 29.3293
489.8615 56.7005 26 29.36267
481.6175 55.90494 26 29.39603
473.9456 53.70257 26 29.4294
466.5856 55.18602 26 29.46277
459.742 54.88092 26 29.49613
451.9434 54.2243 26 29.5295
444.896 56.46717 26 29.56287
438.5239 58.5759 26 29.59623
430.9089 55.92213 26 29.6296
426.0849 58.72907 26 29.66297
419.4061 60.35904 26 29.69633
412.1007 60.63874 26 29.7297
404.9927 60.45565 26 29.76307
397.6038 60.06302 26 29.79643
392.3981 63.13637 26 29.8298
384.8601 62.62197 26 29.86317
379.054 64.35927 26 29.89653
371.6037 65.90546 26 29.9299
365.4164 67.57363 26 29.96327
359.6724 71.05205 26 29.99663
352.6872 71.37233 26 30.03
345.6535 72.12666 26 30.06337
340.2451 73.89257 26 30.09673
335.2021 76.59438 26 30.1301
330.5811 77.56478 26 30.16347
324.6284 80.5255 26 30.19683
318.3126 81.44746 26 30.2302
312.465 85.36467 26 30.26357
305.9783 87.85857 26 30.29693
298.6201 89.34734 26 30.3303
292.3917 92.85163 26 30.36367
285.7275 96.01299 26 30.39703
280.0229 99.52934 26 30.4304
272.762 101.513 26 30.46377
266.3876 103.9779 26 30.49713
262.7595 105.8603 26 30.5305
259.7865 109.36 26 30.56387
255.4857 109.7727 26 30.59723
252.4165 114.0378 26 30.6306
249.7873 115.7544 26 30.66397
242.2495 119.5681 26 30.69733
238.7228 123.0255 26 30.7307
233.733 125.0608 26 30.76407
231.1529 126.4305 26 30.79743
227.4065 126.7919 26 30.8308
223.0447 131.2689 26 30.86417
222.5162 132.0877 26 30.89753
220.6944 132.4335 26 30.9309
219.9401 132.719 26 30.96427
218.2131 132.716 26 30.99763
216.9449 134.8645 26 31.031
215.2134 135.2934 26 31.06437
213.8729 137.1016 26 31.09773
211.8804 137.4549 26 31.1311
211.5043 138.0832 26 31.16447
211.128 139.1228 26 31.19783
209.8813 139.9877 26 31.2312
207.7505 141.2251 26 31.26457
204.6751 144.13 26 31.29793
203.4352 145.9192 26 31.3313
201.9351 148.949 26 31.36467
202.2794 148.3993 26 31.39803
201.9766 147.4429 26 31.4314
201.2476 146.3548 26 31.46477
201.4952 147.3438 26 31.49813
201.7153 146.9149 26 31.5315
203.0466 146.6629 26 31.56487
202.1669 146.0308 26 31.59823
204.0213 145.2919 26 31.6316
203.8142 145.5655 26 31.66497
205.4241 144.0308 26 31.69833
204.7724 144.9486 26 31.7317
205.3015 144.4261 26 31.76507
206.003 143.9183 26 31.79843
204.6386 144.5578 26 31.8318
203.4903 144.7191 26 31.86517
202.0924 146.3718 26 31.89853
202.335 145.9201 26 31.9319
202.748 146.1784 26 31.96527
201.3402 146.7113 26 31.99863
199.7108 145.2475 26 32.032
200.1903 146.7234 26 32.06537
199.1838 146.6038 26 32.09873
198.7786 146.8134 26 32.1321
198.194 147.2514 26 32.16547
198.7157 148.3564 26 32.19883
198.6119 149.2373 26 32.2322
197.7585 147.4256 26 32.26557
197.5516 147.331 26 32.29893
197.0024 149.2053 26 32.3323
196.9241 148.0833 26 32.36567
197.995 148.0751 26 32.39903
197.8084 146.9985 26 32.4324
197.8244 148.0042 26 32.46577
197.3063 147.5704 26 32.49913
196.8848 147.5877 26 32.5325
198.3638 147.671 26 32.56587
197.1889 145.9933 26 32.59923
198.243 146.7679 26 32.6326
198.1753 144.8915 26 32.66597
200.0654 145.6498 26 32.69933
201.8392 143.1502 26 32.7327
203.1515 141.7021 26 32.76607
204.5368 142.3018 26 32.79943
206.1794 141.2567 26 32.8328
206.2991 141.4497 26 32.86617
205.2503 140.8309 26 32.89953
205.2552 142.8597 26 32.9329
204.6678 142.7138 26 32.96627
201.8047 143.0205 26 32.99963
199.9028 143.5203 26 33.033
196.8171 144.8177 26 33.06637
195.4004 145.5282 26 33.09973
194.3384 149.8572 26 33.1331
195.1854 154.341 26 33.16647
195.5479 158.2538 26 33.19983
192.4322 161.3176 26 33.2332
191.0433 161.6944 26 33.26657
190.2812 161.1661 26 33.29993
187.2744 162.2956 26 33.3333
186.9387 163.5907 26 33.36667
186.113 166.4162 26 33.40003
185.5288 167.3515 26 33.4334
185.6999 167.3062 26 33.46677
187.3294 170.4849 26 33.50013
189.363 172.3804 26 33.5335
185.6099 173.4971 26 33.56687
186.223 174.159 26 33.60023
185.7381 176.3811 26 33.6336
185.4088 178.6735 26 33.66697
187.4182 179.5108 26 33.70033
189.0967 181.4102 26 33.7337
189.0125 183.6543 26 33.76707
190.1336 184.9332 26 33.80043
192.9974 189.4281 26 33.8338
194.6469 192.9107 26 33.86717
199.7511 196.5097 26 33.90053
202.6937 198.3244 26 33.9339
205.2466 200.5955 26 33.96727
208.2193 203.8628 26 34.00063
212.2838 208.0135 26 34.034
216.9886 211.8675 26 34.06737
219.4832 215.1403 26 34.10073
222.9582 216.1674 26 34.1341
229.3514 214.7836 26 34.16747
236.6301 214.7811 26 34.20083
243.5221 215.3685 26 34.2342
250.9758 216.3619 26 34.26757
258.6842 218.181 26 34.30093
266.4199 219.9386 26 34.3343
274.7721 221.6935 26 34.36767
282.0771 222.8238 26 34.40103
290.5473 224.8242 26 34.4344
297.6634 225.537 26 34.46777
304.8256 226.9463 26 34.50113
314.0732 228.5055 26 34.5345
320.8754 229.0904 26 34.56787
329.4897 230.0193 26 34.60123
337.5115 230.3165 26 34.6346
344.9017 230.9975 26 34.66797
353.3221 231.2021 26 34.70133
360.0076 231.2934 26 34.7347
368.8991 231.0685 26 34.76807
376.2268 230.6474 26 34.80143
384.4763 230.4981 26 34.8348
391.5379 229.7155 26 34.86817
399.3846 229.3077 26 34.90153
405.8782 227.856 26 34.9349
405.9828 225.496 26 34.96827
407.7312 223.6106 26 35.00163
412.0528 222.7847 26 35.035
419.1387 222.8414 26 35.06837
426.3117 224.4388 26 35.10173
430.042 226.8822 26 35.1351
430.5858 229.3461 26 35.16847
431.6681 232.5667 26 35.20183
432.443 235.4129 26 35.2352
434.4383 238.6865 26 35.26857
437.6821 243.4448 26 35.30193
440.9152 247.6728 26 35.3353
442.3033 251.1055 26 35.36867
444.431 254.9275 26 35.40203
444.6688 259.3451 26 35.4354
445.087 263.2309 26 35.46877
446.5145 269.5728 26 35.50213
449.0423 276.694 26 35.5355
449.2595 282.6502 26 35.56887
452.878 291.0052 26 35.60223
453.1871 296.2348 26 35.6356
454.7259 302.1097 26 35.66897
456.0359 307.9775 26 35.70233
456.7706 317.0039 26 35.7357
457.359 324.5909 26 35.76907
456.7795 329.8749 26 35.80243
455.147 337.2019 26 35.8358
451.6633 342.3413 26 35.86917
448.8394 347.7137 26 35.90253
446.8725 353.1066 26 35.9359
446.35 359.866 26 35.96927
444.7145 366.6991 26 36.00263
442.5482 372.9532 26 36.036
441.9941 379.4999 26 36.06937
438.8078 383.2047 26 36.10273
436.5606 387.4169 26 36.1361
433.5882 391.4816 26 36.16947
430.152 396.0893 26 36.20283
426.6997 401.6435 26 36.2362
423.996 405.169 26 36.26957
421.4088 409.195 26 36.30293
418.5932 413.7891 26 36.3363
414.732 417.8215 26 36.36967
410.0822 422.9329 26 36.40303
405.8491 428.8384 26 36.4364
401.9757 436.2185 26 36.46977
397.8944 440.9451 26 36.50313
389.2477 447.855 26 36.5365
383.4915 454.5557 26 36.56987
377.1924 459.3605 26 36.60323
371.1737 464.0412 26 36.6366
366.9176 468.9282 26 36.66997
361.0297 474.9264 26 36.70333
356.4424 480.4621 26 36.7367
350.0898 487.4877 26 36.77007
345.5174 493.3125 26 36.80343
338.3954 498.8224 26 36.8368
332.1837 504.5899 26 36.87017
327.2245 510.3284 26 36.90353
323.0068 516.7594 26 36.9369
318.9816 523.1341 26 36.97027
315.7644 530.5056 26 37.00363
312.8498 537.8143 26 37.037
309.8711 545.0562 26 37.07037
307.4714 552.5378 26 37.10373
305.4156 560.2422 26 37.1371
303.6912 567.8993 26 37.17047
302.0429 575.2149 26 37.20383
301.0145 583.0861 26 37.2372
299.7546 591.0598 26 37.27057
298.8744 598.7836 26 37.30393
297.9761 606.7582 26 37.3373
297.24 614.9633 26 37.37067
296.9773 623.0139 26 37.40403
296.76 631.3388 26 37.4374
297.6625 639.3007 26 37.47077
297.6405 646.9512 26 37.50413
297.377 654.7475 26 37.5375
299.4292 661.949 26 37.57087
298.7811 669.8599 26 37.60423
300.5088 677.3845 26 37.6376
300.453 685.3533 26 37.67097
301.6648 693.0346 26 37.70433
302.1453 700.3936 26 37.7377
302.5444 707.9143 26 37.77107
303.5332 715.4697 26 37.80443
304.269 723.2589 26 37.8378
305.8128 730.9672 26 37.87117
306.6487 738.7901 26 37.90453
308.1674 746.3527 26 37.9379
309.6606 753.6793 26 37.97127
311.267 761.2457 26 38.00463
313.2966 768.7094 26 38.038
315.2386 776.0385 26 38.07137
316.9328 783.5058 26 38.10473
318.9252 790.7373 26 38.1381
320.8915 798.39 26 38.17147
322.9606 805.6362 26 38.20483
324.9085 813.3305 26 38.2382
326.7514 820.831 26 38.27157
328.9454 828.0849 26 38.30493
330.7203 835.5954 26 38.3383
332.9345 843.1518 26 38.37167
335.8242 850.6586 26 38.40503
337.6957 857.1693 26 38.4384
341.0153 864.5036 26 38.47177
343.153 872.2804 26 38.50513
345.9197 879.2233 26 38.5385
349.5739 886.0403 26 38.57187
351.862 893.3815 26 38.60523
355.3818 900.1744 26 38.6386
357.6468 907.5589 26 38.67197
361.5908 914.4414 26 38.70533
364.2588 921.3225 26 38.7387
367.6072 921.7455 26 38.77207
372.3947 922.3332 26 38.80543
377.4895 923.4073 26 38.8388
382.5778 924.1752 26 38.87217
387.8405 926.6114 26 38.90553
393.2714 927.0081 26 38.9389
398.9819 929.0153 26 38.97227
405.0845 930.0068 26 39.00563
411.1378 931.6317 26 39.039
416.9918 931.6301 26 39.07237
421.674 931.8856 26 39.10573
426.9392 931.1547 26 39.1391
432.5834 931.5388 26 39.17247
438.956 934.027 26 39.20583
446.7453 933.8109 26 39.2392
452.8272 935.2684 26 39.27257
459.1586 934.3155 26 39.30593
464.2385 935.6635 26 39.3393
469.3388 934.9977 26 39.37267
473.7391 936.8285 26 39.40603
482.2373 934.7334 26 39.4394
486.9149 936.2472 26 39.47277
490.2651 935.2059 26 39.50613
498.4381 934.8442 26 39.5395
501.5709 935.3089 26 39.57287
506.1323 934.1138 26 39.60623
511.4284 934.8515 26 39.6396
516.2629 934.5788 26 39.67297
522.6367 934.6479 26 39.70633
529.4543 932.3027 26 39.7397
537.103 932.5914 26 39.77307
542.6646 930.9394 26 39.80643
544.1718 931.2441 26 39.8398
544.0041 931.7995 26 39.87317
544.6869 930.4327 26 39.90653
544.2959 929.6746 26 39.9399
544.9557 927.7551 26 39.97327
543.9466 927.5631 26 40.00663
544.2114 927.0466 26 40.04
544.8093 927.0971 26 40.07337
544.6967 926.1148 26 40.10673
543.4254 925.5276 26 40.1401
541.3998 924.7592 26 40.17347
540.565 920.0256 26 40.20683
538.3587 914.9598 26 40.2402
536.1047 907.425 26 40.27357
535.3256 900.2093 26 40.30693
537.5969 892.9507 26 40.3403
540.9729 886.2264 26 40.37367
543.0165 878.898 26 40.40703
545.7457 871.4034 26 40.4404
549.6347 864.1735 26 40.47377
553.6799 858.0779 26 40.50713
558.3501 851.8929 26 40.5405
563.5042 845.587 26 40.57387
568.0414 839.6699 26 40.60723
572.8414 833.375 26 40.6406
577.4508 827.0196 26 40.67397
582.227 820.3456 26 40.70733
586.5363 814.1558 26 40.7407
590.8016 807.5904 26 40.77407
594.5679 801.1256 26 40.80743
598.6122 794.2753 26 40.8408
602.3001 787.496 26 40.87417
605.8999 780.6521 26 40.90753
609.3944 773.8952 26 40.9409
612.7797 767.3996 26 40.97427
615.9663 760.8379 26 41.00763
619.4462 753.986 26 41.041
622.863 746.4631 26 41.07437
626.1755 739.162 26 41.10773
623.562 734.2079 26 41.1411
621.5558 728.8754 26 41.17447
621.5183 723.0453 26 41.20783
623.0296 716.2695 26 41.2412
624.5822 709.1493 26 41.27457
626.213 702.1689 26 41.30793
628.1684 695.2565 26 41.3413
630.1463 688.6234 26 41.37467
632.1764 681.2566 26 41.40803
634.2378 674.3084 26 41.4414
636.5975 666.7123 26 41.47477
638.8403 659.5691 26 41.50813
640.8537 652.5775 26 41.5415
642.8472 645.1036 26 41.57487
644.7692 637.8735 26 41.60823
646.5225 630.4493 26 41.6416
648.0395 622.9919 26 41.67497
649.7029 615.6009 26 41.70833
651.1667 608.2906 26 41.7417
652.4131 601.0487 26 41.77507
653.5528 593.681 26 41.80843
654.813 585.9404 26 41.8418
655.9008 578.4031 26 41.87517
656.9492 570.9081 26 41.90853
657.7538 563.3319 26 41.9419
658.3176 556.038 26 41.97527
658.8093 548.3948 26 42.00863
659.1459 540.9669 26 42.042
659.5114 533.5212 26 42.07537
659.6299 525.7098 26 42.10873
659.6409 517.9888 26 42.1421
659.8681 510.5117 26 42.17547
660.033 502.8525 26 42.20883
660.0074 495.1254 26 42.2422
659.9076 487.5172 26 42.27557
659.6601 479.7628 26 42.30893
659.6679 472.1704 26 42.3423
659.4654 464.9761 26 42.37567
659.0203 457.3302 26 42.40903
660.2189 449.2343 26 42.4424
663.4924 440.2856 26 42.47577
665.3318 432.1044 26 42.50913
665.6402 423.9584 26 42.5425
665.2766 416.2111 26 42.57587
664.4139 408.6113 26 42.60923
662.9181 401.1776 26 42.6426
662.5102 391.8437 26 42.67597
661.8421 384.2141 26 42.70933
663.0369 376.3711 26 42.7427
663.0268 368.5328 26 42.77607
663.2151 360.6264 26 42.80943
663.1983 351.8298 26 42.8428
662.5401 343.9225 26 42.87617
661.1788 336.0565 26 42.90953
659.8657 328.3806 26 42.9429
660.7609 318.4115 26 42.97627
660.0142 309.3047 26 43.00963
657.6786 301.7721 26 43.043
653.5653 299.3317 26 43.07637
649.2157 294.7047 26 43.10973
643.944 290.4699 26 43.1431
638.4444 286.3447 26 43.17647
632.0365 281.7864 26 43.20983
625.2366 278.3006 26 43.2432
618.7303 274.1619 26 43.27657
612.2659 269.8246 26 43.30993
606.2552 264.8611 26 43.3433
600.2436 260.0291 26 43.37667
593.5919 255.4084 26 43.41003
586.5067 251.0686 26 43.4434
579.125 246.8982 26 43.47677
572.0978 243.1047 26 43.51013
564.6603 239.4648 26 43.5435
556.9893 236.0766 26 43.57687
549.5638 232.9556 26 43.61023
541.968 229.785 26 43.6436
534.3215 226.8913 26 43.67697
526.3704 224.137 26 43.71033
518.9156 221.3428 26 43.7437
511.0247 218.8498 26 43.77707
503.1777 216.05 26 43.81043
495.5126 213.8955 26 43.8438
487.9151 211.614 26 43.87717
480.6836 209.6284 26 43.91053
472.9714 207.4112 26 43.9439
465.6692 205.4984 26 43.97727
457.9852 203.7024 26 44.01063
450.2418 201.998 26 44.044
442.4495 200.2685 26 44.07737
434.9314 198.5412 26 44.11073
427.1691 197.0678 26 44.1441
419.3535 195.5387 26 44.17747
411.7441 193.7009 26 44.21083
403.6135 192.1306 26 44.2442
395.6588 190.8462 26 44.27757
388.2462 189.7117 26 44.31093
380.3857 188.4293 26 44.3443
373.8704 187.9323 26 44.37767
370.2348 188.701 26 44.41103
364.8807 189.1846 26 44.4444
358.4575 189.115 26 44.47777
351.5375 188.6841 26 44.51113
344.7853 188.6834 26 44.5445
337.2909 188.2126 26 44.57787
329.921 188.0783 26 44.61123
322.49 187.9392 26 44.6446
314.9794 187.5552 26 44.67797
307.2367 187.3582 26 44.71133
298.9023 187.3046 26 44.7447
291.0926 187.277 26 44.77807
283.4767 187.3186 26 44.81143
275.834 187.3054 26 44.8448
268.4178 187.8101 26 44.87817
260.7403 188.1464 26 44.91153
253.2158 188.5883 26 44.9449
244.9864 188.6858 26 44.97827
237.0425 189.4034 26 45.01163
228.9053 189.7987 26 45.045
222.4358 190.9166 26 45.07837
219.8621 194.3616 26 45.11173
216.6863 199.4512 26 45.1451
214.0377 205.5942 26 45.17847
211.3092 211.1604 26 45.21183
207.8445 217.5726 26 45.2452
203.1803 224.0852 26 45.27857
199.4388 231.4894 26 45.31193
195.1951 238.2589 26 45.3453
190.3866 244.9837 26 45.37867
185.3852 251.1565 26 45.41203
180.3505 257.4639 26 45.4454
175.8157 263.6565 26 45.47877
170.9654 269.8903 26 45.51213
166.2253 276.1056 26 45.5455
161.4404 282.3669 26 45.57887
156.6924 289.0141 26 45.61223
151.8234 295.6518 26 45.6456
146.9553 302.3609 26 45.67897
142.3352 308.8985 26 45.71233
137.7876 315.685 26 45.7457
133.413 322.3686 26 45.77907
128.9481 329.2051 26 45.81243
124.6441 336.4802 26 45.8458
120.7539 343.8886 26 45.87917
116.9162 350.9974 26 45.91253
113.4595 358.7032 26 45.9459
110.4084 366.5068 26 45.97927
107.4052 374.1783 26 46.01263
105.0858 381.9899 26 46.046
102.6601 389.3723 26 46.07937
100.911 397.2913 26 46.11273
99.12869 404.7835 26 46.1461
97.43597 412.8428 26 46.17947
95.80435 420.2976 26 46.21283
95.25336 426.5058 26 46.2462
95.86489 427.7057 26 46.27957
96.65388 430.934 26 46.31293
98.13599 434.4926 26 46.3463
101.0592 438.2267 26 46.37967
103.268 443.1626 26 46.41303
108.1546 447.8664 26 46.4464
109.7479 453.4 26 46.47977
115.4888 459.2355 26 46.51313
119.6416 465.6904 26 46.5465
124.8688 471.7856 26 46.57987
129.1511 477.5585 26 46.61323
134.4696 482.9585 26 46.6466
140.2119 487.0518 26 46.67997
144.9237 491.9454 26 46.71333
151.236 496.8927 26 46.7467
157.3948 502.7543 26 46.78007
163.7946 508.1909 26 46.81343
169.6104 513.1897 26 46.8468
176.1085 518.7122 26 46.88017
181.4337 523.6111 26 46.91353
187.6291 528.4764 26 46.9469
193.9041 533.2856 26 46.98027
200.2637 538.2176 26 47.01363
206.6328 542.9915 26 47.047
212.5738 547.6214 26 47.08037
219.4031 552.6268 26 47.11373
225.7307 557.2592 26 47.1471
232.5876 561.7335 26 47.18047
239.0282 566.2976 26 47.21383
245.3831 570.5526 26 47.2472
252.0493 574.7798 26 47.28057
259.3405 579.3644 26 47.31393
265.5559 583.1477 26 47.3473
273.1322 587.5541 26 47.38067
279.5178 591.3087 26 47.41403
285.7368 595.0196 26 47.4474
293.3436 598.6078 26 47.48077
299.6267 602.3368 26 47.51413
307.4098 605.9904 26 47.5475
314.0035 608.9974 26 47.58087
321.7752 612.0478 26 47.61423
328.9734 615.0717 26 47.6476
336.6361 617.62 26 47.68097
343.6701 620.3881 26 47.71433
350.9106 622.6425 26 47.7477
358.5848 624.9593 26 47.78107
365.3944 627.2596 26 47.81443
373.1588 629.3508 26 47.8478
380.6874 631.483 26 47.88117
388.6686 633.3127 26 47.91453
396.1344 635.2687 26 47.9479
404.3249 636.5946 26 47.98127
411.642 638.4275 26 48.01463
418.7311 639.9124 26 48.048
426.3155 641.2321 26 48.08137
434.0915 642.6691 26 48.11473
441.9199 643.9307 26 48.1481
448.7637 645.206 26 48.18147
456.4924 646.7247 26 48.21483
463.6613 648.2964 26 48.2482
470.6108 649.4374 26 48.28157
478.4167 651.0093 26 48.31493
486.2913 652.552 26 48.3483
494.6001 653.3088 26 48.38167
500.7955 655.2991 26 48.41503
509.7735 655.4217 26 48.4484
516.7701 656.939 26 48.48177
524.6955 657.6038 26 48.51513
532.5643 658.5687 26 48.5485
540.0491 659.5003 26 48.58187
548.3216 659.8463 26 48.61523
555.7017 660.9468 26 48.6486
563.8074 661.2734 26 48.68197
570.8137 661.8044 26 48.71533
578.3059 662.3006 26 48.7487
586.0622 662.5361 26 48.78207
593.9456 663.0604 26 48.81543
601.4769 663.017 26 48.8488
608.9726 663.2249 26 48.88217
616.8667 663.1355 26 48.91553
624.7829 662.8966 26 48.9489
629.1672 661.7466 26 48.98227
631.6082 659.4183 26 49.01563
634.3751 657.9752 26 49.049
640.0851 657.9755 26 49.08237
647.6311 659.4959 26 49.11573
654.3042 661.6882 26 49.1491
660.6557 664.8357 26 49.18247
666.4815 667.8669 26 49.21583
667.4586 667.2491 26 49.2492
670.7446 669.1811 26 49.28257
674.4554 668.9745 26 49.31593
678.5537 670.0929 26 49.3493
684.2053 672.9919 26 49.38267
689.0898 676.6875 26 49.41603
695.6777 681.0594 26 49.4494
701.824 685.2492 26 49.48277
708.0632 689.5821 26 49.51613
714.5084 693.5222 26 49.5495
720.4198 697.0735 26 49.58287
726.9192 701.1462 26 49.61623
732.7806 704.5505 26 49.6496
739.1789 707.979 26 49.68297
745.3283 711.7519 26 49.71633
752.1102 715.5625 26 49.7497
758.3725 719.4731 26 49.78307
765.5944 722.8213 26 49.81643
772.1065 726.5274 26 49.8498
778.7071 729.8293 26 49.88317
785.6647 733.6348 26 49.91653
792.5577 737.0529 26 49.9499
799.5429 740.1668 26 49.98327
806.453 743.5458 26 50.01663
814.0751 746.8287 26 50.05
821.1761 750.0115 26 50.08337
827.9939 753.1245 26 50.11673
835.2026 755.8638 26 50.1501
836.9248 754.8362 26 50.18347
839.1914 751.5144 26 50.21683
841.3308 748.7122 26 50.2502
843.237 745.5675 26 50.28357
844.7837 743.1024 26 50.31693
846.2406 740.3154 26 50.3503
847.6144 738.6361 26 50.38367
847.0189 739.4721 26 50.41703
845.8213 739.8562 26 50.4504
845.5738 741.2402 26 50.48377
845.4158 741.007 26 50.51713
845.4348 741.504 26 50.5505
845.8881 740.542 26 50.58387
845.8269 740.8337 26 50.61723
845.0763 741.3833 26 50.6506
842.373 744.9871 26 50.68397
841.0229 747.4714 26 50.71733
840.1188 748.5407 26 50.7507
839.6615 749.8665 26 50.78407
839.2194 750.6672 26 50.81743
836.631 754.6558 26 50.8508
835.4092 755.6649 26 50.88417
835.5924 756.0075 26 50.91753
834.9697 758.1516 26 50.9509
835.1913 757.8144 26 50.98427
835.9606 756.7564 26 51.01763
836.7443 756.4957 26 51.051
835.8873 757.4342 26 51.08437
836.4294 756.581 26 51.11773
835.7531 755.1645 26 51.1511
837.0604 754.8918 26 51.18447
838.7934 755.037 26 51.21783
838.757 755.0563 26 51.2512
838.7383 754.5349 26 51.28457
839.1198 753.2056 26 51.31793
840.0932 749.9849 26 51.3513
842.3424 751.4463 26 51.38467
841.1885 749.4756 26 51.41803
839.6363 748.9928 26 51.4514
837.1077 747.8125 26 51.48477
835.5771 745.2214 26 51.51813
832.35 743.9762 26 51.5515
826.7794 742.1313 26 51.58487
821.2178 742.5574 26 51.61823
815.1718 741.3382 26 51.6516
806.8295 739.4 26 51.68497
801.6702 736.2609 26 51.71833
797.9473 732.6619 26 51.7517
793.2755 729.1328 26 51.78507
787.1597 726.8979 26 51.81843
780.5908 724.314 26 51.8518
772.9061 722.2652 26 51.88517
765.8016 719.2849 26 51.91853
759.2573 716.3195 26 51.9519
752.5333 713.0857 26 51.98527
746.4998 709.3235 26 52.01863
739.8728 706.1673 26 52.052
733.257 702.7205 26 52.08537
726.3778 699.4533 26 52.11873
719.7697 695.8762 26 52.1521
713.0687 692.8025 26 52.18547
705.9009 689.7353 26 52.21883
698.9305 686.598 26 52.2522
692.0899 683.8526 26 52.28557
684.7181 680.8087 26 52.31893
677.822 677.9491 26 52.3523
670.8202 675.3736 26 52.38567
663.9375 672.3222 26 52.41903
655.3424 670.6047 26 52.4524
649.4022 667.2361 26 52.48577
641.6882 665.5316 26 52.51913
635.1046 662.7688 26 52.5525
627.7893 660.8598 26 52.58587
619.7174 658.5017 26 52.61923
612.5217 655.8249 26 52.6526
604.9491 654.3848 26 52.68597
597.6172 651.6951 26 52.71933
589.6942 649.8341 26 52.7527
582.8132 647.5582 26 52.78607
575.3219 645.4858 26 52.81943
568.259 643.7209 26 52.8528
560.6808 641.5581 26 52.88617
553.2621 640.034 26 52.91953
546.2189 638.0655 26 52.9529
539.1721 636.5918 26 52.98627
532.5563 635.0221 26 53.01963
525.0454 633.2806 26 53.053
517.8596 632.1938 26 53.08637
510.0084 630.3645 26 53.11973
502.4255 629.1841 26 53.1531
494.7255 627.6848 26 53.18647
486.419 626.7394 26 53.21983
479.0105 625.4267 26 53.2532
471.134 624.3303 26 53.28657
463.765 623.2205 26 53.31993
455.5599 621.8896 26 53.3533
448.2185 621.0124 26 53.38667
440.0892 619.9742 26 53.42003
431.5859 619.6047 26 53.4534
424.9333 618.4081 26 53.48677
415.9993 618.2005 26 53.52013
409.1702 617.6201 26 53.5535
400.5955 617.3703 26 53.58687
393.2378 617.2807 26 53.62023
385.3282 617.1426 26 53.6536
377.592 617.1979 26 53.68697
374.9676 613.8838 26 53.72033
372.5989 611.4019 26 53.7537
369.8965 604.6289 26 53.78707
367.755 599.315 26 53.82043
363.4428 593.0672 26 53.8538
359.1362 586.2367 26 53.88717
355.5823 580.9503 26 53.92053
350.1862 574.5517 26 53.9539
344.4199 568.681 26 53.98727
339.4201 562.9498 26 54.02063
334.2637 557.9396 26 54.054
329.3859 551.0715 26 54.08737
324.2628 544.5289 26 54.12073
319.7754 538.8535 26 54.1541
314.2892 532.8954 26 54.18747
308.5238 526.7968 26 54.22083
302.8967 520.9301 26 54.2542
296.3208 514.8389 26 54.28757
291.0845 509.7412 26 54.32093
284.5328 503.7531 26 54.3543
279.1869 498.6917 26 54.38767
272.6473 493.4356 26 54.42103
267.1406 488.5696 26 54.4544
261.2464 483.7677 26 54.48777
254.7348 478.8026 26 54.52113
248.7673 474.1984 26 54.5545
242.1028 469.3959 26 54.58787
235.7831 464.8547 26 54.62123
229.2594 460.151 26 54.6546
222.6851 455.7311 26 54.68797
216.4643 451.2757 26 54.72133
209.4215 446.4847 26 54.7547
203.0339 441.9475 26 54.78807
196.4824 437.6134 26 54.82143
189.8009 433.4201 26 54.8548
183.2016 429.182 26 54.88817
175.7481 424.9974 26 54.92153
168.9032 421.1859 26 54.9549
161.2645 417.2102 26 54.98827
154.0234 413.386 26 55.02163
147.3665 410.3375 26 55.055
139.4861 406.8655 26 55.08837
132.0255 403.6146 26 55.12173
124.6129 400.5537 26 55.1551
117.4958 397.597 26 55.18847
108.9364 394.3802 26 55.22183
101.7279 391.6762 26 55.2552
93.8282 389.1158 26 55.28857
85.98029 386.4282 26 55.32193
78.37402 384.1301 26 55.3553
70.16612 382.1392 26 55.38867
63.26179 380.4446 26 55.42203
55.55223 378.8051 26 55.4554
48.14247 377.2539 26 55.48877
44.71246 378.8449 26 55.52213
44.63746 378.9402 26 55.5555
45.46367 379.3475 26 55.58887
44.77988 379.5295 26 55.62223
45.97137 380.1705 26 55.6556
45.79941 380.3347 26 55.68897
45.26172 381.3318 26 55.72233
44.7418 381.5909 26 55.7557
46.06384 382.4934 26 55.78907
45.03454 383.3273 26 55.82243
45.4527 385.035 26 55.8558
45.00824 386.6523 26 55.88917
44.81935 386.7953 26 55.92253
44.43667 388.6203 26 55.9559
43.928 390.6098 26 55.98927
44.14231 392.7533 26 56.02263
43.39935 394.4007 26 56.056
43.91823 394.1812 26 56.08937
44.47824 393.5968 26 56.12273
43.70865 392.9451 26 56.1561
45.23928 390.0854 26 56.18947
46.53296 386.5333 26 56.22283
47.52859 381.5335 26 56.2562
48.14779 377.382 26 56.28957
49.01506 373.2813 26 56.32293
49.42927 368.9321 26 56.3563
50.60278 364.5692 26 56.38967
50.34236 361.4379 26 56.42303
53.26079 359.5009 26 56.4564
52.88877 358.5258 26 56.48977
52.63536 360.1799 26 56.52313
51.30284 363.4285 26 56.5565
49.21855 367.2952 26 56.58987
49.06688 371.8623 26 56.62323
47.03118 377.8045 26 56.6566
45.09237 383.9779 26 56.68997
42.92071 395.6784 26 56.72333
42.92071 395.6784 26 56.7567
41.53038 400.3792 26 56.79007
39.8204 409.549 26 56.82343
39.8204 409.549 26 56.8568
40.62392 411.6077 26 56.89017
41.5516 411.0909 26 56.92353
41.5516 411.0909 26 56.9569
42.83549 403.3063 26 56.99027
43.61185 398.4862 26 57.02363
43.61185 398.4862 26 57.057
46.42939 386.6699 26 57.09037
48.27183 380.0842 26 57.12373
48.27183 380.0842 26 57.1571
52.82214 366.8406 26 57.19047
54.46812 360.4022 26 57.22383
54.46812 360.4022 26 57.2572
57.61416 347.3143 26 57.29057
60.45897 341.4271 26 57.32393
62.99768 335.2718 26 57.3573
62.99779 332.4024 26 57.39067
64.6169 331.8015 26 57.42403
64.80887 331.0259 26 57.4574
63.71036 328.7025 26 57.49077
65.66569 326.9299 26 57.52413
65.12298 325.2154 26 57.5575
66.83799 324.5639 26 57.59087
65.85321 323.0297 26 57.62423
68.77306 323.9851 26 57.6576
68.68619 322.9253 26 57.69097
69.16348 321.1294 26 57.72433
67.62896 319.5977 26 57.7577
66.88794 317.9801 26 57.79107
68.44818 317.8883 26 57.82443
69.05331 316.019 26 57.8578
70.10832 314.5728 26 57.89117
72.67517 313.2321 26 57.92453
75.60498 311.5649 26 57.9579
77.83862 309.6445 26 57.99127
82.15675 306.9701 26 58.02463
86.76823 304.052 26 58.058
91.82313 303.351 26 58.09137
97.04286 300.8118 26 58.12473
103.884 299.5536 26 58.1581
111.5106 298.3116 26 58.19147
118.8252 296.7767 26 58.22483
125.9177 295.9802 26 58.2582
134.319 294.7397 26 58.29157
142.4791 294.1094 26 58.32493
149.8223 292.4619 26 58.3583
158.3273 291.4253 26 58.39167
165.869 290.2568 26 58.42503
173.7469 288.955 26 58.4584
182.4921 287.9054 26 58.49177
189.9897 286.4119 26 58.52513
198.0587 284.8907 26 58.5585
205.7448 283.4784 26 58.59187
213.7949 281.6393 26 58.62523
221.2673 279.5233 26 58.6586
228.8914 277.6568 26 58.69197
236.308 275.707 26 58.72533
243.7038 273.5606 26 58.7587
251.5136 271.0682 26 58.79207
259.1641 268.4599 26 58.82543
266.7134 265.8485 26 58.8588
274.5073 263.2259 26 58.89217
281.8468 260.0225 26 58.92553
288.8328 257.1125 26 58.9589
296.0334 254.0866 26 58.99227
303.0699 250.9232 26 59.02563
310.8915 247.5578 26 59.059
318.1861 243.8723 26 59.09237
325.2228 240.1677 26 59.12573
331.5729 236.7945 26 59.1591
337.4794 232.7528 26 59.19247
336.7123 228.8703 26 59.22583
338.4999 225.0252 26 59.2592
341.646 221.0192 26 59.29257
343.5482 215.8969 26 59.32593
346.0254 210.8449 26 59.3593
347.8754 205.8859 26 59.39267
351.0516 200.7019 26 59.42603
353.7985 194.5492 26 59.4594
355.6759 188.277 26 59.49277
359.0715 181.68 26 59.52613
361.479 174.9518 26 59.5595
364.4618 167.955 26 59.59287
366.5906 160.6016 26 59.62623
368.8697 152.9955 26 59.6596
371.2283 145.8521 26 59.69297
373.3551 138.3449 26 59.72633
374.7445 130.6698 26 59.7597
376.2382 122.8881 26 59.79307
377.4766 115.1953 26 59.82643
378.59 107.3002 26 59.8598
379.8834 99.44506 26 59.89317
380.7361 91.99185 26 59.92653
381.6097 84.72364 26 59.9599
382.5614 76.82716 26 59.99327
383.6474 68.52837 26 60.02663
385.1888 64.04356 26 60.06
383.7027 64.14458 26 60.09337
382.1422 65.53974 26 60.12673
383.2193 64.44638 26 60.1601
383.6985 63.88699 26 60.19347
382.293 64.24415 26 60.22683
381.3573 64.70925 26 60.2602
380.2004 64.74651 26 60.29357
379.0533 64.18591 26 60.32693
380.2954 66.04807 26 60.3603
379.6638 64.45141 26 60.39367
379.3706 66.73395 26 60.42703
379.9056 64.80656 26 60.4604
380.7412 64.83656 26 60.49377
381.8354 63.78896 26 60.52713
385.4279 65.0187 26 60.5605
385.1868 63.44821 26 60.59387
386.5201 64.42759 26 60.62723
389.3706 62.74371 26 60.6606
391.3157 62.45958 26 60.69397
395.1734 62.26774 26 60.72733
398.1344 60.37406 26 60.7607
402.6827 60.78448 26 60.79407
408.2065 60.22584 26 60.82743
414.7162 58.68151 26 60.8608
420.0102 59.4005 26 60.89417
425.3643 58.2688 26 60.92753
428.3322 58.94713 26 60.9609
433.5507 56.92487 26 60.99427
436.9658 58.00175 26 61.02763
440.0406 56.70107 26 61.061
442.7562 55.8049 26 61.09437
444.6875 56.44421 26 61.12773
447.2172 55.80887 26 61.1611
451.6115 57.21476 26 61.19447
454.1342 55.79586 26 61.22783
457.5656 56.13168 26 61.2612
462.1986 56.58236 26 61.29457
467.1874 55.35956 26 61.32793
474.119 56.93616 26 61.3613
474.882 55.62065 26 61.39467
478.0249 56.4798 26 61.42803
482.0824 57.41234 26 61.4614
483.9058 56.14405 26 61.49477
489.5772 57.48285 26 61.52813
488.2633 56.81116 26 61.5615
488.9568 58.29611 26 61.59487
488.0594 55.69391 26 61.62823
489.1459 57.09515 26 61.6616
490.004 55.92464 26 61.69497
489.708 56.00911 26 61.72833
490.3466 54.62324 26 61.7617
489.6988 54.83188 26 61.79507
489.7417 56.08318 26 61.82843
489.3057 56.04878 26 61.8618
489.328 56.77998 26 61.89517
490.4294 55.09557 26 61.92853
491.7386 54.48338 26 61.9619
492.3731 56.48773 26 61.99527
493.9237 58.83334 26 62.02863
496.7391 60.13504 26 62.062
500.8533 63.25272 26 62.09537
506.6066 65.70633 26 62.12873
512.7969 68.83534 26 62.1621
518.7184 72.26544 26 62.19547
524.8684 76.34037 26 62.22883
530.59 80.61871 26 62.2622
535.7856 85.25978 26 62.29557
541.4452 89.94356 26 62.32893
547.4349 95.63137 26 62.3623
552.4043 100.3098 26 62.39567
558.3846 107.1971 26 62.42903
562.9984 110.7919 26 62.4624
568.959 117.5903 26 62.49577
573.9302 122.4364 26 62.52913
578.684 127.9893 26 62.5625
584.1563 133.9438 26 62.59587
589.7733 139.3559 26 62.62923
595.4362 145.8933 26 62.6626
601.1654 151.3622 26 62.69597
606.6574 157.1096 26 62.72933
611.9426 162.6193 26 62.7627
617.4537 167.9159 26 62.79607
623.0428 173.5185 26 62.82943
629.115 178.8111 26 62.8628
634.7404 184.4881 26 62.89617
640.5193 189.7187 26 62.92953
646.4721 195.2441 26 62.9629
652.9409 200.8113 26 62.99627
659.1827 205.7768 26 63.02963
665.312 210.9051 26 63.063
671.7999 216.0713 26 63.09637
677.9388 221.0319 26 63.12973
684.7362 225.7032 26 63.1631
691.626 230.3853 26 63.19647
698.0468 234.9207 26 63.22983
704.3734 239.1476 26 63.2632
710.3681 243.2339 26 63.29657
717.1492 247.5019 26 63.32993
723.2894 251.1901 26 63.3633
729.8689 255.3528 26 63.39667
736.2745 259.4557 26 63.43003
742.4406 262.967 26 63.4634
749.1355 267.228 26 63.49677
755.3761 270.5907 26 63.53013
762.3146 274.5033 26 63.5635
768.8309 277.6679 26 63.59687
775.8103 281.493 26 63.63023
782.3126 284.9328 26 63.6636
788.6561 288.1029 26 63.69697
795.0382 291.6096 26 63.73033
801.556 294.8396 26 63.7637
808.0905 298.5789 26 63.79707
814.0309 302.3376 26 63.83043
820.6845 305.9076 26 63.8638
826.9143 309.639 26 63.89717
832.9683 313.4258 26 63.93053
839.1612 317.1555 26 63.9639
845.6505 321.1002 26 63.99727
851.8129 325.0325 26 64.03063
858.1588 329.2201 26 64.064
864.466 333.0182 26 64.09737
870.3767 336.7049 26 64.13073
876.7488 340.2968 26 64.1641
883.0998 343.7226 26 64.19747
888.8384 347.183 26 64.23083
893.937 350.9794 26 64.2642
893.9307 357.8939 26 64.29757
896.8455 364.4426 26 64.33093
900.5382 370.8009 26 64.3643
899.8747 379.3374 26 64.39767
901.3096 386.8927 26 64.43103
904.6325 393.8577 26 64.4644
908.3465 400.4272 26 64.49777
908.1514 407.2768 26 64.53113
910.3453 414.3865 26 64.5645
911.9147 421.1328 26 64.59787
913.7022 426.9105 26 64.63123
912.7873 432.9931 26 64.6646
914.7236 439.6339 26 64.69797
915.7449 445.4185 26 64.73133
915.8636 453.1004 26 64.7647
917.5382 459.2559 26 64.79807
918.3449 465.8063 26 64.83143
918.7067 471.624 26 64.8648
918.7827 476.7609 26 64.89817
918.6789 482.0386 26 64.93153
918.632 486.2134 26 64.9649
918.8306 491.6678 26 64.99827
919.5911 497.8898 26 65.03163
919.7671 503.7312 26 65.065
919.007 510.5312 26 65.09837
919.6363 517.3378 26 65.13173
919.1245 524.4531 26 65.1651
918.6043 530.4124 26 65.19847
917.8347 536.7327 26 65.23183
917.5518 542.582 26 65.2652
917.4385 546.8906 26 65.29857
916.8043 549.7269 26 65.33193
915.3949 551.6958 26 65.3653
914.3206 550.6766 26 65.39867
914.3083 549.5106 26 65.43203
916.8063 546.4588 26 65.4654
916.5109 541.7922 26 65.49877
917.3253 536.6467 26 65.53213
918.6971 532.2533 26 65.5655
919.046 528.0827 26 65.59887
919.1621 523.0848 26 65.63223
919.5078 518.8054 26 65.6656
919.3672 514.7755 26 65.69897
918.6736 508.5357 26 65.73233
919.8352 503.3199 26 65.7657
919.7009 499.0995 26 65.79907
919.9912 495.6009 26 65.83243
920.1735 490.9685 26 65.8658
919.4192 485.9772 26 65.89917
918.9388 480.5516 26 65.93253
919.4684 475.5521 26 65.9659
919.0626 472.4887 26 65.99927
918.4949 471.8013 26 66.03263
919.5422 471.3338 26 66.066
919.5296 469.9129 26 66.09937
919.3416 466.6645 26 66.13273
918.6354 463.3089 26 66.1661
918.2957 458.9994 26 66.19947
917.5847 455.9609 26 66.23283
917.5558 453.48 26 66.2662
916.2821 449.1155 26 66.29957
915.8353 446.0643 26 66.33293
916.597 442.8099 26 66.3663
916.0143 438.324 26 66.39967
915.563 433.3927 26 66.43303
914.643 430.4881 26 66.4664
914.2441 427.1409 26 66.49977
913.8651 426.0801 26 66.53313
914.0227 424.6513 26 66.5665
914.6709 423.4851 26 66.59987
913.8203 422.1642 26 66.63323
914.222 421.2782 26 66.6666
914.5247 420.4128 26 66.69997
912.4433 419.0768 26 66.73333
913.7121 419.5219 26 66.7667
912.383 418.6649 26 66.80007
910.8449 416.8127 26 66.83343
908.8417 413.0855 26 66.8668
909.0918 409.4421 26 66.90017
910.9257 406.5826 26 66.93353
910.4044 404.7066 26 66.9669
910.3346 402.1158 26 67.00027
908.2122 399.542 26 67.03363
906.7332 398.1714 26 67.067
907.6411 396.5279 26 67.10037
906.5763 393.6955 26 67.13373
906.1069 391.1154 26 67.1671
905.7782 387.7627 26 67.20047
905.2788 384.8677 26 67.23383
903.9512 379.5942 26 67.2672
903.0721 376.9208 26 67.30057
900.1164 372.9459 26 67.33393
898.2523 368.9146 26 67.3673
897.4461 363.7422 26 67.40067
893.2689 357.9399 26 67.43403
891.7135 355.1933 26 67.4674
890.6184 350.9063 26 67.50077
889.7434 348.3104 26 67.53413
888.7289 344.6219 26 67.5675
888.8931 339.5561 26 67.60087
888.2933 336.6691 26 67.63423
885.1749 333.8762 26 67.6676
882.9309 330.0762 26 67.70097
880.8999 325.4684 26 67.73433
879.7559 321.6583 26 67.7677
878.2372 317.8015 26 67.80107
874.7065 314.077 26 67.83443
873.2818 310.2589 26 67.8678
871.406 306.3845 26 67.90117
869.1971 302.805 26 67.93453
868.4673 299.7768 26 67.9679
867.9182 297.8904 26 68.00127
865.9355 295.546 26 68.03463
864.7357 293.382 26 68.068
864.0255 291.0014 26 68.10137
862.555 289.1592 26 68.13473
862.5165 286.2637 26 68.1681
860.8861 284.2241 26 68.20147
859.8307 281.9977 26 68.23483
857.562 278.4275 26 68.2682
855.2907 275.9905 26 68.30157
853.3081 273.5123 26 68.33493
852.339 271.6412 26 68.3683
851.551 269.6953 26 68.40167
850.2861 267.9596 26 68.43503
848.616 264.6189 26 68.4684
845.9824 260.2758 26 68.50177
842.0649 256.6058 26 68.53513
840.2556 253.9708 26 68.5685
838.8922 252.0675 26 68.60187
837.9476 250.4776 26 68.63523
836.6919 249.1333 26 68.6686
834.9607 246.7266 26 68.70197
832.7785 243.7902 26 68.73533
831.9052 240.3568 26 68.7687
829.6641 237.2003 26 68.80207
827.7235 233.6477 26 68.83543
824.4625 230.0446 26 68.8688
821.7464 227.295 26 68.90217
820.3661 224.0076 26 68.93553
817.4997 220.7095 26 68.9689
815.6659 217.4193 26 69.00227
813.4677 214.2724 26 69.03563
811.4187 210.645 26 69.069
806.4314 209.7935 26 69.10237
803.4396 206.3063 26 69.13573
800.8759 201.9465 26 69.1691
798.7802 196.0362 26 69.20247
795.8329 190.6116 26 69.23583
792.6222 187.9165 26 69.2692
788.6273 183.8923 26 69.30257
786.2702 180.1637 26 69.33593
781.7438 175.8653 26 69.3693
777.1542 173.2995 26 69.40267
774.3471 173.238 26 69.43603
772.0711 176.2207 26 69.4694
767.1864 177.5909 26 69.50277
761.9684 178.6935 26 69.53613
757.9465 179.5862 26 69.5695
753.0395 182.6598 26 69.60287
748.9167 183.7116 26 69.63623
745.6317 184.8926 26 69.6696
740.4753 185.9435 26 69.70297
735.7752 187.2854 26 69.73633
731.1369 187.696 26 69.7697
726.4591 189.43 26 69.80307
721.9993 191.5509 26 69.83643
716.3442 193.7435 26 69.8698
711.9427 198.2732 26 69.90317
707.2412 202.6366 26 69.93653
701.9211 207.3571 26 69.9699
697.0751 212.8614 26 70.00327
694.4569 219.1601 26 70.03663
692.9287 224.9793 26 70.07
690.9423 229.6384 26 70.10337
691.3269 236.1269 26 70.13673
690.2844 242.7371 26 70.1701
690.6335 247.6605 26 70.20347
689.5545 252.4681 26 70.23683
687.6948 256.8259 26 70.2702
689.0156 260.4505 26 70.30357
690.9684 262.5936 26 70.33693
692.6702 267.6132 26 70.3703
695.0288 274.6826 26 70.40367
695.9918 282.0429 26 70.43703
698.2478 289.2491 26 70.4704
699.1858 296.7001 26 70.50377
699.9309 304.0374 26 70.53713
700.5107 310.9614 26 70.5705
700.987 318.4742 26 70.60387
701.0322 325.6533 26 70.63723
701.47 332.9842 26 70.6706
702.1563 340.5759 26 70.70397
703.1179 347.9758 26 70.73733
703.8668 355.1417 26 70.7707
705.1776 362.4329 26 70.80407
706.4587 369.2118 26 70.83743
707.4732 375.9446 26 70.8708
708.3722 382.9525 26 70.90417
709.5569 390.1444 26 70.93753
710.9548 397.4654 26 70.9709
712.0357 404.0751 26 71.00427
713.4326 411.616 26 71.03763
714.7337 418.9826 26 71.071
716.1234 426.0318 26 71.10437
717.3631 433.1502 26 71.13773
718.9516 440.3964 26 71.1711
719.8836 447.0666 26 71.20447
721.1804 454.2832 26 71.23783
722.5256 461.6639 26 71.2712
723.66 468.9696 26 71.30457
725.0604 476.2594 26 71.33793
726.2925 483.1458 26 71.3713
727.7004 490.0125 26 71.40467
729.5454 497.0416 26 71.43803
731.3375 503.9142 26 71.4714
733.3009 510.9015 26 71.50477
735.3269 518.03 26 71.53813
737.2266 524.9054 26 71.5715
739.0504 531.3661 26 71.60487
740.8488 538.0598 26 71.63823
742.4204 545.0529 26 71.6716
744.1581 552.2474 26 71.70497
745.6778 559.2024 26 71.73833
747.3841 565.8666 26 71.7717
748.4269 572.5575 26 71.80507
749.7501 579.3186 26 71.83843
750.8808 586.18 26 71.8718
752.0301 593.1176 26 71.90517
753.5705 600.1402 26 71.93853
755.0108 607.0711 26 71.9719
756.6205 614.5655 26 72.00527
758.4057 621.5438 26 72.03863
760.328 628.4157 26 72.072
762.6274 635.2184 26 72.10537
764.5959 641.9503 26 72.13873
766.6629 648.7632 26 72.1721
768.512 655.5171 26 72.20547
770.4358 662.0428 26 72.23883
772.7907 668.9043 26 72.2722
775.1225 676.0118 26 72.30557
777.8916 682.5299 26 72.33893
780.4242 689.499 26 72.3723
782.9609 696.0425 26 72.40567
785.7007 702.6336 26 72.43903
789.3705 707.64 26 72.4724
793.9174 710.4026 26 72.50577
799.9627 713.7901 26 72.53913
804.909 718.2082 26 72.5725
810.9133 722.958 26 72.60587
815.9098 728.1751 26 72.63923
821.3433 733.1207 26 72.6726
825.7933 738.4621 26 72.70597
829.5524 744.0526 26 72.73933
833.4712 750.1519 26 72.7727
835.7676 755.1903 26 72.80607
833.5075 758.1311 26 72.83943
831.5457 760.6192 26 72.8728
829.4577 762.9004 26 72.90617
828.7163 764.1 26 72.93953
827.5016 765.7011 26 72.9729
825.8858 768.0448 26 73.00627
823.6578 769.432 26 73.03963
821.3811 773.3252 26 73.073
818.0306 776.8788 26 73.10637
814.5561 781.4464 26 73.13973
811.4726 785.7191 26 73.1731
807.8998 789.1638 26 73.20647
804.8353 792.9273 26 73.23983
802.9251 795.5628 26 73.2732
801.2935 797.215 26 73.30657
801.6851 797.7838 26 73.33993
801.6913 797.0751 26 73.3733
803.8983 794.381 26 73.40667
806.1885 792.1771 26 73.44003
808.6352 788.8031 26 73.4734
811.856 785.1187 26 73.50677
813.861 781.6866 26 73.54013
815.7674 779.3987 26 73.5735
816.1294 778.0709 26 73.60687
816.3734 777.3785 26 73.64023
814.087 779.3954 26 73.6736
811.0798 782.0395 26 73.70697
808.3937 786.7479 26 73.74033
805.6569 791.4712 26 73.7737
801.8295 795.9227 26 73.80707
797.089 800.2577 26 73.84043
791.2063 805.3157 26 73.8738
784.2733 810.9582 26 73.90717
780.92 816.8034 26 73.94053
776.5262 821.3747 26 73.9739
771.4025 825.8608 26 74.00727
769.4289 828.5167 26 74.04063
766.8649 829.6294 26 74.074
768.0824 828.9613 26 74.10737
771.1546 825.5452 26 74.14073
776.5919 822.5923 26 74.1741
780.3578 819.4679 26 74.20747
782.4801 813.5841 26 74.24083
786.5979 809.1126 26 74.2742
791.8412 805.3751 26 74.30757
797.6808 801.4144 26 74.34093
803.3539 796.941 26 74.3743
807.1534 791.9191 26 74.40767
811.7419 787.8105 26 74.44103
814.3057 782.1017 26 74.4744
817.6556 777.5425 26 74.50777
822.7207 773.1422 26 74.54113
824.8714 767.2098 26 74.5745
828.4342 761.3504 26 74.60787
833.4248 755.4122 26 74.64123
838.1785 750.5692 26 74.6746
843.639 744.8742 26 74.70797
847.8427 739.5393 26 74.74133
849.4192 732.6006 26 74.7747
852.5432 725.7999 26 74.80807
856.4151 719.3701 26 74.84143
860.7016 713.2968 26 74.8748
865.1353 707.7618 26 74.90817
870.0965 701.9272 26 74.94153
873.0165 696.3526 26 74.9749
874.6404 690.7812 26 75.00827
878.3088 685.5746 26 75.04163
881.0402 679.9207 26 75.075
883.4783 673.0025 26 75.10837
887.0708 667.6983 26 75.14173
888.0957 661.342 26 75.1751
891.1953 655.6128 26 75.20847
893.1231 649.4767 26 75.24183
894.957 643.1335 26 75.2752
897.0666 635.6857 26 75.30857
900.6038 629.8344 26 75.34193
902.2361 625.1129 26 75.3753
902.6613 616.8955 26 75.40867
905.3092 611.3194 26 75.44203
906.3375 604.9873 26 75.4754
907.4089 598.4445 26 75.50877
909.4107 593.5467 26 75.54213
911.0954 587.0129 26 75.5755
911.7769 579.2765 26 75.60887
911.7808 571.3067 26 75.64223
914.2123 564.8692 26 75.6756
915.3896 559.2284 26 75.70897
916.5689 553.5184 26 75.74233
915.9357 547.2354 26 75.7757
917.7001 539.9859 26 75.80907
918.9176 534.6431 26 75.84243
919.1442 528.7504 26 75.8758
919.4769 522.9562 26 75.90917
920.0048 518.2289 26 75.94253
920.1279 513.45 26 75.9759
919.6409 507.7455 26 76.00927
920.0486 502.2448 26 76.04263
919.7575 497.0826 26 76.076
919.9234 491.6952 26 76.10937
919.9148 485.911 26 76.14273
919.3751 481.0836 26 76.1761
919.785 476.3433 26 76.20947
919.1406 472.4436 26 76.24283
919.1273 470.1055 26 76.2762
918.3948 468.2326 26 76.30957
919.4289 467.2904 26 76.34293
917.4873 468.513 26 76.3763
917.896 472.4599 26 76.40967
917.7516 478.2115 26 76.44303
919.6949 484.0794 26 76.4764
919.4501 489.3933 26 76.50977
918.4441 494.7313 26 76.54313
919.4998 500.086 26 76.5765
918.3916 504.4716 26 76.60987
918.0654 508.8504 26 76.64323
919.2254 513.9429 26 76.6766
919.4483 518.325 26 76.70997
916.9459 524.3958 26 76.74333
916.3144 530.8336 26 76.7767
917.2762 537.1903 26 76.81007
917.5701 543.6168 26 76.84343
914.8418 549.6555 26 76.8768
914.2202 556.2037 26 76.91017
914.8197 563.3235 26 76.94353
912.9982 569.2742 26 76.9769
911.6321 575.1174 26 77.01027
911.7211 581.3484 26 77.04363
910.4853 586.453 26 77.077
909.6913 592.2755 26 77.11037
908.5939 595.4127 26 77.14373
908.0265 597.4283 26 77.1771
907.0766 601.0911 26 77.21047
906.2717 603.6529 26 77.24383
905.1254 605.6777 26 77.2772
905.1318 609.4356 26 77.31057
902.9288 611.41 26 77.34393
899.4268 612.9411 26 77.3773
897.2276 613.1167 26 77.41067
896.7256 613.6773 26 77.44403
895.3535 615.8633 26 77.4774
894.6228 614.4916 26 77.51077
894.6746 612.5979 26 77.54413
894.2993 611.9772 26 77.5775
895.0738 611.6945 26 77.61087
893.2961 610.3554 26 77.64423
889.5815 608.351 26 77.6776
883.7081 607.2971 26 77.71097
877.3103 605.9639 26 77.74433
871.2984 604.067 26 77.7777
864.5539 603.4135 26 77.81107
856.3693 602.1298 26 77.84443
849.2701 601.8388 26 77.8778
841.2341 600.3333 26 77.91117
832.6455 600.2783 26 77.94453
825.2323 601.0352 26 77.9779
818.2692 600.6147 26 78.01127
811.8919 600.1214 26 78.04463
804.2638 599.5816 26 78.078
798.0173 599.4274 26 78.11137
795.9435 596.955 26 78.14473
794.0377 596.0848 26 78.1781
791.7947 595.5682 26 78.21147
787.4415 594.7838 26 78.24483
783.5508 594.1759 26 78.2782
778.1116 593.3255 26 78.31157
773.2352 593.2261 26 78.34493
769.9093 591.9113 26 78.3783
766.4484 590.5522 26 78.41167
762.9761 588.7265 26 78.44503
758.1722 587.3798 26 78.4784
752.3973 586.5842 26 78.51177
745.746 586.0589 26 78.54513
738.6251 586.1849 26 78.5785
731.1738 585.8183 26 78.61187
723.8628 585.1032 26 78.64523
716.774 585.3117 26 78.6786
709.5222 585.4375 26 78.71197
701.9762 585.4419 26 78.74533
694.5384 585.6587 26 78.7787
687.0996 586.0262 26 78.81207
679.3016 586.6246 26 78.84543
671.1988 587.1195 26 78.8788
663.6332 587.6431 26 78.91217
655.634 588.23 26 78.94553
647.8486 589.1591 26 78.9789
640.1945 589.8213 26 79.01227
632.7396 590.4859 26 79.04563
625.4118 591.5591 26 79.079
617.8829 592.9166 26 79.11237
610.6827 593.9466 26 79.14573
602.9346 595.4572 26 79.1791
595.0363 597.0757 26 79.21247
587.3826 598.6408 26 79.24583
580.0382 600.0186 26 79.2792
573.0262 601.4822 26 79.31257
565.2468 603.2498 26 79.34593
557.8382 605.1566 26 79.3793
550.8156 606.6005 26 79.41267
543.4891 608.3546 26 79.44603
536.0254 610.6561 26 79.4794
528.3736 612.8054 26 79.51277
521.0119 615.2318 26 79.54613
513.7276 617.3569 26 79.5795
506.5118 619.7616 26 79.61287
499.2859 622.2207 26 79.64623
492.2257 624.6811 26 79.6796
484.5213 627.3972 26 79.71297
477.8842 629.7887 26 79.74633
470.3942 632.5128 26 79.7797
463.2829 635.3384 26 79.81307
456.1138 637.9933 26 79.84643
449.5844 640.3567 26 79.8798
446.4755 642.6477 26 79.91317
442.2581 645.571 26 79.94653
438.0216 648.7917 26 79.9799
434.3184 652.4339 26 80.01327
429.8907 656.154 26 80.04663
430.3928 659.3322 26 80.08
428.4176 663.409 26 80.11337
425.6004 668.0075 26 80.14673
422.3449 673.5302 26 80.1801
421.0628 677.3292 26 80.21347
419.2923 682.3575 26 80.24683
421.5886 686.4328 26 80.2802
424.6398 691.3294 26 80.31357
426.2195 697.9374 26 80.34693
426.8104 704.9599 26 80.3803
426.97 712.0867 26 80.41367
427.1668 719.4243 26 80.44703
427.7639 727.0954 26 80.4804
428.4639 734.5208 26 80.51377
430.7983 740.5721 26 80.54713
432.9358 747.0814 26 80.5805
434.8333 754.2146 26 80.61387
436.5071 762.0427 26 80.64723
438.0154 769.3666 26 80.6806
439.1282 777.0066 26 80.71397
440.7602 784.612 26 80.74733
442.0544 792.1882 26 80.7807
444.7925 799.137 26 80.81407
447.6703 806.3614 26 80.84743
450.0024 813.6383 26 80.8808
452.4232 820.5269 26 80.91417
454.7446 827.8268 26 80.94753
458.4161 833.4067 26 80.9809
462.0061 839.3985 26 81.01427
464.9621 846.0125 26 81.04763
467.2044 852.7718 26 81.081
470.3246 858.6518 26 81.11437
473.2787 864.1915 26 81.14773
476.1593 870.4561 26 81.1811
478.0271 877.0983 26 81.21447
479.2562 879.3275 26 81.24783
482.9434 880.7174 26 81.2812
483.0263 881.5739 26 81.31457
482.9227 882.5364 26 81.34793
482.5539 881.5029 26 81.3813
480.3019 883.2092 26 81.41467
479.0583 883.7211 26 81.44803
476.3387 884.3421 26 81.4814
