162.2602 804.166 27 0
133.884 772.3763 27 0.03336667
135.8871 776.3396 27 0.06673333
138.9258 779.8949 27 0.1001
141.8658 783.6325 27 0.1334667
144.2916 786.0486 27 0.1668333
145.2302 787.3447 27 0.2002
145.4111 787.9555 27 0.2335667
145.9838 788.6465 27 0.2669333
146.4401 789.1458 27 0.3003
146.4614 789.0494 27 0.3336667
145.398 787.6015 27 0.3670333
144.6472 786.995 27 0.4004
143.6708 785.5065 27 0.4337667
143.0771 784.8658 27 0.4671333
141.5745 783.5113 27 0.5005
140.7479 781.5442 27 0.5338667
138.1783 779.8059 27 0.5672333
135.9905 778.0486 27 0.6006
134.8848 774.8643 27 0.6339667
133.3253 773.0046 27 0.6673333
131.5165 771.4712 27 0.7007
131.0997 769.8845 27 0.7340667
129.9823 768.8008 27 0.7674333
129.218 768.1467 27 0.8008
131.0951 769.2697 27 0.8341667
131.6742 770.8854 27 0.8675333
133.8279 772.0935 27 0.9009
136.472 775.1997 27 0.9342667
138.9155 777.4337 27 0.9676333
140.6226 781.3642 27 1.001
143.2123 784.485 27 1.034367
147.0528 787.2217 27 1.067733
150.389 790.6326 27 1.1011
152.9326 793.4484 27 1.134467
155.9527 795.5156 27 1.167833
156.7771 797.3548 27 1.2012
158.9044 800.391 27 1.234567
160.9655 804.0941 27 1.267933
165.4133 806.7378 27 1.3013
170.2146 809.8192 27 1.334667
170.8064 813.5391 27 1.368033
175.86 815.7166 27 1.4014
179.4015 818.804 27 1.434767
182.5623 821.7481 27 1.468133
187.8708 826.6872 27 1.5015
192.6975 830.3745 27 1.534867
196.3602 833.3432 27 1.568233
200.0853 835.9526 27 1.6016
201.8588 839.3385 27 1.634967
205.4209 840.8812 27 1.668333
207.8278 844.041 27 1.7017
212.4814 846.2527 27 1.735067
215.5993 849.4481 27 1.768433
220.2462 852.199 27 1.8018
222.848 854.6469 27 1.835167
226.8498 857.1622 27 1.868533
230.0483 859.3131 27 1.9019
232.4648 861.6723 27 1.935267
236.1197 863.8085 27 1.968633
238.4104 866.4799 27 2.002
243.4425 868.3751 27 2.035367
246.9545 871.1459 27 2.068733
251.2945 872.9827 27 2.1021
254.4491 875.245 27 2.135467
257.0097 876.9356 27 2.168833
259.5244 877.4631 27 2.2022
259.8469 878.1675 27 2.235567
261.205 879.5645 27 2.268933
264.7964 880.4437 27 2.3023
265.9973 882.5649 27 2.335667
268.9844 882.9016 27 2.369033
269.7721 884.1932 27 2.4024
273.0089 883.9687 27 2.435767
273.2062 884.6318 27 2.469133
273.2021 885.41 27 2.5025
272.5012 885.3962 27 2.535867
272.9559 884.859 27 2.569233
272.5668 883.5984 27 2.6026
271.1421 883.8967 27 2.635967
271.945 883.303 27 2.669333
271.772 882.3073 27 2.7027
270.4057 882.2945 27 2.736067
269.0552 883.336 27 2.769433
267.4324 883.4637 27 2.8028
267.3607 883.4604 27 2.836167
269.8623 882.8456 27 2.869533
271.8985 882.3118 27 2.9029
273.6122 887.1435 27 2.936267
275.8809 887.7552 27 2.969633
276.8696 888.1813 27 3.003
279.2354 887.559 27 3.036367
281.2296 887.9824 27 3.069733
283.0817 890.473 27 3.1031
288.198 894.0148 27 3.136467
293.48 897.6242 27 3.169833
300.0411 898.5857 27 3.2032
306.959 901.1714 27 3.236567
312.8349 904.8093 27 3.269933
319.3628 907.9548 27 3.3033
326.3969 910.0213 27 3.336667
333.607 911.7685 27 3.370033
340.8298 913.9006 27 3.4034
347.4943 916.2309 27 3.436767
354.363 919.7578 27 3.470133
361.7165 919.9777 27 3.5035
368.2853 920.437 27 3.536867
374.5633 922.1724 27 3.570233
380.495 924.7934 27 3.6036
386.5333 923.299 27 3.636967
393.6815 922.8746 27 3.670333
397.3467 925.5169 27 3.7037
403.6859 927.052 27 3.737067
408.9907 929.2543 27 3.770433
414.6062 928.5202 27 3.8038
420.5659 928.8816 27 3.837167
426.4821 930.5971 27 3.870533
432.8431 932.1799 27 3.9039
437.2172 931.2902 27 3.937267
444.2648 930.6374 27 3.970633
450.0031 932.8258 27 4.004
456.1649 933.364 27 4.037367
461.2444 932.6443 27 4.070733
467.0207 933.5744 27 4.1041
471.4926 934.1515 27 4.137467
476.6983 933.6005 27 4.170833
483.1035 934.997 27 4.2042
488.7206 933.4097 27 4.237567
493.6015 934.2944 27 4.270933
498.3144 932.7685 27 4.3043
502.2367 933.717 27 4.337667
507.184 933.7879 27 4.371033
513.5627 932.8792 27 4.4044
518.6076 933.4596 27 4.437767
521.8201 931.9443 27 4.471133
525.0846 932.4094 27 4.5045
529.2197 932.3515 27 4.537867
530.6581 932.6924 27 4.571233
534.1636 931.91 27 4.6046
535.9469 931.0126 27 4.637967
535.6914 931.7688 27 4.671333
536.2405 931.7615 27 4.7047
537.5336 931.2584 27 4.738067
537.8796 931.0431 27 4.771433
539.152 931.0075 27 4.8048
540.6712 930.358 27 4.838167
542.8665 930.656 27 4.871533
543.7648 930.6611 27 4.9049
544.5089 930.783 27 4.938267
544.6114 930.2778 27 4.971633
546.2862 930.117 27 5.005
547.5895 928.5155 27 5.038367
549.0612 929.5772 27 5.071733
549.4809 929.5723 27 5.1051
549.5626 929.0081 27 5.138467
546.5902 929.445 27 5.171833
545.8734 928.9179 27 5.2052
542.9311 929.0902 27 5.238567
539.4082 932.4051 27 5.271933
537.6874 931.5853 27 5.3053
536.0062 931.311 27 5.338667
532.8079 932.3328 27 5.372033
533.0308 931.3378 27 5.4054
532.1364 931.4261 27 5.438767
532.6944 931.6079 27 5.472133
532.8753 932.0605 27 5.5055
535.7875 932.1222 27 5.538867
536.9815 932.4257 27 5.572233
537.9991 932.7787 27 5.6056
541.0199 929.5081 27 5.638967
546.057 926.5602 27 5.672333
551.6515 924.7742 27 5.7057
557.9057 923.4882 27 5.739067
563.842 922.2734 27 5.772433
570.5952 921.7272 27 5.8058
576.7938 921.7301 27 5.839167
583.1033 921.2221 27 5.872533
589.0568 920.6522 27 5.9059
595.1226 920.7039 27 5.939267
599.7914 917.8924 27 5.972633
605.4709 914.9625 27 6.006
611.3817 914.7056 27 6.039367
617.3066 911.7832 27 6.072733
622.7628 909.61 27 6.1061
627.88 909.1656 27 6.139467
633.361 907.1615 27 6.172833
638.6159 904.6588 27 6.2062
644.1886 903.0659 27 6.239567
648.4624 899.5751 27 6.272933
653.8482 897.3248 27 6.3063
659.2642 896.3896 27 6.339667
663.4171 893.9142 27 6.373033
667.0363 892.6988 27 6.4064
671.8283 887.7557 27 6.439767
678.0486 885.2757 27 6.473133
685.0574 883.9801 27 6.5065
688.6115 880.4847 27 6.539867
692.9124 878.4694 27 6.573233
698.5536 875.5197 27 6.6066
702.7883 871.1902 27 6.639967
708.4618 868.6278 27 6.673333
714.6589 866.879 27 6.7067
717.5965 863.7685 27 6.740067
720.5906 862.0549 27 6.773433
723.7665 859.506 27 6.8068
727.4192 857.8736 27 6.840167
731.0592 855.7557 27 6.873533
733.7773 853.3671 27 6.9069
737.1864 850.6082 27 6.940267
740.5625 848.001 27 6.973633
743.8379 844.8793 27 7.007
748.9118 842.665 27 7.040367
751.4078 838.9982 27 7.073733
755.1785 837.318 27 7.1071
759.4069 833.7674 27 7.140467
762.4862 830.7603 27 7.173833
766.0498 828.7772 27 7.2072
769.8635 824.727 27 7.240567
774.7801 821.8262 27 7.273933
777.3617 818.3371 27 7.3073
778.87 817.7683 27 7.340667
779.9251 816.4239 27 7.374033
780.9349 814.4951 27 7.4074
780.7393 813.7174 27 7.440767
785.0662 811.2294 27 7.474133
787.6551 810.3644 27 7.5075
789.8844 808.5962 27 7.540867
791.7418 807.1515 27 7.574233
791.8905 804.8634 27 7.6076
791.5383 802.9417 27 7.640967
789.2243 799.4549 27 7.674333
786.8711 795.4718 27 7.7077
783.6375 791.6182 27 7.741067
779.3972 786.0373 27 7.774433
774.4586 781.0084 27 7.8078
769.2679 777.0218 27 7.841167
764.753 772.4015 27 7.874533
758.7918 768.0038 27 7.9079
754.953 762.3536 27 7.941267
751.1859 756.5656 27 7.974633
747.7853 750.6912 27 8.008
745.7206 744.4081 27 8.041367
744.3553 738.1955 27 8.074733
742.9163 731.3741 27 8.1081
742.1497 724.3786 27 8.141467
741.5249 718.2673 27 8.174833
740.3631 711.4693 27 8.2082
739.4121 704.9603 27 8.241567
738.3643 698.4217 27 8.274933
738.1872 692.2044 27 8.3083
737.9051 685.518 27 8.341667
738.0342 678.5412 27 8.375033
738.3778 671.027 27 8.4084
738.7727 663.7986 27 8.441767
739.4599 657.4487 27 8.475133
741.1346 650.6374 27 8.5085
743.0681 643.6106 27 8.541867
745.2337 637.0035 27 8.575233
747.9195 630.8603 27 8.6086
750.3982 624.302 27 8.641967
753.7255 618.4285 27 8.675333
757.2908 611.9478 27 8.7087
761.1044 605.7801 27 8.742067
764.6398 600.1915 27 8.775433
768.1807 595.099 27 8.8088
772.0127 589.8308 27 8.842167
776.0651 584.6144 27 8.875533
780.5971 580.1628 27 8.9089
780.7337 578.5631 27 8.942267
783.8305 576.8564 27 8.975633
786.7863 573.4379 27 9.009
791.4725 570.8036 27 9.042367
796.0055 567.7345 27 9.075733
799.6885 564.7945 27 9.1091
804.5368 561.9293 27 9.142467
809.8197 559.4193 27 9.175833
815.384 557.4358 27 9.2092
820.4702 555.8221 27 9.242567
826.7862 554.1921 27 9.275933
832.6073 552.515 27 9.3093
838.7602 550.8919 27 9.342667
845.4624 550.1485 27 9.376033
851.4176 549.2025 27 9.4094
858.4019 548.1601 27 9.442767
865.2145 547.8693 27 9.476133
872.2012 547.827 27 9.5095
879.1005 547.7117 27 9.542867
886.7001 547.8917 27 9.576233
894.2391 548.2413 27 9.6096
901.2442 548.6555 27 9.642967
906.7773 548.7373 27 9.676333
913.2351 547.6462 27 9.7097
916.178 546.3753 27 9.743067
916.5689 545.26 27 9.776433
916.5079 544.1398 27 9.8098
916.7904 544.2166 27 9.843167
917.0525 542.3917 27 9.876533
916.852 541.7307 27 9.9099
917.4936 539.8965 27 9.943267
917.5189 538.0237 27 9.976633
917.4341 537.2317 27 10.01
917.8691 534.6604 27 10.04337
917.8649 533.0386 27 10.07673
917.9945 530.6713 27 10.1101
917.5552 530.9159 27 10.14347
917.943 531.2741 27 10.17683
917.9305 531.4591 27 10.2102
918.523 530.7393 27 10.24357
918.2916 529.7237 27 10.27693
918.2631 530.8775 27 10.3103
917.8587 529.8052 27 10.34367
918.1023 529.3715 27 10.37703
918.7376 530.3078 27 10.4104
917.7514 530.9665 27 10.44377
918.7032 533.5972 27 10.47713
918.9449 535.4577 27 10.5105
919.0188 537.3638 27 10.54387
917.6885 541.4805 27 10.57723
918.7834 544.3522 27 10.6106
917.1622 547.0829 27 10.64397
916.0821 551.7676 27 10.67733
913.6135 557.3737 27 10.7107
914.0446 562.5291 27 10.74407
914.6582 567.8286 27 10.77743
915.009 573.516 27 10.8108
913.5723 578.6179 27 10.84417
910.9612 584.4789 27 10.87753
909.186 590.9235 27 10.9109
907.9699 597.5667 27 10.94427
907.4859 603.8074 27 10.97763
906.9849 610.0024 27 11.011
905.367 616.2704 27 11.04437
902.1516 621.5533 27 11.07773
900.0823 628.457 27 11.1111
899.9641 632.3797 27 11.14447
899.2405 636.5547 27 11.17783
897.6047 639.2833 27 11.2112
896.2816 641.856 27 11.24457
894.8014 643.8904 27 11.27793
893.4158 645.1366 27 11.3113
892.2059 647.4806 27 11.34467
890.6511 648.7255 27 11.37803
889.2004 650.209 27 11.4114
887.3359 651.6652 27 11.44477
885.1451 654.092 27 11.47813
882.4587 655.4959 27 11.5115
879.9205 655.8257 27 11.54487
876.559 657.6709 27 11.57823
872.4819 660.2956 27 11.6116
868.7902 660.8187 27 11.64497
864.9875 661.0609 27 11.67833
859.0994 660.7821 27 11.7117
853.7859 662.1188 27 11.74507
848.5755 663.417 27 11.77843
842.8972 663.0228 27 11.8118
837.0206 663.4407 27 11.84517
830.9382 664.5086 27 11.87853
824.1963 665.4187 27 11.9119
817.0871 666.4027 27 11.94527
810.7363 668.0867 27 11.97863
804.4999 668.6777 27 12.012
797.6563 669.5464 27 12.04537
790.6329 670.1379 27 12.07873
784.1843 670.898 27 12.1121
777.6382 671.1654 27 12.14547
770.966 671.2529 27 12.17883
763.3168 671.5689 27 12.2122
755.8091 671.7001 27 12.24557
748.7535 671.8738 27 12.27893
742.2953 672.0426 27 12.3123
735.4402 672.5613 27 12.34567
728.3166 672.4745 27 12.37903
721.1911 672.3139 27 12.4124
714.6871 671.7269 27 12.44577
708.4209 671.3003 27 12.47913
701.252 670.9329 27 12.5125
693.9186 670.588 27 12.54587
686.4879 669.4801 27 12.57923
679.3774 668.4643 27 12.6126
679.981 666.9509 27 12.64597
678.466 665.2738 27 12.67933
677.7097 662.4377 27 12.7127
678.2937 659.0647 27 12.74607
678.3864 655.2756 27 12.77943
677.7326 650.3033 27 12.8128
676.7249 645.1176 27 12.84617
676.7163 639.1254 27 12.87953
675.3348 633.1879 27 12.9129
674.7204 626.5363 27 12.94627
674.0391 620.0321 27 12.97963
673.4511 613.3952 27 13.013
673.1349 606.1385 27 13.04637
672.1273 598.906 27 13.07973
670.9877 592.7533 27 13.1131
670.4782 586.053 27 13.14647
670.1496 579.8321 27 13.17983
669.6358 573.3053 27 13.2132
669.3746 566.9093 27 13.24657
669.6521 560.4371 27 13.27993
669.9028 553.5387 27 13.3133
670.4541 546.6919 27 13.34667
670.7362 539.7076 27 13.38003
670.1838 533.4078 27 13.4134
671.1798 527.058 27 13.44677
671.6556 520.0189 27 13.48013
672.1355 512.901 27 13.5135
674.1746 505.5079 27 13.54687
675.4395 498.3993 27 13.58023
677.1407 492.0771 27 13.6136
678.535 486.0959 27 13.64697
680.7135 479.5175 27 13.68033
682.538 473.0578 27 13.7137
684.6099 466.842 27 13.74707
687.112 460.6179 27 13.78043
689.5684 454.5101 27 13.8138
692.4642 448.4293 27 13.84717
695.3546 442.8907 27 13.88053
698.7918 436.5728 27 13.9139
702.0369 430.4922 27 13.94727
705.3366 424.5326 27 13.98063
709.6704 418.8059 27 14.014
713.5986 413.2979 27 14.04737
717.202 408.3883 27 14.08073
721.2763 403.1735 27 14.1141
725.662 397.8192 27 14.14747
730.4424 393.0504 27 14.18083
735.0868 387.9871 27 14.2142
740.1554 383.6352 27 14.24757
745.4057 377.971 27 14.28093
751.257 372.7327 27 14.3143
756.8849 368.8613 27 14.34767
762.7945 365.2675 27 14.38103
768.2932 361.2259 27 14.4144
774.0689 357.5225 27 14.44777
779.992 354.2652 27 14.48113
785.5666 351.7828 27 14.5145
791.3103 349.5579 27 14.54787
797.3435 347.2815 27 14.58123
803.4452 345.0355 27 14.6146
809.6773 342.5693 27 14.64797
816.3695 340.4701 27 14.68133
823.0459 338.2614 27 14.7147
829.6798 336.7251 27 14.74807
835.9707 334.9209 27 14.78143
842.2591 333.7535 27 14.8148
848.5089 332.9815 27 14.84817
854.7755 331.9965 27 14.88153
860.6767 331.9579 27 14.9149
866.7583 331.6774 27 14.94827
872.7756 331.6251 27 14.98163
878.6752 331.6849 27 15.015
885.1865 331.7259 27 15.04837
886.8864 334.7899 27 15.08173
889.5077 339.1789 27 15.1151
889.8755 342.8645 27 15.14847
891.6587 346.781 27 15.18183
893.724 351.5191 27 15.2152
894.6415 355.6813 27 15.24857
895.7887 358.9834 27 15.28193
897.6214 363.1749 27 15.3153
898.9219 368.8294 27 15.34867
900.101 372.0585 27 15.38203
900.6278 374.4702 27 15.4154
902.2453 377.7842 27 15.44877
902.8114 381.2157 27 15.48213
903.7079 384.4935 27 15.5155
904.7765 387.6457 27 15.54887
905.7097 390.2318 27 15.58223
906.5396 392.3166 27 15.6156
907.3639 395.7798 27 15.64897
908.5761 398.9808 27 15.68233
909.2294 401.6898 27 15.7157
909.7342 407.1098 27 15.74907
911.3258 411.2851 27 15.78243
911.943 416.3198 27 15.8158
912.9865 421.3503 27 15.84917
913.9583 426.5515 27 15.88253
914.3662 431.472 27 15.9159
914.1335 437.1791 27 15.94927
914.922 442.7227 27 15.98263
916.4997 446.4567 27 16.016
917.0628 450.3677 27 16.04937
916.107 453.8916 27 16.08273
916.2577 458.9551 27 16.1161
919.1586 465.694 27 16.14947
919.4443 472.5736 27 16.18283
917.9074 477.4656 27 16.2162
917.9843 474.2273 27 16.24957
917.7395 475.5528 27 16.28293
919.471 474.7593 27 16.3163
919.4705 473.7623 27 16.34967
919.3866 472.664 27 16.38303
919.8625 473.6137 27 16.4164
921.5143 472.9173 27 16.44977
921.2287 474.0031 27 16.48313
921.7759 474.0248 27 16.5165
922.2002 474.0037 27 16.54987
921.9492 476.0114 27 16.58323
921.6718 477.7368 27 16.6166
919.1866 479.3014 27 16.64997
913.9131 479.8501 27 16.68333
914.0165 475.7427 27 16.7167
912.8697 470.1658 27 16.75007
911.4902 464.3347 27 16.78343
909.3616 458.8175 27 16.8168
907.2333 454.5406 27 16.85017
905.1271 451.3364 27 16.88353
904.4352 446.189 27 16.9169
900.3635 439.6564 27 16.95027
897.9627 434.0394 27 16.98363
896.8419 428.7222 27 17.017
893.2495 424.6113 27 17.05037
891.4604 420.6429 27 17.08373
887.7541 416.9513 27 17.1171
883.503 413.0932 27 17.15047
877.7239 409.1552 27 17.18383
873.8395 405.2952 27 17.2172
867.7851 403.9117 27 17.25057
861.1718 401.8586 27 17.28393
855.0504 399.4465 27 17.3173
849.2579 395.6438 27 17.35067
843.5681 392.4509 27 17.38403
838.2191 389.0238 27 17.4174
832.6205 385.0914 27 17.45077
827.4445 381.0422 27 17.48413
823.0022 377.099 27 17.5175
818.4932 374.0626 27 17.55087
813.9151 369.5422 27 17.58423
809.0388 364.8583 27 17.6176
804.9468 359.7272 27 17.65097
800.3101 355.0793 27 17.68433
795.9081 349.8024 27 17.7177
791.7055 344.6553 27 17.75107
788.0462 339.8514 27 17.78443
784.9348 335.2811 27 17.8178
781.523 329.9935 27 17.85117
778.3916 324.2531 27 17.88453
775.5372 318.0368 27 17.9179
772.4241 311.6216 27 17.95127
769.5834 305.4946 27 17.98463
767.0032 299.7857 27 18.018
764.4314 294.6112 27 18.05137
762.2521 288.0745 27 18.08473
760.1069 282.059 27 18.1181
758.1705 275.9858 27 18.15147
756.488 269.6546 27 18.18483
754.6705 263.5751 27 18.2182
753.0725 257.4176 27 18.25157
751.719 251.7662 27 18.28493
750.2162 244.4656 27 18.3183
748.8335 237.9896 27 18.35167
747.6746 231.898 27 18.38503
746.1312 225.719 27 18.4184
745.9457 218.2783 27 18.45177
745.2922 211.7342 27 18.48513
744.5417 205.3194 27 18.5185
744.0934 198.993 27 18.55187
743.2673 192.3835 27 18.58523
742.533 185.581 27 18.6186
742.038 178.1792 27 18.65197
741.5379 171.8242 27 18.68533
741.3288 166.0461 27 18.7187
740.724 159.1387 27 18.75207
740.545 152.6478 27 18.78543
740.0892 146.4327 27 18.8188
736.7532 143.7966 27 18.85217
733.5024 141.5195 27 18.88553
731.2897 138.2501 27 18.9189
727.5449 136.5399 27 18.95227
724.3059 133.0861 27 18.98563
721.4165 132.1732 27 19.019
719.2719 130.0482 27 19.05237
716.1776 127.6379 27 19.08573
711.8625 126.3761 27 19.1191
709.4121 122.5227 27 19.15247
703.2271 122.4558 27 19.18583
697.3369 119.5059 27 19.2192
693.2551 114.7746 27 19.25257
688.67 110.6166 27 19.28593
685.7946 109.1718 27 19.3193
685.409 109.4668 27 19.35267
686.5744 109.0397 27 19.38603
687.3357 109.5268 27 19.4194
688.0281 111.8307 27 19.45277
687.5181 110.5855 27 19.48613
688.3841 109.9505 27 19.5195
688.2856 110.6214 27 19.55287
690.4305 110.9634 27 19.58623
689.7468 111.3601 27 19.6196
689.289 113.5133 27 19.65297
690.7661 113.7546 27 19.68633
692.4228 117.1145 27 19.7197
694.1682 118.777 27 19.75307
695.5984 119.6265 27 19.78643
697.4609 120.6693 27 19.8198
698.5343 121.1213 27 19.85317
699.1406 122.0173 27 19.88653
698.8611 121.9913 27 19.9199
698.988 122.4224 27 19.95327
698.7275 123.5434 27 19.98663
697.572 125.7962 27 20.02
697.1811 129.2429 27 20.05337
696.534 132.4184 27 20.08673
695.736 137.3478 27 20.1201
693.9835 141.294 27 20.15347
691.9725 145.6407 27 20.18683
690.1371 149.1511 27 20.2202
687.8373 152.6532 27 20.25357
685.0909 155.7113 27 20.28693
681.3292 159.3125 27 20.3203
676.6849 165.5244 27 20.35367
670.66 168.2585 27 20.38703
666.1783 172.598 27 20.4204
660.2514 175.7391 27 20.45377
654.6829 178.8708 27 20.48713
648.9841 182.3115 27 20.5205
642.3989 185.6005 27 20.55387
636.5794 189.3306 27 20.58723
630.7162 192.3288 27 20.6206
625.0727 195.4298 27 20.65397
618.8861 197.9289 27 20.68733
612.6213 200.6879 27 20.7207
606.8003 203.7201 27 20.75407
600.5104 205.7646 27 20.78743
593.544 207.7449 27 20.8208
586.7924 209.6305 27 20.85417
580.2421 211.9471 27 20.88753
572.4868 213.6165 27 20.9209
565.0637 215.2188 27 20.95427
557.9538 216.3896 27 20.98763
550.8956 217.1833 27 21.021
544.3434 217.6678 27 21.05437
537.9924 217.7589 27 21.08773
531.6628 217.1777 27 21.1211
525.3198 217.0615 27 21.15447
518.5009 215.8743 27 21.18783
511.9093 215.1161 27 21.2212
505.3287 213.3507 27 21.25457
498.8767 211.589 27 21.28793
492.8179 209.7555 27 21.3213
486.877 207.8213 27 21.35467
481.4025 205.4195 27 21.38803
475.7707 203.2379 27 21.4214
470.3449 200.5218 27 21.45477
465.5024 197.9059 27 21.48813
459.9087 194.9242 27 21.5215
454.7136 191.8868 27 21.55487
449.6335 189.1884 27 21.58823
444.1137 186.0513 27 21.6216
439.4407 183.0528 27 21.65497
434.0833 179.4948 27 21.68833
428.332 176.8355 27 21.7217
421.6156 172.5974 27 21.75507
416.0064 168.6355 27 21.78843
410.5231 164.9259 27 21.8218
405.0396 161.0699 27 21.85517
399.8509 157.4812 27 21.88853
394.8273 153.2525 27 21.9219
389.8926 149.3267 27 21.95527
384.579 145.1733 27 21.98863
379.6742 141.4212 27 22.022
374.8705 137.8141 27 22.05537
370.3628 133.0215 27 22.08873
365.329 129.4529 27 22.1221
360.5507 125.4757 27 22.15547
355.3426 120.9968 27 22.18883
350.8368 116.494 27 22.2222
345.8607 111.988 27 22.25557
341.8694 107.5112 27 22.28893
337.2259 103.2911 27 22.3223
332.6256 98.28208 27 22.35567
328.2824 93.53011 27 22.38903
324.1264 88.42297 27 22.4224
319.0991 83.49499 27 22.45577
317.2815 85.11077 27 22.48913
315.9588 83.42506 27 22.5225
314.0677 85.66244 27 22.55587
312.4477 85.03016 27 22.58923
312.0862 85.60539 27 22.6226
312.4121 84.05038 27 22.65597
311.4501 85.94182 27 22.68933
311.1873 85.11035 27 22.7227
312.3498 84.91108 27 22.75607
313.4369 84.38724 27 22.78943
315.159 83.7061 27 22.8228
316.599 83.15093 27 22.85617
318.7441 82.92069 27 22.88953
318.3276 82.56762 27 22.9229
319.7418 82.26077 27 22.95627
321.3157 81.51988 27 22.98963
323.1089 80.97643 27 23.023
326.3216 79.74743 27 23.05637
328.6929 78.61075 27 23.08973
331.4244 77.16976 27 23.1231
335.9347 76.90455 27 23.15647
340.7034 75.22628 27 23.18983
343.9882 74.32367 27 23.2232
347.3835 73.22808 27 23.25657
350.1444 72.71622 27 23.28993
349.7608 73.39274 27 23.3233
349.7608 73.39274 27 23.35667
348.5266 72.58545 27 23.39003
344.1461 74.49151 27 23.4234
344.1461 74.49151 27 23.45677
341.3328 75.16313 27 23.49013
332.9073 78.13269 27 23.5235
332.9073 78.13269 27 23.55687
328.8417 78.72392 27 23.59023
321.2447 82.65748 27 23.6236
321.2447 82.65748 27 23.65697
313.9222 84.55405 27 23.69033
313.8223 86.86986 27 23.7237
313.8223 86.86986 27 23.75707
309.0031 89.43337 27 23.79043
305.3565 90.05839 27 23.8238
305.3565 90.05839 27 23.85717
298.6788 90.47846 27 23.89053
294.4898 95.02169 27 23.9239
289.8384 97.31009 27 23.95727
286.0246 98.93827 27 23.99063
280.6049 100.0171 27 24.024
276.3401 102.0057 27 24.05737
272.0881 104.5502 27 24.09073
269.211 104.6452 27 24.1241
266.0104 106.3062 27 24.15747
261.4913 110.0704 27 24.19083
256.5562 114.8522 27 24.2242
252.9325 118.3942 27 24.25757
248.3102 120.9823 27 24.29093
242.8146 123.3179 27 24.3243
238.1401 123.8815 27 24.35767
235.4062 126.1778 27 24.39103
230.2168 128.1553 27 24.4244
228.0606 131.1144 27 24.45777
226.2729 132.5323 27 24.49113
223.4107 133.9901 27 24.5245
219.9796 135.6711 27 24.55787
217.1404 137.7366 27 24.59123
214.0038 140.0962 27 24.6246
210.735 141.739 27 24.65797
208.5529 144.7446 27 24.69133
204.3074 146.9103 27 24.7247
201.7666 149.6341 27 24.75807
197.7774 152.0882 27 24.79143
195.1238 154.9009 27 24.8248
192.9377 156.7884 27 24.85817
190.7824 156.901 27 24.89153
188.638 158.1437 27 24.9249
187.5218 159.006 27 24.95827
187.3295 159.2504 27 24.99163
186.9132 160.142 27 25.025
186.7796 159.4078 27 25.05837
187.2657 159.2804 27 25.09173
190.0387 157.8432 27 25.1251
191.1305 156.1095 27 25.15847
192.3091 154.872 27 25.19183
193.8493 154.3418 27 25.2252
195.6881 152.7689 27 25.25857
197.5292 150.8728 27 25.29193
201.5668 148.8145 27 25.3253
202.5106 149.545 27 25.35867
202.2554 149.1769 27 25.39203
202.2812 148.5279 27 25.4254
200.256 147.5975 27 25.45877
198.9192 149.1781 27 25.49213
196.9046 150.3467 27 25.5255
195.4391 154.4119 27 25.55887
192.115 159.2677 27 25.59223
188.6194 163.8103 27 25.6256
183.0666 167.0345 27 25.65897
178.8417 171.5247 27 25.69233
172.5917 175.6748 27 25.7257
167.6193 180.3069 27 25.75907
161.2844 184.2443 27 25.79243
155.9968 187.9598 27 25.8258
153.216 192.1111 27 25.85917
149.3921 196.8003 27 25.89253
144.7244 200.7872 27 25.9259
141.6149 206.1937 27 25.95927
138.7587 211.347 27 25.99263
134.2937 214.8695 27 26.026
129.8092 218.8174 27 26.05937
126.6049 222.0635 27 26.09273
124.4474 225.954 27 26.1261
121.4385 229.4104 27 26.15947
119.4456 231.6631 27 26.19283
117.2694 235.5398 27 26.2262
114.813 239.6634 27 26.25957
112.9223 242.3195 27 26.29293
110.212 245.5529 27 26.3263
107.3634 248.7241 27 26.35967
105.7604 253.2077 27 26.39303
102.922 256.2564 27 26.4264
102.5034 260.0642 27 26.45977
98.65388 261.8806 27 26.49313
95.95916 265.7752 27 26.5265
92.72361 271.5355 27 26.55987
90.55075 278.0635 27 26.59323
86.51479 283.3451 27 26.6266
83.22077 288.5545 27 26.65997
80.99484 294.7405 27 26.69333
78.06134 299.8642 27 26.7267
75.65599 305.2957 27 26.76007
72.9768 310.4637 27 26.79343
70.50858 313.4862 27 26.8268
70.18047 315.9458 27 26.86017
70.01457 316.2329 27 26.89353
69.66682 316.3806 27 26.9269
69.80656 316.433 27 26.96027
69.48227 315.7909 27 26.99363
70.68352 317.6155 27 27.027
68.74161 318.2335 27 27.06037
68.03949 319.5348 27 27.09373
68.11529 320.6061 27 27.1271
67.45649 321.3765 27 27.16047
67.30415 323.7532 27 27.19383
66.66479 324.561 27 27.2272
64.37443 326.3305 27 27.26057
64.51792 329.3401 27 27.29393
63.67097 330.3348 27 27.3273
63.98859 330.0703 27 27.36067
64.51965 327.8415 27 27.39403
65.41062 326.217 27 27.4274
65.4943 325.0631 27 27.46077
66.65273 324.0826 27 27.49413
66.18301 322.5883 27 27.5275
68.22265 319.8575 27 27.56087
68.61806 316.9488 27 27.59423
70.8107 315.1806 27 27.6276
71.56219 313.7275 27 27.66097
70.86619 312.0129 27 27.69433
71.16596 310.579 27 27.7277
71.14641 310.4819 27 27.76107
72.2008 309.2526 27 27.79443
72.99142 307.8927 27 27.8278
73.9398 307.1447 27 27.86117
71.74544 306.8591 27 27.89453
72.50719 308.4636 27 27.9279
72.82373 312.5702 27 27.96127
73.86842 315.6293 27 27.99463
75.70216 319.5833 27 28.028
78.19911 324.6965 27 28.06137
81.05383 327.999 27 28.09473
85.14814 329.187 27 28.1281
87.55259 330.3924 27 28.16147
92.96537 334.026 27 28.19483
98.4043 338.608 27 28.2282
105.0193 343.7764 27 28.26157
109.0878 349.6753 27 28.29493
112.2663 355.676 27 28.3283
114.4416 362.1155 27 28.36167
116.404 368.9491 27 28.39503
119.0688 375.6078 27 28.4284
120.4445 382.2584 27 28.46177
122.7989 389.4958 27 28.49513
123.859 396.4615 27 28.5285
125.4967 403.2153 27 28.56187
126.7699 410.3025 27 28.59523
128.4015 417.5326 27 28.6286
127.9062 423.4066 27 28.66197
129.2966 430.1321 27 28.69533
129.2009 436.5092 27 28.7287
128.4227 443.4381 27 28.76207
129.4783 447.4287 27 28.79543
128.6491 446.9511 27 28.8288
129.469 447.1744 27 28.86217
128.4015 446.579 27 28.89553
131.9314 446.9293 27 28.9289
134.4351 445.353 27 28.96227
138.5652 446.2473 27 28.99563
142.6114 446.3373 27 29.029
146.1502 447.9342 27 29.06237
151.0084 450.3007 27 29.09573
154.1976 452.5168 27 29.1291
157.7891 454.055 27 29.16247
162.8988 457.3762 27 29.19583
168.2764 461.2245 27 29.2292
171.3825 466.5048 27 29.26257
174.7776 472.4575 27 29.29593
177.0582 478.2928 27 29.3293
179.0499 484.2061 27 29.36267
180.8541 490.4492 27 29.39603
182.6087 496.3426 27 29.4294
183.8876 501.8303 27 29.46277
185.0693 508.1666 27 29.49613
186.0287 515.0187 27 29.5295
187.0141 521.778 27 29.56287
187.8689 529.0143 27 29.59623
189.5084 536.0048 27 29.6296
188.6445 543.1538 27 29.66297
189.7176 549.8086 27 29.69633
188.1478 555.9477 27 29.7297
188.3632 562.5416 27 29.76307
187.4453 568.6431 27 29.79643
187.1824 575.6053 27 29.8298
186.3837 582.0312 27 29.86317
185.5517 588.7993 27 29.89653
185.3453 595.9919 27 29.9299
184.4164 603.2647 27 29.96327
183.4582 610.2529 27 29.99663
182.2354 617.0622 27 30.03
185.1218 623.1506 27 30.06337
187.472 629.7926 27 30.09673
187.5259 635.8804 27 30.1301
189.5578 642.4613 27 30.16347
189.1323 648.316 27 30.19683
189.0345 654.5105 27 30.2302
190.4433 659.7967 27 30.26357
189.0762 664.6133 27 30.29693
186.889 669.8405 27 30.3303
184.3003 675.5925 27 30.36367
181.2308 680.936 27 30.39703
176.9782 686.6892 27 30.4304
173.2519 692.2354 27 30.46377
169.0792 697.5204 27 30.49713
165.4829 702.2835 27 30.5305
160.7246 708.3811 27 30.56387
158.4458 712.7341 27 30.59723
154.5389 718.4653 27 30.6306
150.4434 723.6051 27 30.66397
147.2832 729.0208 27 30.69733
142.4896 735.0496 27 30.7307
139.0304 740.3109 27 30.76407
134.0936 746.2451 27 30.79743
131.0233 750.9996 27 30.8308
126.5481 756.5728 27 30.86417
124.3212 760.8344 27 30.89753
125.8589 762.7742 27 30.9309
127.4433 764.7862 27 30.96427
128.0575 765.2847 27 30.99763
128.5941 767.139 27 31.031
129.8574 768.5712 27 31.06437
131.2484 770.0023 27 31.09773
131.9345 771.3724 27 31.1311
132.2988 772.0162 27 31.16447
132.4656 773.1201 27 31.19783
133.4939 773.3774 27 31.2312
131.9211 770.6738 27 31.26457
130.51 768.6181 27 31.29793
128.394 766.0659 27 31.3313
126.5717 763.5513 27 31.36467
125.0949 761.7197 27 31.39803
124.7575 759.3898 27 31.4314
123.9535 757.8595 27 31.46477
121.5778 757.4174 27 31.49813
122.3136 756.865 27 31.5315
122.9366 756.5785 27 31.56487
121.8194 756.8983 27 31.59823
120.9811 757.1982 27 31.6316
119.3797 756.6475 27 31.66497
118.8483 757.5427 27 31.69833
120.7184 755.5676 27 31.7317
122.9122 754.519 27 31.76507
122.8083 754.0035 27 31.79843
122.6085 755.0989 27 31.8318
121.5154 754.6999 27 31.86517
119.1794 757.5195 27 31.89853
119.3379 757.0479 27 31.9319
121.0953 756.253 27 31.96527
121.5117 758.2213 27 31.99863
121.2853 758.8054 27 32.032
121.7929 760.5267 27 32.06537
122.3331 759.9791 27 32.09873
122.9003 759.3549 27 32.1321
124.1997 760.3063 27 32.16547
124.9155 761.0392 27 32.19883
125.0745 761.9938 27 32.2322
129.0889 763.9231 27 32.26557
131.9779 766.1826 27 32.29893
136.4542 768.5736 27 32.3323
141.1556 770.1197 27 32.36567
146.5433 771.354 27 32.39903
152.1562 773.3467 27 32.4324
158.1721 773.8022 27 32.46577
164.1645 774.684 27 32.49913
170.0019 776.3862 27 32.5325
176.8066 777.2041 27 32.56587
183.7866 777.4426 27 32.59923
188.9195 778.9349 27 32.6326
195.7222 778.7262 27 32.66597
201.1564 779.6516 27 32.69933
207.7105 780.0923 27 32.7327
213.6699 780.8235 27 32.76607
220.3472 782.1607 27 32.79943
227.2308 782.9819 27 32.8328
233.9567 784.9184 27 32.86617
240.4513 786.2427 27 32.89953
247.3225 787.786 27 32.9329
254.3518 790.1381 27 32.96627
260.5703 792.2436 27 32.99963
267.9761 794.7242 27 33.033
274.2897 797.1319 27 33.06637
280.9558 799.5707 27 33.09973
287.5646 802.2303 27 33.1331
294.2887 805.0192 27 33.16647
300.9135 807.8043 27 33.19983
306.687 810.7761 27 33.2332
312.2973 813.9793 27 33.26657
317.7186 816.8056 27 33.29993
323.7847 819.5913 27 33.3333
329.3636 823.0466 27 33.36667
335.0769 826.6218 27 33.40003
339.8918 829.988 27 33.4334
345.7299 833.8805 27 33.46677
351.8172 837.4194 27 33.50013
356.5106 841.5363 27 33.5335
363.7824 844.5741 27 33.56687
368.0183 848.6871 27 33.60023
374.4323 851.8218 27 33.6336
379.9707 855.1983 27 33.66697
385.5882 859.5071 27 33.70033
391.1168 862.9236 27 33.7337
395.5343 866.7321 27 33.76707
400.965 870.2439 27 33.80043
405.6811 874.5356 27 33.8338
411.9558 879.1672 27 33.86717
416.3577 883.4527 27 33.90053
421.1639 887.9804 27 33.9339
425.5038 892.4638 27 33.96727
428.9786 897.1311 27 34.00063
432.6497 901.5752 27 34.034
436.1903 905.6274 27 34.06737
439.3398 910.1827 27 34.10073
442.9837 915.0566 27 34.1341
445.962 919.4157 27 34.16747
449.0395 924.1355 27 34.20083
451.2547 929.4502 27 34.2342
455.3213 933.9649 27 34.26757
459.4878 932.0236 27 34.30093
462.6943 933.3 27 34.3343
465.8963 934.204 27 34.36767
469.5004 932.5843 27 34.40103
473.1962 933.4901 27 34.4344
477.7132 933.7888 27 34.46777
482.3363 936.0157 27 34.50113
486.6007 935.0354 27 34.5345
492.5825 934.2115 27 34.56787
497.7497 936.3684 27 34.60123
503.2486 934.0641 27 34.6346
509.5338 933.3624 27 34.66797
515.4209 933.3821 27 34.70133
520.7118 933.4738 27 34.7347
523.497 932.9773 27 34.76807
526.9044 930.8712 27 34.80143
530.2164 931.7068 27 34.8348
534.6742 931.4629 27 34.86817
538.292 929.6441 27 34.90153
543.1237 929.2042 27 34.9349
547.6851 930.1106 27 34.96827
551.3491 928.0135 27 35.00163
555.0379 927.034 27 35.035
559.1597 927.1282 27 35.06837
564.2359 927.1036 27 35.10173
568.5264 926.4051 27 35.1351
572.7429 924.0065 27 35.16847
577.9524 922.683 27 35.20183
583.3093 922.7054 27 35.2352
587.5941 920.7002 27 35.26857
592.8415 918.9719 27 35.30193
597.7911 918.666 27 35.3353
602.1279 917.3153 27 35.36867
606.4164 914.7401 27 35.40203
612.242 913.6113 27 35.4354
616.7909 912.9197 27 35.46877
620.5696 910.5835 27 35.50213
625.7323 910.211 27 35.5355
630.4711 907.9531 27 35.56887
632.3459 908.9184 27 35.60223
636.3519 905.9174 27 35.6356
640.9487 903.6283 27 35.66897
647.5007 901.6642 27 35.70233
651.0974 899.3261 27 35.7357
654.5576 898.2996 27 35.76907
657.9218 896.6651 27 35.80243
661.0867 895.1979 27 35.8358
663.8081 893.9069 27 35.86917
665.3561 893.6036 27 35.90253
668.6351 891.5566 27 35.9359
673.1046 889.7473 27 35.96927
677.1644 886.6928 27 36.00263
682.2115 885.2803 27 36.036
685.3262 883.5192 27 36.06937
690.4417 881.4861 27 36.10273
694.2901 878.3764 27 36.1361
698.4847 878.1457 27 36.16947
702.9748 874.0237 27 36.20283
707.746 871.1232 27 36.2362
712.0043 868.4831 27 36.26957
715.5639 865.724 27 36.30293
719.1234 863.9717 27 36.3363
722.1485 861.3661 27 36.36967
723.8816 860.356 27 36.40303
726.92 858.1677 27 36.4364
730.6402 856.6823 27 36.46977
732.8667 854.5338 27 36.50313
734.7946 853.8074 27 36.5365
737.0855 852.9201 27 36.56987
739.5706 849.2867 27 36.60323
742.3969 848.2345 27 36.6366
746.406 843.8903 27 36.66997
749.8849 843.3537 27 36.70333
753.1597 838.3422 27 36.7367
756.9857 834.7217 27 36.77007
761.5292 832.5175 27 36.80343
764.4692 829.1108 27 36.8368
767.5779 828.0708 27 36.87017
770.8714 824.0916 27 36.90353
773.8025 819.9544 27 36.9369
778.225 818.1502 27 36.97027
781.6216 815.8009 27 37.00363
783.8556 811.8011 27 37.037
787.6459 807.7185 27 37.07037
792.5646 804.7437 27 37.10373
796.5322 801.171 27 37.1371
800.4725 796.9052 27 37.17047
803.9229 792.0351 27 37.20383
807.6957 787.6849 27 37.2372
811.9551 783.9923 27 37.27057
815.8544 780.3756 27 37.30393
818.4392 774.838 27 37.3373
822.7546 770.9705 27 37.37067
824.656 766.8612 27 37.40403
827.6207 764.6209 27 37.4374
830.3001 760.6184 27 37.47077
831.2315 758.8776 27 37.50413
832.4945 757.7205 27 37.5375
836.0791 755.496 27 37.57087
837.2191 753.1075 27 37.60423
838.8947 750.0303 27 37.6376
840.9277 745.412 27 37.67097
843.7309 740.8493 27 37.70433
847.2065 736.5692 27 37.7377
850.3362 732.754 27 37.77107
853.4059 728.8413 27 37.80443
854.7075 724.7001 27 37.8378
857.892 721.3102 27 37.87117
859.1372 716.0795 27 37.90453
861.3288 711.9052 27 37.9379
864.5324 708.7016 27 37.97127
866.6839 704.3597 27 38.00463
868.1818 698.6697 27 38.038
871.4884 693.9789 27 38.07137
875.4645 690.046 27 38.10473
876.8061 684.8721 27 38.1381
879.295 680.4255 27 38.17147
882.7313 675.6649 27 38.20483
882.737 670.3039 27 38.2382
884.3199 666.0204 27 38.27157
886.9428 661.8631 27 38.30493
889.7923 657.5116 27 38.3383
891.3428 652.769 27 38.37167
892.5702 647.6763 27 38.40503
894.4619 641.6677 27 38.4384
897.7424 636.1929 27 38.47177
900.4445 630.7152 27 38.50513
900.6098 626.1996 27 38.5385
901.8696 621.9869 27 38.57187
902.929 617.1587 27 38.60523
902.4084 611.8062 27 38.6386
904.1806 606.568 27 38.67197
906.2135 601.8526 27 38.70533
907.9181 596.247 27 38.7387
910.554 591.5038 27 38.77207
907.6144 590.6522 27 38.80543
906.875 591.642 27 38.8388
905.2559 592.5161 27 38.87217
903.4458 592.146 27 38.90553
902.3548 593.4153 27 38.9389
900.9611 592.9249 27 38.97227
897.7525 592.5305 27 39.00563
893.0263 592.869 27 39.039
888.7108 592.2536 27 39.07237
884.6576 591.0249 27 39.10573
880.3297 590.5267 27 39.1391
876.1067 588.6365 27 39.17247
869.7479 586.974 27 39.20583
863.7304 584.5118 27 39.2392
859.3779 581.5902 27 39.27257
854.9037 577.3877 27 39.30593
850.2321 572.5937 27 39.3393
846.0838 567.7853 27 39.37267
842.0941 563.8187 27 39.40603
838.2825 559.2826 27 39.4394
834.322 555.6177 27 39.47277
830.6129 551.1623 27 39.50613
826.5789 547.4207 27 39.5395
822.8871 543.5858 27 39.57287
819.7241 539.8013 27 39.60623
816.072 536.8752 27 39.6396
813.1235 533.1134 27 39.67297
809.1791 529.4728 27 39.70633
805.5459 525.5774 27 39.7397
801.6204 521.8586 27 39.77307
798.2094 518.1135 27 39.80643
794.4016 513.8379 27 39.8398
791.1284 510.0685 27 39.87317
787.8785 505.6814 27 39.90653
784.4178 502.163 27 39.9399
780.9231 497.8667 27 39.97327
777.4876 493.1482 27 40.00663
774.2372 488.582 27 40.04
770.8721 483.643 27 40.07337
767.4287 478.6787 27 40.10673
764.2341 473.8832 27 40.1401
761.6135 468.5559 27 40.17347
758.5739 463.9428 27 40.20683
756.1408 459.1455 27 40.2402
753.5752 454.6347 27 40.27357
750.9531 449.2269 27 40.30693
748.3814 444.3098 27 40.3403
745.6764 439.4717 27 40.37367
743.1973 434.1158 27 40.40703
740.6144 428.8566 27 40.4404
738.5876 424.2211 27 40.47377
735.9312 418.9492 27 40.50713
733.7001 413.0832 27 40.5405
731.5508 407.6312 27 40.57387
729.888 402.2957 27 40.60723
728.8068 397.2487 27 40.6406
727.3564 390.9424 27 40.67397
725.9934 384.6138 27 40.70733
724.7923 379.0388 27 40.7407
723.5743 373.9325 27 40.77407
722.0313 369.2301 27 40.80743
721.6534 363.9785 27 40.8408
720.0831 358.2468 27 40.87417
718.4573 352.2735 27 40.90753
717.3407 346.9073 27 40.9409
716.4033 341.1671 27 40.97427
715.6499 334.9958 27 41.00763
715.138 329.0164 27 41.041
714.4325 323.2687 27 41.07437
714.5952 317.422 27 41.10773
714.5494 312.0184 27 41.1411
714.7986 306.3161 27 41.17447
715.4945 299.7157 27 41.20783
715.8382 294.3232 27 41.2412
716.0027 288.8377 27 41.27457
716.885 283.3509 27 41.30793
716.9956 277.5718 27 41.3413
717.8299 272.1047 27 41.37467
718.2016 266.6786 27 41.40803
718.8897 261.5001 27 41.4414
719.6735 256.4801 27 41.47477
720.2746 250.9498 27 41.50813
721.085 246.0362 27 41.5415
722.1801 239.9672 27 41.57487
723.0849 233.6791 27 41.60823
724.1403 227.7234 27 41.6416
725.1771 221.9044 27 41.67497
727.0811 215.8079 27 41.70833
729.595 212.4494 27 41.7417
734.0035 213.7626 27 41.77507
739.6471 215.915 27 41.80843
743.0902 215.6314 27 41.8418
743.0433 218.5518 27 41.87517
744.8572 220.8769 27 41.90853
744.55 220.0469 27 41.9419
741.7423 221.4767 27 41.97527
741.2198 221.2191 27 42.00863
738.9104 219.7266 27 42.042
736.6611 217.0937 27 42.07537
732.119 215.544 27 42.10873
729.3249 211.9524 27 42.1421
726.6541 205.8059 27 42.17547
724.7068 201.2733 27 42.20883
724.2507 199.6435 27 42.2422
720.7967 199.0897 27 42.27557
720.4817 199.9248 27 42.30893
718.531 200.1971 27 42.3423
716.1246 199.778 27 42.37567
713.1386 198.3563 27 42.40903
710.8637 194.3376 27 42.4424
707.5997 191.0225 27 42.47577
704.7506 185.5676 27 42.50913
702.222 180.9725 27 42.5425
702.5035 178.3106 27 42.57587
702.366 178.645 27 42.60923
703.9473 178.4041 27 42.6426
705.2116 176.5657 27 42.67597
705.4892 174.3031 27 42.70933
705.5382 171.2273 27 42.7427
704.157 167.7157 27 42.77607
702.4073 164.2202 27 42.80943
700.7179 160.8532 27 42.8428
698.3385 159.1412 27 42.87617
694.5625 158.6174 27 42.90953
690.8428 157.1363 27 42.9429
687.3467 155.1968 27 42.97627
681.953 154.4742 27 43.00963
679.6147 151.6191 27 43.043
677.5789 149.0316 27 43.07637
676.277 143.8705 27 43.10973
675.9294 137.9954 27 43.1431
675.8805 133.486 27 43.17647
676.4556 129.4848 27 43.20983
677.2905 124.9248 27 43.2432
677.5209 120.803 27 43.27657
678.2876 116.5837 27 43.30993
678.9493 113.2013 27 43.3433
679.833 109.5916 27 43.37667
680.1045 106.3949 27 43.41003
677.6141 105.665 27 43.4434
676.9746 104.797 27 43.47677
675.3339 103.9239 27 43.51013
673.0788 102.8662 27 43.5435
671.0363 101.4527 27 43.57687
668.6964 100.5158 27 43.61023
666.2777 100.3073 27 43.6436
663.8329 98.47022 27 43.67697
661.1786 97.14841 27 43.71033
658.8394 95.92305 27 43.7437
656.5811 94.94538 27 43.77707
653.1779 93.69058 27 43.81043
649.4583 91.75592 27 43.8438
646.0144 91.36752 27 43.87717
644.355 91.26905 27 43.91053
643.3681 89.41226 27 43.9439
641.5758 87.63027 27 43.97727
641.2278 87.45788 27 44.01063
641.7072 86.56715 27 44.044
641.2583 88.06881 27 44.07737
641.486 88.24645 27 44.11073
642.8235 86.87042 27 44.1441
644.1161 88.18654 27 44.17747
646.3168 86.8634 27 44.21083
646.1509 89.47751 27 44.2442
646.9391 94.27162 27 44.27757
645.2144 97.66253 27 44.31093
644.0799 100.3244 27 44.3443
644.7328 105.7665 27 44.37767
643.0513 110.7783 27 44.41103
643.4219 116.7075 27 44.4444
641.6038 122.3501 27 44.47777
639.3809 129.0724 27 44.51113
636.148 134.8201 27 44.5445
633.5934 141.5878 27 44.57787
629.4465 145.9264 27 44.61123
626.7942 152.1754 27 44.6446
622.399 158.8321 27 44.67797
617.1978 163.695 27 44.71133
612.7826 167.463 27 44.7447
607.6074 170.5604 27 44.77807
602.454 173.4658 27 44.81143
597.7166 175.8983 27 44.8448
592.7883 179.0316 27 44.87817
587.0439 181.1736 27 44.91153
581.7333 183.7544 27 44.9449
576.0236 185.6421 27 44.97827
570.2325 188.3551 27 45.01163
564.4958 190.6724 27 45.045
558.9597 193.1447 27 45.07837
553.1221 195.4773 27 45.11173
546.8846 198.475 27 45.1451
541.198 201.5081 27 45.17847
535.6784 203.8471 27 45.21183
529.9433 206.1517 27 45.2452
524.4746 208.4488 27 45.27857
519.1377 210.4654 27 45.31193
513.638 212.325 27 45.3453
507.7628 213.5313 27 45.37867
502.1813 214.8797 27 45.41203
496.5765 216.0563 27 45.4454
491.3547 217.3726 27 45.47877
485.9608 217.917 27 45.51213
480.7853 218.753 27 45.5455
476.13 219.2023 27 45.57887
471.5941 219.9364 27 45.61223
466.9182 220.781 27 45.6456
462.1205 221.2661 27 45.67897
456.3366 222.122 27 45.71233
450.1053 223.1882 27 45.7457
443.7952 223.8017 27 45.77907
437.4798 225.0017 27 45.81243
431.8897 225.9114 27 45.8458
425.611 227.1683 27 45.87917
419.0683 227.0123 27 45.91253
413.1485 228.0898 27 45.9459
407.1581 228.7186 27 45.97927
400.9825 229.0518 27 46.01263
395.7584 229.3579 27 46.046
390.7101 229.3368 27 46.07937
385.6654 229.8978 27 46.11273
380.2666 230.2111 27 46.1461
374.4643 229.8508 27 46.17947
368.7288 230.2816 27 46.21283
362.667 230.1415 27 46.2462
356.5642 229.4413 27 46.27957
350.5717 228.5218 27 46.31293
344.5111 227.6339 27 46.3463
337.7562 226.4188 27 46.37967
332.4116 225.7857 27 46.41303
326.9851 223.7283 27 46.4464
319.8026 222.552 27 46.47977
315.0015 219.9314 27 46.51313
307.913 217.7971 27 46.5465
303.2694 216.0282 27 46.57987
296.8455 213.3241 27 46.61323
292.569 212.0943 27 46.6466
287.0144 208.2817 27 46.67997
281.3789 206.3792 27 46.71333
275.6832 202.6801 27 46.7467
269.2795 200.4898 27 46.78007
264.2483 196.8083 27 46.81343
259.0636 193.2937 27 46.8468
254.3037 190.8033 27 46.88017
249.1179 187.6593 27 46.91353
243.8346 185.1936 27 46.9469
238.6481 182.2878 27 46.98027
233.4257 179.5225 27 47.01363
228.4439 177.2752 27 47.047
223.8767 175.5947 27 47.08037
221.3476 173.629 27 47.11373
218.3973 171.7657 27 47.1471
215.457 169.7379 27 47.18047
211.2385 167.8128 27 47.21383
205.6628 166.1293 27 47.2472
199.8734 163.5432 27 47.28057
194.2519 159.6448 27 47.31393
191.2663 156.9442 27 47.3473
191.2284 157.9483 27 47.38067
188.8962 157.6672 27 47.41403
188.5987 160.4498 27 47.4474
186.4793 160.7321 27 47.48077
185.7026 163.1592 27 47.51413
181.9748 165.0582 27 47.5475
179.9928 167.1002 27 47.58087
176.6824 170.2574 27 47.61423
173.6735 172.8092 27 47.6476
169.9968 175.5072 27 47.68097
167.5057 177.8684 27 47.71433
168.8381 177.1187 27 47.7477
168.2306 177.0108 27 47.78107
168.0531 177.2835 27 47.81443
167.5062 176.9055 27 47.8478
167.9665 176.7838 27 47.88117
169.0437 177.8461 27 47.91453
168.4783 178.9091 27 47.9479
167.2868 178.349 27 47.98127
166.3775 179.3647 27 48.01463
165.4391 179.5426 27 48.048
164.8067 181.084 27 48.08137
162.7584 182.4899 27 48.11473
161.8423 183.8548 27 48.1481
159.999 185.4925 27 48.18147
158.0733 187.2376 27 48.21483
155.7534 189.3071 27 48.2482
152.5462 192.1967 27 48.28157
149.3544 195.1303 27 48.31493
148.5888 199.62 27 48.3483
143.5127 201.7998 27 48.38167
142.5212 205.747 27 48.41503
139.4338 207.9287 27 48.4484
136.4075 211.7835 27 48.48177
134.8112 214.0799 27 48.51513
130.9907 215.1602 27 48.5485
129.7974 221.5909 27 48.58187
124.6178 224.7032 27 48.61523
122.8183 227.7688 27 48.6486
120.3182 229.4852 27 48.68197
118.9449 233.2334 27 48.71533
116.19 236.2601 27 48.7487
113.3636 239.5466 27 48.78207
111.9097 244.4858 27 48.81543
107.8244 247.9388 27 48.8488
105.9357 252.9586 27 48.88217
102.7718 255.4141 27 48.91553
100.6641 258.7647 27 48.9489
98.09118 263.698 27 48.98227
94.7559 266.8911 27 49.01563
93.66583 271.3424 27 49.049
90.31879 275.0825 27 49.08237
90.40175 276.753 27 49.11573
91.01958 277.5613 27 49.1491
90.94947 276.3036 27 49.18247
91.02516 275.4808 27 49.21583
91.8033 275.1299 27 49.2492
92.14518 274.864 27 49.28257
90.87113 273.3254 27 49.31593
93.60347 271.9885 27 49.3493
92.95393 271.5839 27 49.38267
93.54473 269.9222 27 49.41603
94.92775 269.2126 27 49.4494
94.7563 267.2416 27 49.48277
95.8658 267.7186 27 49.51613
94.43725 267.3111 27 49.5495
95.01877 267.8254 27 49.58287
96.69159 269.1654 27 49.61623
96.55558 269.3091 27 49.6496
94.34108 267.9493 27 49.68297
94.95409 269.2344 27 49.71633
96.38488 270.0106 27 49.7497
96.01385 270.9643 27 49.78307
95.95649 271.9301 27 49.81643
93.3498 273.4099 27 49.8498
89.90546 276.8245 27 49.88317
85.91043 282.2756 27 49.91653
83.22986 287.5446 27 49.9499
80.07493 292.3756 27 49.98327
77.34874 298.2726 27 50.01663
74.52119 304.66 27 50.05
72.37204 310.3724 27 50.08337
70.82187 315.7305 27 50.11673
69.71936 321.2171 27 50.1501
68.09343 324.1641 27 50.18347
65.88377 326.7696 27 50.21683
64.14876 329.0493 27 50.2502
64.08227 330.0543 27 50.28357
63.55346 331.5509 27 50.31693
62.74779 332.0872 27 50.3503
62.18468 334.3746 27 50.38367
66.14899 336.4452 27 50.41703
65.06563 339.9513 27 50.4504
63.45937 343.826 27 50.48377
61.65382 346.987 27 50.51713
60.68663 349.536 27 50.5505
63.01755 351.6897 27 50.58387
62.34687 353.5321 27 50.61723
64.1477 354.9736 27 50.6506
62.66091 356.6686 27 50.68397
66.76084 358.2277 27 50.71733
68.62232 359.303 27 50.7507
71.23736 361.9937 27 50.78407
74.35733 364.2406 27 50.81743
77.69293 367.4193 27 50.8508
80.23625 371.3271 27 50.88417
81.69418 375.3535 27 50.91753
83.70505 378.9874 27 50.9509
84.13092 382.7833 27 50.98427
84.989 387.6303 27 51.01763
84.17532 390.8407 27 51.051
84.61559 393.9061 27 51.08437
84.46639 397.1948 27 51.11773
84.83383 400.4221 27 51.1511
83.30587 402.1991 27 51.18447
83.00273 403.7784 27 51.21783
82.78793 404.9956 27 51.2512
81.61557 403.7863 27 51.28457
83.43795 401.4195 27 51.31793
83.87904 396.9107 27 51.3513
84.82846 393.7174 27 51.38467
87.45705 389.8419 27 51.41803
85.88685 384.2928 27 51.4514
89.64634 380.3715 27 51.48477
89.18429 374.5219 27 51.51813
91.17631 368.8478 27 51.5515
92.12813 363.8378 27 51.58487
94.06378 358.6749 27 51.61823
96.12129 354.1768 27 51.6516
97.19282 349.0923 27 51.68497
99.50206 344.104 27 51.71833
100.5478 338.0139 27 51.7517
102.7072 334.4294 27 51.78507
103.7666 330.128 27 51.81843
105.7048 326.4314 27 51.8518
108.1472 322.1196 27 51.88517
109.5559 317.2453 27 51.91853
112.6209 312.5852 27 51.9519
115.1107 307.9934 27 51.98527
117.7284 302.8218 27 52.01863
120.8209 297.9655 27 52.052
123.8657 292.7792 27 52.08537
126.3154 287.9945 27 52.11873
129.0729 283.9016 27 52.1521
131.8686 279.6483 27 52.18547
133.9334 275.3155 27 52.21883
135.5054 270.132 27 52.2522
138.2844 264.8618 27 52.28557
140.6419 260.357 27 52.31893
142.0099 255.9863 27 52.3523
146.662 251.5897 27 52.38567
147.5136 246.3308 27 52.41903
150.9368 241.0579 27 52.4524
152.6268 235.0204 27 52.48577
153.386 228.9528 27 52.51913
156.5441 222.6233 27 52.5525
156.8596 217.1188 27 52.58587
159.9318 212.3612 27 52.61923
161.3437 206.8245 27 52.6526
165.7706 201.3479 27 52.68597
168.6255 195.019 27 52.71933
171.4165 190.2856 27 52.7527
173.7826 184.1158 27 52.78607
175.9284 178.5177 27 52.81943
178.7997 173.0828 27 52.8528
180.4559 167.5527 27 52.88617
182.72 162.7965 27 52.91953
187.0115 160.1104 27 52.9529
191.892 157.0698 27 52.98627
195.3927 152.6859 27 53.01963
199.4862 149.8719 27 53.053
203.5107 147.1713 27 53.08637
208.0105 143.1127 27 53.11973
212.1187 141.4168 27 53.1531
215.8082 137.8722 27 53.18647
219.8745 133.3768 27 53.21983
225.5037 132.1575 27 53.2532
229.0885 130.1805 27 53.28657
232.8663 126.2669 27 53.31993
237.2881 122.0261 27 53.3533
242.7036 121.6138 27 53.38667
245.2547 117.4866 27 53.42003
250.8145 115.1734 27 53.4534
254.1676 113.4997 27 53.48677
258.8103 111.5007 27 53.52013
262.3534 107.7455 27 53.5535
267.0614 106.7863 27 53.58687
271.794 104.1058 27 53.62023
275.7397 100.4317 27 53.6536
280.8426 99.94047 27 53.68697
284.6132 97.33467 27 53.72033
288.002 94.70145 27 53.7537
292.1998 93.66085 27 53.78707
298.0573 92.05467 27 53.82043
302.3948 89.60305 27 53.8538
307.4967 86.89572 27 53.88717
312.1501 83.40307 27 53.92053
317.9778 83.03931 27 53.9539
322.6804 82.32533 27 53.98727
327.5437 80.01596 27 54.02063
333.0866 77.02791 27 54.054
337.3526 74.99094 27 54.08737
342.9215 74.67407 27 54.12073
347.3466 72.72302 27 54.1541
352.0373 70.58896 27 54.18747
358.8709 72.16691 27 54.22083
364.0128 70.24765 27 54.2542
370.5042 67.35809 27 54.28757
375.9529 64.82525 27 54.32093
380.4602 64.6184 27 54.3543
385.2816 63.0432 27 54.38767
390.5174 62.66084 27 54.42103
395.4926 61.40003 27 54.4544
400.6308 61.28648 27 54.48777
406.6782 60.11326 27 54.52113
411.9905 60.1843 27 54.5545
416.3446 58.94222 27 54.58787
420.4395 59.56123 27 54.62123
422.6664 58.06663 27 54.6546
426.5539 58.32772 27 54.68797
431.6781 57.88203 27 54.72133
435.2962 57.92729 27 54.7547
437.6278 56.42424 27 54.78807
442.8866 55.88304 27 54.82143
448.3344 56.19362 27 54.8548
453.2042 56.54682 27 54.88817
457.873 55.12417 27 54.92153
462.0636 55.65355 27 54.9549
466.228 55.53275 27 54.98827
470.3626 55.28023 27 55.02163
474.9148 55.54348 27 55.055
477.8477 55.10459 27 55.08837
483.8744 55.73943 27 55.12173
488.6069 56.71755 27 55.1551
492.9104 55.86734 27 55.18847
496.5853 56.17546 27 55.22183
501.042 57.51174 27 55.2552
506.3084 56.0572 27 55.28857
512.9695 57.88938 27 55.32193
516.1948 57.29413 27 55.3553
518.0508 56.4894 27 55.38867
523.0821 58.15111 27 55.42203
527.3828 58.35182 27 55.4554
531.5419 59.10117 27 55.48877
535.5746 59.71935 27 55.52213
539.7301 60.66029 27 55.5555
544.3664 61.26241 27 55.58887
546.1277 61.19866 27 55.62223
550.9034 62.69336 27 55.6556
556.0712 62.90244 27 55.68897
559.0497 63.27439 27 55.72233
563.6355 64.43422 27 55.7557
568.6801 65.13448 27 55.78907
573.4619 66.70437 27 55.82243
576.8658 67.32793 27 55.8558
581.2943 67.85775 27 55.88917
585.2139 69.59986 27 55.92253
588.6536 70.03862 27 55.9559
591.6912 71.23634 27 55.98927
595.8012 72.43407 27 56.02263
600.9032 72.67194 27 56.056
604.6853 74.66597 27 56.08937
608.5337 75.87769 27 56.12273
613.3052 76.09539 27 56.1561
618.6779 79.75914 27 56.18947
623.5583 80.36659 27 56.22283
628.5843 81.84143 27 56.2562
633.0923 83.57636 27 56.28957
637.8606 86.11228 27 56.32293
643.1859 87.84247 27 56.3563
647.4241 89.73839 27 56.38967
652.9629 92.38532 27 56.42303
658.1579 96.03086 27 56.4564
663.0006 96.87347 27 56.48977
668.7601 100.4023 27 56.52313
673.1094 103.0753 27 56.5565
677.3265 104.0857 27 56.58987
680.9065 106.6433 27 56.62323
683.9416 108.4223 27 56.6566
688.2181 111.985 27 56.68997
696.38 115.3497 27 56.72333
696.38 115.3497 27 56.7567
700.639 117.8323 27 56.79007
708.3821 122.3325 27 56.82343
708.3821 122.3325 27 56.8568
710.5687 124.5012 27 56.89017
716.4805 128.0107 27 56.92353
716.4805 128.0107 27 56.9569
721.3793 131.4188 27 56.99027
723.9239 133.0852 27 57.02363
723.9239 133.0852 27 57.057
730.707 137.2208 27 57.09037
732.2674 138.1004 27 57.12373
732.2674 138.1004 27 57.1571
735.6365 141.3309 27 57.19047
737.9545 142.6039 27 57.22383
737.9545 142.6039 27 57.2572
744.1968 147.8013 27 57.29057
747.2181 149.646 27 57.32393
749.8658 151.6669 27 57.3573
752.4028 153.8829 27 57.39067
755.1573 155.1493 27 57.42403
757.5286 156.8441 27 57.4574
760.3407 159.574 27 57.49077
763.3259 162.7198 27 57.52413
766.0136 164.7644 27 57.5575
769.3689 166.9583 27 57.59087
773.1116 171.2169 27 57.62423
776.0384 174.2942 27 57.6576
779.6364 175.7887 27 57.69097
782.8226 180.6924 27 57.72433
787.3017 183.7723 27 57.7577
790.3811 187.9242 27 57.79107
793.8807 190.7652 27 57.82443
796.7827 195.8542 27 57.8578
801.2559 199.2014 27 57.89117
805.3823 201.9603 27 57.92453
807.5594 205.5273 27 57.9579
810.3795 208.9512 27 57.99127
813.3035 212.5209 27 58.02463
817.2596 215.4536 27 58.058
818.8207 219.1221 27 58.09137
822.0944 222.5334 27 58.12473
826.3075 225.7177 27 58.1581
828.5158 229.9706 27 58.19147
830.8729 235.0955 27 58.22483
834.1446 238.8976 27 58.2582
837.6916 242.6583 27 58.29157
839.2183 243.8549 27 58.32493
839.3495 243.6791 27 58.3583
841.8525 245.2326 27 58.39167
843.4825 250.0628 27 58.42503
844.7227 251.3677 27 58.4584
846.9253 254.5836 27 58.49177
848.5601 257.7673 27 58.52513
849.9191 259.1588 27 58.5585
850.267 261.119 27 58.59187
851.6964 263.03 27 58.62523
852.8702 267.3828 27 58.6586
855.4077 270.4752 27 58.69197
856.6601 274.0265 27 58.72533
858.205 274.7204 27 58.7587
857.9781 276.663 27 58.79207
858.325 278.2669 27 58.82543
860.1665 278.3347 27 58.8588
859.6948 279.7407 27 58.89217
862.1535 281.3625 27 58.92553
862.7488 284.7082 27 58.9589
863.8993 287.0867 27 58.99227
865.2111 289.0239 27 59.02563
865.6895 289.8712 27 59.059
866.7791 291.9688 27 59.09237
868.4897 294.7042 27 59.12573
869.5989 296.747 27 59.1591
869.9078 297.4126 27 59.19247
869.8812 297.1522 27 59.22583
870.2876 297.8509 27 59.2592
871.2694 299.1894 27 59.29257
871.7308 300.0302 27 59.32593
872.5014 301.784 27 59.3593
872.6613 303.1159 27 59.39267
873.285 304.6247 27 59.42603
873.4083 305.4648 27 59.4594
874.4262 306.0734 27 59.49277
874.8247 307.184 27 59.52613
875.2243 308.6349 27 59.5595
876.0059 310.6983 27 59.59287
876.6709 311.2532 27 59.62623
877.5381 313.062 27 59.6596
877.6913 315.6677 27 59.69297
879.5464 317.2165 27 59.72633
878.8175 316.674 27 59.7597
879.0794 318.3865 27 59.79307
879.7355 318.7073 27 59.82643
880.3401 319.1165 27 59.8598
880.6633 320.4724 27 59.89317
881.8084 322.8304 27 59.92653
881.5979 324.7066 27 59.9599
882.5732 326.3834 27 59.99327
883.3551 328.9793 27 60.02663
883.8976 327.8637 27 60.06
884.4371 331.0276 27 60.09337
884.2977 329.7132 27 60.12673
883.8883 328.1956 27 60.1601
883.2212 326.2133 27 60.19347
882.6289 324.2741 27 60.22683
881.9566 322.9615 27 60.2602
882.1949 322.3028 27 60.29357
880.5959 320.9355 27 60.32693
880.5058 319.0428 27 60.3603
880.0586 317.7872 27 60.39367
879.4792 317.189 27 60.42703
877.9985 314.8526 27 60.4604
878.0932 313.4484 27 60.49377
877.0092 312.0628 27 60.52713
876.7033 311.7926 27 60.5605
876.9836 311.8646 27 60.59387
875.9254 311.0887 27 60.62723
875.9649 309.9983 27 60.6606
875.4643 308.3185 27 60.69397
875.4703 308.8063 27 60.72733
875.7393 309.4263 27 60.7607
874.9724 309.3917 27 60.79407
875.071 308.2754 27 60.82743
875.3043 309.1351 27 60.8608
875.2197 310.115 27 60.89417
876.2548 310.5888 27 60.92753
877.4793 312.3695 27 60.9609
877.937 312.8386 27 60.99427
878.3492 313.2626 27 61.02763
878.9684 314.6831 27 61.061
880.3158 318.3453 27 61.09437
881.0267 318.3642 27 61.12773
881.8624 320.4735 27 61.1611
882.9702 322.5227 27 61.19447
883.7634 324.6165 27 61.22783
884.4725 327.8294 27 61.2612
885.7873 329.6652 27 61.29457
886.7422 331.0549 27 61.32793
886.8969 334.3285 27 61.3613
888.1185 336.1527 27 61.39467
889.1146 338.1669 27 61.42803
890.3322 342.1025 27 61.4614
890.8503 343.9959 27 61.49477
891.8912 345.9411 27 61.52813
893.0743 348.7448 27 61.5615
893.4551 351.6622 27 61.59487
894.6661 354.2061 27 61.62823
895.5023 355.8603 27 61.6616
895.8783 359.5374 27 61.69497
897.3146 360.4852 27 61.72833
897.9291 363.5234 27 61.7617
899.2618 366.6152 27 61.79507
900.0586 369.0968 27 61.82843
901.0492 371.4633 27 61.8618
901.8336 374.8143 27 61.89517
902.9481 378.2156 27 61.92853
903.5697 382.2025 27 61.9619
904.8406 385.97 27 61.99527
905.1787 389.9274 27 62.02863
905.5808 393.0241 27 62.062
906.6319 394.2097 27 62.09537
907.628 395.1071 27 62.12873
907.7185 395.6609 27 62.1621
908.035 397.9849 27 62.19547
908.936 399.9586 27 62.22883
909.1247 401.549 27 62.2622
909.5215 405.8885 27 62.29557
910.6159 409.2517 27 62.32893
910.6919 412.7864 27 62.3623
911.3636 415.1893 27 62.39567
910.5655 419.4267 27 62.42903
911.8846 421.9275 27 62.4624
912.5289 423.5882 27 62.49577
913.5054 425.2592 27 62.52913
913.5112 426.8084 27 62.5625
913.4686 431.026 27 62.59587
915.3687 434.1766 27 62.62923
915.2658 436.9486 27 62.6626
916.0164 438.8679 27 62.69597
916.4991 442.0824 27 62.72933
916.1991 446.1534 27 62.7627
917.0854 450.1307 27 62.79607
918.3243 453.5409 27 62.82943
919.3041 457.8995 27 62.8628
919.1174 462.5987 27 62.89617
919.3781 467.2084 27 62.92953
918.8707 472.3237 27 62.9629
920.1967 476.068 27 62.99627
919.8735 480.9661 27 63.02963
920.2007 485.0759 27 63.063
920.4604 488.8171 27 63.09637
920.1597 493.9362 27 63.12973
921.1053 498.9597 27 63.1631
919.3968 504.4707 27 63.19647
919.4082 509.5503 27 63.22983
920.6838 513.7308 27 63.2632
920.4135 517.7567 27 63.29657
920.3657 522.483 27 63.32993
919.8332 526.5917 27 63.3633
919.4815 531.4271 27 63.39667
919.715 535.8138 27 63.43003
918.0455 539.8016 27 63.4634
918.2736 543.9158 27 63.49677
917.8455 548.4454 27 63.53013
917.6115 553.1096 27 63.5635
916.1555 557.7816 27 63.59687
915.8813 561.9515 27 63.63023
914.5215 566.1006 27 63.6636
912.3476 572.1562 27 63.69697
913.0429 577.2686 27 63.73033
913.3061 582.0119 27 63.7637
912.4973 585.9486 27 63.79707
909.39 590.4576 27 63.83043
908.6314 595.8846 27 63.8638
908.4524 600.6652 27 63.89717
907.6244 605.1336 27 63.93053
905.6171 609.3395 27 63.9639
905.2396 613.3253 27 63.99727
905.2427 617.1883 27 64.03063
903.9416 620.8355 27 64.064
901.515 625.2271 27 64.09737
900.7766 630.3106 27 64.13073
899.2585 635.1531 27 64.1641
897.3124 638.9765 27 64.19747
896.9761 643.3662 27 64.23083
895.2893 647.6423 27 64.2642
893.193 652.6746 27 64.29757
890.7162 656.8533 27 64.33093
889.5234 660.8172 27 64.3643
887.1084 665.1014 27 64.39767
885.4623 669.5955 27 64.43103
882.8827 673.9452 27 64.4644
881.1331 679.7144 27 64.49777
880.8441 680.3468 27 64.53113
881.4068 680.64 27 64.5645
880.8662 680.6769 27 64.59787
878.5969 682.8651 27 64.63123
877.4952 687.1407 27 64.6646
874.7561 691.5451 27 64.69797
872.4096 693.2791 27 64.73133
872.2412 694.2017 27 64.7647
872.772 695.5326 27 64.79807
871.9386 696.7154 27 64.83143
871.7673 696.9127 27 64.8648
871.9937 697.5449 27 64.89817
871.3772 698.1905 27 64.93153
869.8187 700.3334 27 64.9649
869.4873 701.5052 27 64.99827
867.5629 703.6728 27 65.03163
866.5996 705.8298 27 65.065
867.5478 705.5841 27 65.09837
868.0884 705.8197 27 65.13173
866.3158 708.3218 27 65.1651
865.945 710.1378 27 65.19847
864.7391 712.2987 27 65.23183
864.9211 712.2741 27 65.2652
864.5664 712.679 27 65.29857
862.9235 714.7149 27 65.33193
861.9425 715.4458 27 65.3653
861.2188 717.6386 27 65.39867
860.3314 717.9554 27 65.43203
860.108 719.8467 27 65.4654
859.1432 720.6075 27 65.49877
859.0311 722.0844 27 65.53213
858.4229 722.906 27 65.5655
856.3254 724.2507 27 65.59887
856.5025 725.3126 27 65.63223
854.7087 725.7584 27 65.6656
854.5486 728.0093 27 65.69897
853.4746 729.3474 27 65.73233
852.6366 729.8102 27 65.7657
852.9462 730.0796 27 65.79907
851.8802 731.3113 27 65.83243
852.7992 731.1102 27 65.8658
853.9212 730.2895 27 65.89917
852.2065 730.2302 27 65.93253
852.6972 730.4457 27 65.9659
851.817 732.1402 27 65.99927
849.9614 735.301 27 66.03263
847.8115 737.0051 27 66.066
847.4179 739.0465 27 66.09937
846.2905 741.302 27 66.13273
846.0495 741.6989 27 66.1661
846.0394 741.3962 27 66.19947
845.1867 742.9584 27 66.23283
843.1534 745.8429 27 66.2662
841.2897 746.7943 27 66.29957
841.7681 746.9517 27 66.33293
841.9932 746.9996 27 66.3663
840.7791 748.6003 27 66.39967
839.4685 751.049 27 66.43303
839.2156 751.4918 27 66.4664
838.8568 752.6422 27 66.49977
838.0343 752.9504 27 66.53313
838.0218 753.0921 27 66.5665
835.6923 755.9659 27 66.59987
833.6897 758.3753 27 66.63323
832.6086 758.7627 27 66.6666
832.3833 760.1159 27 66.69997
830.6092 762.2748 27 66.73333
829.032 764.6343 27 66.7667
827.3878 765.5298 27 66.80007
826.5952 767.6514 27 66.83343
825.8695 768.1091 27 66.8668
824.8925 769.6502 27 66.90017
823.9509 769.8393 27 66.93353
823.6657 770.3467 27 66.9669
823.4304 771.2729 27 67.00027
822.9014 772.3041 27 67.03363
821.6652 774.4589 27 67.067
820.4988 774.7503 27 67.10037
820.171 775.0389 27 67.13373
820.0883 777.1209 27 67.1671
819.5585 777.29 27 67.20047
818.9093 778.0029 27 67.23383
819.1576 778.3652 27 67.2672
817.3107 778.9417 27 67.30057
815.2818 780.8666 27 67.33393
816.1701 782.2123 27 67.3673
814.8879 782.767 27 67.40067
812.8653 784.7474 27 67.43403
811.85 784.9816 27 67.4674
810.5714 785.9322 27 67.50077
810.7235 787.6397 27 67.53413
808.3197 789.5831 27 67.5675
805.5753 791.4849 27 67.60087
805.5272 792.9217 27 67.63423
804.478 794.0441 27 67.6676
802.6804 795.3689 27 67.70097
800.9895 797.0387 27 67.73433
799.1806 798.8313 27 67.7677
797.7041 801.0077 27 67.80107
795.3127 802.6855 27 67.83443
792.0487 805.0428 27 67.8678
790.6659 806.4309 27 67.90117
789.3263 808.7455 27 67.93453
788.777 808.5411 27 67.9679
788.9672 810.0924 27 68.00127
789.4674 809.6239 27 68.03463
787.7883 810.4297 27 68.068
785.3449 813.091 27 68.10137
782.3615 816.004 27 68.13473
780.6773 816.325 27 68.1681
779.3621 818.1362 27 68.20147
777.6541 818.5999 27 68.23483
776.2327 820.6264 27 68.2682
775.6169 821.6087 27 68.30157
774.4618 822.8053 27 68.33493
773.2101 824.021 27 68.3683
773.6743 823.474 27 68.40167
773.496 823.9967 27 68.43503
771.8845 824.4522 27 68.4684
770.0742 825.7158 27 68.50177
769.9042 825.3887 27 68.53513
770.476 825.4156 27 68.5685
771.4596 825.2462 27 68.60187
770.4567 825.7244 27 68.63523
769.3653 827.4165 27 68.6686
768.2376 827.7189 27 68.70197
768.2074 828.7412 27 68.73533
767.5367 829.8799 27 68.7687
765.9076 828.9539 27 68.80207
765.1931 830.8439 27 68.83543
764.3395 831.7664 27 68.8688
763.3355 833.6145 27 68.90217
760.6038 836.1611 27 68.93553
758.797 836.6565 27 68.9689
756.398 838.361 27 69.00227
755.2225 839.4174 27 69.03563
752.5607 840.7126 27 69.069
751.5064 841.9766 27 69.10237
751.2731 843.3317 27 69.13573
749.7427 844.0896 27 69.1691
747.4792 845.6323 27 69.20247
745.4846 846.2758 27 69.23583
744.3437 847.7679 27 69.2692
743.5382 849.2474 27 69.30257
742.4032 849.8614 27 69.33593
740.6079 851.2397 27 69.3693
737.451 852.7771 27 69.40267
735.3581 853.5597 27 69.43603
734.8356 854.0049 27 69.4694
734.6448 855.6769 27 69.50277
733.5118 856.3691 27 69.53613
731.8495 858.0978 27 69.5695
729.5048 859.4691 27 69.60287
726.8063 861.2988 27 69.63623
723.1419 863.4427 27 69.6696
720.5766 864.0263 27 69.70297
718.7713 865.0544 27 69.73633
717.1238 867.1928 27 69.7697
713.7143 869.0933 27 69.80307
708.8352 872.2774 27 69.83643
704.5615 874.0671 27 69.8698
701.8272 875.562 27 69.90317
698.5221 877.092 27 69.93653
697.5722 878.1228 27 69.9699
695.6297 879.4539 27 70.00327
693.6392 880.3592 27 70.03663
691.9098 881.3983 27 70.07
689.5534 881.5724 27 70.10337
689.0142 883.0054 27 70.13673
688.1066 883.6992 27 70.1701
685.3234 884.5405 27 70.20347
682.5732 886.259 27 70.23683
680.6773 887.4117 27 70.2702
679.3916 887.8317 27 70.30357
678.7468 888.4797 27 70.33693
676.3636 889.2652 27 70.3703
672.9417 890.4958 27 70.40367
671.6605 890.9639 27 70.43703
672.0781 891.0049 27 70.4704
673.1281 890.5914 27 70.50377
670.9738 891.8026 27 70.53713
670.3787 891.689 27 70.5705
666.6141 893.3073 27 70.60387
664.0827 894.6067 27 70.63723
662.4021 895.3229 27 70.6706
661.0788 895.9238 27 70.70397
659.0005 895.7831 27 70.73733
658.2765 897.1578 27 70.7707
657.9649 897.3327 27 70.80407
656.0134 898.1517 27 70.83743
654.883 898.541 27 70.8708
655.4067 897.6701 27 70.90417
655.0159 897.3136 27 70.93753
653.5736 898.1416 27 70.9709
654.4607 898.1425 27 71.00427
655.4117 898.2738 27 71.03763
657.4795 898.0279 27 71.071
659.2224 896.4266 27 71.10437
660.5553 896.4442 27 71.13773
660.3194 893.2422 27 71.1711
659.9355 892.1539 27 71.20447
659.3616 889.9357 27 71.23783
659.6374 887.4974 27 71.2712
662.2153 885.4312 27 71.30457
663.7024 882.9706 27 71.33793
666.6494 879.7651 27 71.3713
669.1283 876.4487 27 71.40467
672.0039 874.1269 27 71.43803
674.9163 870.7754 27 71.4714
677.2014 867.889 27 71.50477
679.0693 863.7441 27 71.53813
680.5447 860.1555 27 71.5715
682.6551 856.0882 27 71.60487
684.9007 851.9757 27 71.63823
687.2878 849.4438 27 71.6716
689.7939 845.5599 27 71.70497
690.7485 842.2627 27 71.73833
691.817 839.825 27 71.7717
694.2742 834.5018 27 71.80507
696.3647 829.9885 27 71.83843
698.8222 826.2215 27 71.8718
702.1472 823.1327 27 71.90517
705.7856 819.5748 27 71.93853
708.428 816.5466 27 71.9719
710.541 814.2004 27 72.00527
713.5903 810.0082 27 72.03863
714.6515 805.9482 27 72.072
716.4356 802.1965 27 72.10537
718.9836 798.2303 27 72.13873
721.2927 792.6739 27 72.1721
724.9855 788.1402 27 72.20547
728.3421 783.3779 27 72.23883
732.0152 778.7902 27 72.2722
734.8873 774.2643 27 72.30557
738.5277 769.2463 27 72.33893
741.5538 765.2675 27 72.3723
744.2693 761.2898 27 72.40567
746.5746 757.1666 27 72.43903
747.9464 754.096 27 72.4724
748.8204 752.6034 27 72.50577
750.1151 751.7124 27 72.53913
752.9787 749.5583 27 72.5725
754.7688 747.5801 27 72.60587
757.6917 745.0841 27 72.63923
760.5605 742.7995 27 72.6726
764.0349 741.0823 27 72.70597
767.8196 739.047 27 72.73933
772.9559 736.9775 27 72.7727
777.5377 735.2412 27 72.80607
782.3396 733.4837 27 72.83943
786.3798 731.8028 27 72.8728
788.9165 729.3932 27 72.90617
791.1292 727.1221 27 72.93953
793.5567 723.4847 27 72.9729
798.0114 721.6826 27 73.00627
802.4053 720.4751 27 73.03963
806.4813 718.8782 27 73.073
810.9283 718.2291 27 73.10637
815.2434 717.8668 27 73.13973
818.927 718.0137 27 73.1731
823.2627 718.3936 27 73.20647
826.9442 718.6217 27 73.23983
831.2086 718.0827 27 73.2732
835.4571 718.1946 27 73.30657
840.1902 718.2402 27 73.33993
845.6543 718.5458 27 73.3733
851.0014 718.3431 27 73.40667
856.3833 718.3217 27 73.44003
859.539 717.8356 27 73.4734
860.9605 715.774 27 73.50677
862.2441 712.5715 27 73.54013
863.3272 709.5301 27 73.5735
865.6934 706.4487 27 73.60687
867.0043 703.9672 27 73.64023
867.5743 701.606 27 73.6736
868.878 699.363 27 73.70697
870.5046 696.828 27 73.74033
872.3352 693.1639 27 73.7737
873.9967 689.7995 27 73.80707
875.9647 687.2194 27 73.84043
877.8141 684.1431 27 73.8738
878.9085 681.2549 27 73.90717
881.1984 676.9403 27 73.94053
882.6268 671.3413 27 73.9739
885.3085 667.7918 27 74.00727
886.4792 663.5198 27 74.04063
887.9317 660.5561 27 74.074
889.5536 657.3249 27 74.10737
890.1096 654.8629 27 74.14073
891.1293 653.5381 27 74.1741
892.4646 650.4672 27 74.20747
892.9433 645.4228 27 74.24083
894.8823 641.4309 27 74.2742
896.0173 636.2739 27 74.30757
898.64 632.5344 27 74.34093
899.4384 629.4376 27 74.3743
900.2859 625.7139 27 74.40767
901.782 620.4304 27 74.44103
903.2137 616.947 27 74.4744
903.7642 614.098 27 74.50777
904.249 609.9171 27 74.54113
904.5183 605.2861 27 74.5745
905.6864 602.2074 27 74.60787
907.2789 599.3104 27 74.64123
907.6926 596.376 27 74.6746
907.7139 592.3628 27 74.70797
909.5432 588.286 27 74.74133
908.9119 584.8232 27 74.7747
910.5468 581.5266 27 74.80807
911.4714 578.1852 27 74.84143
911.2556 574.1935 27 74.8748
912.7626 570.7422 27 74.90817
914.8003 566.2441 27 74.94153
914.7257 561.5025 27 74.9749
916.1712 556.4994 27 75.00827
917.1321 551.8694 27 75.04163
916.8104 548.0558 27 75.075
918.1098 542.8582 27 75.10837
918.4964 538.267 27 75.14173
919.1232 534.0836 27 75.1751
918.0868 529.3687 27 75.20847
918.5776 525.3872 27 75.24183
919.4411 520.6596 27 75.2752
919.1335 516.4626 27 75.30857
919.9895 511.8752 27 75.34193
918.6809 508.1797 27 75.3753
919.3136 504.4495 27 75.40867
919.9713 500.1043 27 75.44203
919.1459 495.5963 27 75.4754
919.6874 489.8863 27 75.50877
918.5604 485.2308 27 75.54213
918.101 479.5062 27 75.5755
919.3635 474.6443 27 75.60887
918.5746 470.1434 27 75.64223
918.4749 466.1318 27 75.6756
917.421 463.4939 27 75.70897
917.4035 459.3424 27 75.74233
916.4886 455.8326 27 75.7757
916.8356 452.2759 27 75.80907
915.699 448.6314 27 75.84243
916.4449 445.0738 27 75.8758
915.9094 441.2694 27 75.90917
914.5745 437.043 27 75.94253
915.2371 433.1553 27 75.9759
914.3297 430.9324 27 76.00927
913.9905 427.7153 27 76.04263
913.0863 422.807 27 76.076
914.4501 418.2551 27 76.10937
913.6157 413.9747 27 76.14273
912.0556 409.7834 27 76.1761
910.7486 404.7123 27 76.20947
909.747 401.0343 27 76.24283
909.7924 396.6118 27 76.2762
907.7847 392.2582 27 76.30957
905.5615 389.6958 27 76.34293
904.8875 389.0263 27 76.3763
905.1371 389.2447 27 76.40967
905.3636 390.6474 27 76.44303
906.1924 392.3272 27 76.4764
906.9535 395.0663 27 76.50977
906.9541 398.0524 27 76.54313
907.1417 400.4357 27 76.5765
907.4922 400.684 27 76.60987
907.9264 400.797 27 76.64323
907.8123 401.9159 27 76.6766
908.9782 405.1466 27 76.70997
909.9521 407.9063 27 76.74333
910.3558 409.8074 27 76.7767
910.8247 413.2669 27 76.81007
911.2789 416.2479 27 76.84343
911.7916 419.8082 27 76.8768
912.4287 422.5911 27 76.91017
913.5624 425.7034 27 76.94353
913.7308 429.9341 27 76.9769
914.3913 433.6101 27 77.01027
915.5252 435.7446 27 77.04363
915.5258 437.7314 27 77.077
915.7633 440.7335 27 77.11037
915.7141 443.3702 27 77.14373
917.0833 446.8924 27 77.1771
916.8649 450.3044 27 77.21047
917.3759 453.6031 27 77.24383
917.2454 455.9766 27 77.2772
917.7692 459.279 27 77.31057
918.5507 462.8676 27 77.34393
918.3826 465.688 27 77.3773
919.0468 469.4134 27 77.41067
919.1143 471.8044 27 77.44403
918.381 476.6745 27 77.4774
919.4105 478.7582 27 77.51077
920.8912 482.5677 27 77.54413
920.7279 485.2635 27 77.5775
921.5558 488.1957 27 77.61087
921.5977 490.067 27 77.64423
920.5336 492.7871 27 77.6776
920.482 496.2106 27 77.71097
920.5919 499.9126 27 77.74433
920.9698 504.2456 27 77.7777
920.6553 508.0719 27 77.81107
920.9241 510.7277 27 77.84443
921.2899 514.344 27 77.8778
920.4642 518.0614 27 77.91117
921.1433 521.1695 27 77.94453
919.7844 526.3854 27 77.9779
919.8557 531.5021 27 78.01127
918.4222 535.8204 27 78.04463
918.8343 538.9651 27 78.078
917.2327 543.1406 27 78.11137
917.7783 547.6051 27 78.14473
917.4692 551.5519 27 78.1781
916.1835 554.7622 27 78.21147
915.4808 558.8207 27 78.24483
915.1344 561.7702 27 78.2782
914.4081 565.182 27 78.31157
913.8482 567.4266 27 78.34493
913.9573 569.6251 27 78.3783
913.2169 571.7094 27 78.41167
912.9327 574.2287 27 78.44503
912.3842 576.6327 27 78.4784
912.0151 578.2805 27 78.51177
911.578 579.866 27 78.54513
910.7853 581.9575 27 78.5785
910.6099 584.4892 27 78.61187
910.2679 586.0536 27 78.64523
909.4494 587.9083 27 78.6786
909.6754 588.379 27 78.71197
909.0202 589.1418 27 78.74533
908.2624 590.5459 27 78.7787
908.8457 590.9909 27 78.81207
908.1881 593.8279 27 78.84543
907.8915 595.2811 27 78.8788
907.1434 597.9997 27 78.91217
906.3423 599.0223 27 78.94553
906.7614 599.916 27 78.9789
906.2107 603.1384 27 79.01227
905.3941 604.155 27 79.04563
904.569 605.6878 27 79.079
903.9858 607.0187 27 79.11237
905.1444 607.0677 27 79.14573
905.4938 606.8625 27 79.1791
905.2143 606.814 27 79.21247
905.0074 606.1989 27 79.24583
905.7602 605.8247 27 79.2792
906.39 605.2379 27 79.31257
906.498 604.7234 27 79.34593
906.4693 603.2703 27 79.3793
906.8876 601.3489 27 79.41267
907.6566 598.2002 27 79.44603
907.2892 595.8285 27 79.4794
908.3884 593.2905 27 79.51277
909.7389 590.7064 27 79.54613
908.9727 586.8691 27 79.5795
911.2212 583.5037 27 79.61287
911.5413 581.0717 27 79.64623
911.7424 578.8014 27 79.6796
911.5902 575.7889 27 79.71297
912.8828 572.1671 27 79.74633
912.7787 568.6687 27 79.7797
914.2114 564.5199 27 79.81307
914.9497 559.9938 27 79.84643
914.9096 554.9825 27 79.8798
914.5516 550.1362 27 79.91317
916.1253 546.0732 27 79.94653
917.6283 542.3017 27 79.9799
917.3212 538.9205 27 80.01327
918.3911 535.6341 27 80.04663
917.9272 531.1567 27 80.08
919.3772 527.1285 27 80.11337
918.5279 523.0919 27 80.14673
917.8391 518.9351 27 80.1801
918.0724 514.1703 27 80.21347
918.8491 509.9422 27 80.24683
920.2453 505.1335 27 80.2802
919.3158 500.3657 27 80.31357
918.4833 495.7768 27 80.34693
918.752 491.4517 27 80.3803
919.3271 487.006 27 80.41367
919.9473 482.1828 27 80.44703
918.7868 477.1532 27 80.4804
919.6699 473.014 27 80.51377
918.1251 467.9888 27 80.54713
915.8678 461.7631 27 80.5805
915.9319 455.8267 27 80.61387
917.5033 450.2386 27 80.64723
917.004 446.2486 27 80.6806
915.924 442.3634 27 80.71397
915.3905 438.3464 27 80.74733
915.3031 434.3183 27 80.7807
913.6192 429.7242 27 80.81407
913.6633 425.2076 27 80.84743
912.5638 421.8511 27 80.8808
911.1251 418.8229 27 80.91417
910.6261 414.98 27 80.94753
909.7436 411.0451 27 80.9809
909.8209 407.3048 27 81.01427
909.1547 404.4522 27 81.04763
907.1734 401.053 27 81.081
907.0151 397.2324 27 81.11437
906.1648 393.5611 27 81.14773
906.0285 390.4087 27 81.1811
904.9806 386.9527 27 81.21447
903.6738 383.3794 27 81.24783
904.0977 378.5373 27 81.2812
902.4513 374.1853 27 81.31457
901.6016 370.0398 27 81.34793
900.4297 365.4153 27 81.3813
899.6772 361.8528 27 81.41467
896.2456 358.6543 27 81.44803
896.4764 358.0499 27 81.4814
