368.165 865.3106 28 0
303.4512 900.0902 28 0.03336667
309.4278 901.2657 28 0.06673333
314.7432 903.3015 28 0.1001
320.6106 907.2569 28 0.1334667
327.0956 908.1042 28 0.1668333
333.5264 909.4557 28 0.2002
339.7004 913.2227 28 0.2335667
345.9852 914.7294 28 0.2669333
351.7181 915.3049 28 0.3003
357.6703 918.0403 28 0.3336667
363.1851 921.4175 28 0.3670333
368.9318 921.8863 28 0.4004
374.3657 924.4279 28 0.4337667
379.9789 924.7854 28 0.4671333
386.5598 926.6636 28 0.5005
392.2379 927.3104 28 0.5338667
397.2994 928.0949 28 0.5672333
402.0508 929.0243 28 0.6006
406.987 929.6419 28 0.6339667
412.3611 929.6092 28 0.6673333
417.6628 931.2323 28 0.7007
422.978 930.7942 28 0.7340667
427.0214 931.7474 28 0.7674333
432.3093 932.2316 28 0.8008
438.9657 932.4992 28 0.8341667
444.6218 933.0462 28 0.8675333
449.9876 932.2058 28 0.9009
454.2189 933.9759 28 0.9342667
459.5599 933.6416 28 0.9676333
462.5378 934.2737 28 1.001
465.4629 934.7053 28 1.034367
469.4742 934.5648 28 1.067733
472.2574 934.5224 28 1.1011
476.1505 934.7388 28 1.134467
478.7177 933.8533 28 1.167833
480.6184 934.8927 28 1.2012
483.8621 934.751 28 1.234567
484.7614 934.5175 28 1.267933
485.4167 934.9064 28 1.3013
485.7157 934.2932 28 1.334667
486.979 934.2868 28 1.368033
487.0016 934.9065 28 1.4014
489.4928 934.2134 28 1.434767
492.6266 933.9463 28 1.468133
495.1545 933.6826 28 1.5015
499.5813 933.9559 28 1.534867
502.8558 933.5479 28 1.568233
506.5931 933.4554 28 1.6016
510.2816 934.1533 28 1.634967
514.5881 932.7622 28 1.668333
519.1617 932.187 28 1.7017
523.5647 930.793 28 1.735067
526.0508 933.207 28 1.768433
528.0945 932.079 28 1.8018
530.9186 931.2277 28 1.835167
533.7903 931.8193 28 1.868533
536.5105 929.9564 28 1.9019
540.6786 931.1966 28 1.935267
544.508 929.7087 28 1.968633
549.5827 929.4124 28 2.002
554.3153 928.7785 28 2.035367
559.3502 927.0299 28 2.068733
564.7982 925.7969 28 2.1021
566.7085 926.3291 28 2.135467
566.2388 925.8781 28 2.168833
567.4036 924.7734 28 2.2022
567.7816 925.3305 28 2.235567
570.0087 924.679 28 2.268933
573.7214 925.422 28 2.3023
574.5897 924.1931 28 2.335667
579.2478 924.3077 28 2.369033
583.4967 922.872 28 2.4024
588.0088 920.8769 28 2.435767
591.003 920.5962 28 2.469133
593.7184 920.556 28 2.5025
598.0429 919.2502 28 2.535867
601.0937 917.8369 28 2.569233
604.7356 915.9687 28 2.6026
607.1435 915.9272 28 2.635967
609.7419 915.1705 28 2.669333
613.9213 912.8213 28 2.7027
618.2816 911.7499 28 2.736067
623.717 909.8818 28 2.769433
626.9315 909.5719 28 2.8028
630.1813 907.0248 28 2.836167
634.8918 906.1706 28 2.869533
638.9099 904.2848 28 2.9029
643.2257 901.1777 28 2.936267
647.5822 900.0017 28 2.969633
651.7201 896.581 28 3.003
654.3123 896.1077 28 3.036367
656.1357 895.6153 28 3.069733
657.4581 895.5657 28 3.1031
659.0982 894.2571 28 3.136467
662.4602 893.9251 28 3.169833
663.7337 892.2544 28 3.2032
665.9152 891.887 28 3.236567
667.3634 890.4608 28 3.269933
669.5659 891.5204 28 3.3033
671.6342 890.4338 28 3.336667
675.8733 887.966 28 3.370033
679.4043 886.712 28 3.4034
683.9678 885.1146 28 3.436767
688.8883 881.1968 28 3.470133
693.7151 877.782 28 3.5035
697.731 877.0528 28 3.536867
701.926 874.2667 28 3.570233
705.35 872.4173 28 3.6036
707.8507 871.293 28 3.636967
710.5837 869.515 28 3.670333
710.4819 868.5965 28 3.7037
711.5178 867.8158 28 3.737067
710.5142 868.4483 28 3.770433
709.4274 869.3012 28 3.8038
707.2434 870.0069 28 3.837167
703.5443 872.2041 28 3.870533
702.0921 873.52 28 3.9039
700.7717 873.6507 28 3.937267
703.0001 873.3839 28 3.970633
704.7244 872.5322 28 4.004
704.0376 872.1315 28 4.037367
705.0418 871.5001 28 4.070733
706.2676 870.9243 28 4.1041
706.9972 869.5873 28 4.137467
705.8451 869.6324 28 4.170833
707.2745 871.2385 28 4.2042
704.3785 871.781 28 4.237567
705.2913 873.49 28 4.270933
701.9214 875.0358 28 4.3043
696.5886 877.6882 28 4.337667
690.9861 879.9784 28 4.371033
685.7785 883.4141 28 4.4044
679.9668 887.683 28 4.437767
674.1305 888.3149 28 4.471133
668.0251 892.192 28 4.5045
662.7066 894.7333 28 4.537867
656.6612 895.2367 28 4.571233
654.4079 898.7918 28 4.6046
654.3854 898.0358 28 4.637967
652.9345 899.0482 28 4.671333
653.0686 897.7686 28 4.7047
652.4056 898.9932 28 4.738067
651.9254 900.2166 28 4.771433
650.6943 899.1513 28 4.8048
649.636 899.8571 28 4.838167
645.6698 902.175 28 4.871533
639.9423 902.8739 28 4.9049
635.4375 904.8371 28 4.938267
631.9004 907.2559 28 4.971633
628.5643 910.315 28 5.005
624.6478 911.0302 28 5.038367
621.0231 912.0025 28 5.071733
614.8175 913.9748 28 5.1051
611.1601 915.8269 28 5.138467
609.3026 916.9824 28 5.171833
606.8168 916.552 28 5.2052
604.0638 915.1018 28 5.238567
603.0578 915.9653 28 5.271933
599.7652 916.4677 28 5.3053
597.7849 916.0856 28 5.338667
596.8196 912.8205 28 5.372033
594.0274 911.6357 28 5.4054
593.3084 908.9411 28 5.438767
590.9069 905.2069 28 5.472133
590.4059 900.5471 28 5.5055
587.7052 895.542 28 5.538867
584.6545 890.0789 28 5.572233
582.2881 883.8136 28 5.6056
578.64 876.8837 28 5.638967
573.6845 872.157 28 5.672333
568.5843 866.5086 28 5.7057
563.7416 861.1026 28 5.739067
559.4321 856.5419 28 5.772433
555.1891 850.8171 28 5.8058
551.0245 845.0197 28 5.839167
548.0181 838.8442 28 5.872533
544.0373 832.6492 28 5.9059
541.7511 826.7155 28 5.939267
538.2208 820.16 28 5.972633
536.4299 813.1702 28 6.006
533.5748 805.8854 28 6.039367
531.8645 797.8217 28 6.072733
529.7373 790.7096 28 6.1061
529.0127 783.0645 28 6.139467
527.8361 776.293 28 6.172833
527.3551 769.1303 28 6.2062
526.6239 763.0792 28 6.239567
525.7389 755.934 28 6.272933
525.6 748.7455 28 6.3063
524.7666 741.2454 28 6.339667
524.1635 733.8618 28 6.373033
522.675 727.42 28 6.4064
521.4161 720.0093 28 6.439767
520.0605 713.3981 28 6.473133
518.8083 707.0183 28 6.5065
517.7156 700.9044 28 6.539867
516.8372 694.6554 28 6.573233
515.7958 688.5323 28 6.6066
514.7489 682.177 28 6.639967
513.6316 675.64 28 6.673333
512.8053 669.1866 28 6.7067
512.0064 661.347 28 6.740067
510.6513 653.6765 28 6.773433
509.7187 646.0964 28 6.8068
509.0449 639.0171 28 6.840167
508.9261 631.4505 28 6.873533
508.6899 623.8618 28 6.9069
508.3051 617.0259 28 6.940267
508.2063 609.1763 28 6.973633
508.4638 600.8456 28 7.007
508.7091 593.5579 28 7.040367
509.4305 586.7266 28 7.073733
509.7039 579.8403 28 7.1071
511.3366 572.7103 28 7.140467
512.5661 566.0363 28 7.173833
513.8637 559.8827 28 7.2072
515.3359 553.4188 28 7.240567
517.2147 547.2406 28 7.273933
519.217 541.2948 28 7.3073
525.1796 541.2362 28 7.340667
530.6991 539.5254 28 7.374033
535.9536 536.9994 28 7.4074
541.3241 534.0841 28 7.440767
548.0099 532.2937 28 7.474133
554.6297 530.26 28 7.5075
561.7123 527.3557 28 7.540867
568.9234 525.9908 28 7.574233
576.109 522.992 28 7.6076
581.8303 518.3845 28 7.640967
588.3994 514.3272 28 7.674333
594.0615 510.4065 28 7.7077
600.4702 506.0641 28 7.741067
607.6557 502.9479 28 7.774433
614.6009 499.4609 28 7.8078
619.9107 496.3541 28 7.841167
624.9911 493.7428 28 7.874533
630.5778 491.4169 28 7.9079
636.3764 489.6084 28 7.941267
642.5856 487.8577 28 7.974633
649.2795 486.8649 28 8.008
655.5261 486.2451 28 8.041367
661.9036 485.5409 28 8.074733
668.439 485.1019 28 8.1081
674.9705 484.7334 28 8.141467
682.0242 483.8748 28 8.174833
689.565 483.624 28 8.2082
697.0592 482.8531 28 8.241567
704.0324 483.0958 28 8.274933
711.367 483.9671 28 8.3083
718.0644 484.3877 28 8.341667
724.2726 486.2397 28 8.375033
730.7211 486.7295 28 8.4084
737.6935 488.2324 28 8.441767
743.8926 491.1053 28 8.475133
750.3992 492.5453 28 8.5085
756.4921 495.2545 28 8.541867
762.9172 497.8896 28 8.575233
769.5724 500.3159 28 8.6086
775.2871 503.2574 28 8.641967
781.4031 506.7972 28 8.675333
787.2456 509.9654 28 8.7087
792.4787 513.1636 28 8.742067
797.7343 516.0257 28 8.775433
802.1572 520.1684 28 8.8088
807.3244 523.3306 28 8.842167
811.8994 527.6633 28 8.875533
817.2454 531.7277 28 8.9089
825.56 532.5979 28 8.942267
832.9296 535.0088 28 8.975633
839.2678 537.8885 28 9.009
844.9362 541.7511 28 9.042367
850.8772 544.7698 28 9.075733
857.3775 547.8646 28 9.1091
862.9758 551.4695 28 9.142467
867.9151 555.8513 28 9.175833
873.4082 559.7114 28 9.2092
878.44 564.5649 28 9.242567
883.0477 568.8828 28 9.275933
886.7141 573.0317 28 9.3093
890.7792 578.05 28 9.342667
895.0038 583.899 28 9.376033
898.3665 589.4299 28 9.4094
902.1293 594.3811 28 9.442767
904.8355 599.9075 28 9.476133
904.4652 605.567 28 9.5095
903.5454 610.1307 28 9.542867
905.2658 607.56 28 9.576233
906.7002 605.2943 28 9.6096
906.587 605.6472 28 9.642967
906.8733 603.5878 28 9.676333
906.4363 601.3706 28 9.7097
907.1912 601.29 28 9.743067
907.9857 601.3741 28 9.776433
908.0731 599.7954 28 9.8098
908.8547 597.0845 28 9.843167
909.0187 595.1528 28 9.876533
908.4902 594.4325 28 9.9099
907.8215 592.5319 28 9.943267
906.1728 590.6694 28 9.976633
906.6957 589.5287 28 10.01
907.8826 587.8328 28 10.04337
908.7148 585.5893 28 10.07673
907.7874 585.5496 28 10.1101
909.1394 583.9564 28 10.14347
909.7316 583.837 28 10.17683
909.3345 584.1265 28 10.2102
907.7693 583.0669 28 10.24357
906.0149 581.6011 28 10.27693
903.0628 579.5569 28 10.3103
899.8522 580.1167 28 10.34367
898.3165 578.2379 28 10.37703
896.522 576.9191 28 10.4104
892.4745 579.7853 28 10.44377
889.8195 581.1171 28 10.47713
887.3377 582.7333 28 10.5105
884.9036 583.7771 28 10.54387
883.8007 585.3963 28 10.57723
881.8838 588.3929 28 10.6106
877.2255 590.4481 28 10.64397
873.4532 592.8972 28 10.67733
871.5392 594.4951 28 10.7107
868.3919 599.29 28 10.74407
862.2713 603.6609 28 10.77743
855.9431 607.5674 28 10.8108
849.9241 611.1079 28 10.84417
843.4826 614.5196 28 10.87753
837.0527 617.471 28 10.9109
830.5834 620.4774 28 10.94427
824.4999 622.7531 28 10.97763
818.5865 624.452 28 11.011
812.3669 626.1069 28 11.04437
806.3763 627.2674 28 11.07773
800.0924 629.895 28 11.1111
793.3703 630.7552 28 11.14447
787.0323 631.4382 28 11.17783
781.2027 632.6197 28 11.2112
775.169 633.5282 28 11.24457
767.922 634.0804 28 11.27793
761.2841 634.5768 28 11.3113
754.2423 636.0922 28 11.34467
747.5283 636.6151 28 11.37803
741.0721 637.5691 28 11.4114
733.9177 637.7053 28 11.44477
727.2621 637.8579 28 11.47813
720.4308 638.0671 28 11.5115
714.2142 638.245 28 11.54487
707.812 638.365 28 11.57823
701.0918 638.7519 28 11.6116
694.5841 639.7891 28 11.64497
688.0093 639.5297 28 11.67833
680.6197 640.0369 28 11.7117
673.0449 640.1193 28 11.74507
666.0967 640.1518 28 11.77843
659.0792 639.1692 28 11.8118
652.4539 638.443 28 11.84517
645.542 636.6746 28 11.87853
638.8643 634.5495 28 11.9119
633.6204 632.0351 28 11.94527
627.3606 629.4954 28 11.97863
621.1499 626.0313 28 12.012
614.8459 622.2658 28 12.04537
608.5909 618.4237 28 12.07873
602.6026 614.6372 28 12.1121
595.9197 610.7595 28 12.14547
594.0997 606.6881 28 12.17883
589.7722 601.5328 28 12.2122
584.7876 598.0778 28 12.24557
578.6736 595.0449 28 12.27893
573.1885 592.2246 28 12.3123
567.3971 590.0956 28 12.34567
561.6461 588.0568 28 12.37903
555.6319 586.9068 28 12.4124
549.117 584.5218 28 12.44577
542.7152 583.3824 28 12.47913
535.4604 581.2085 28 12.5125
529.2298 579.2 28 12.54587
522.1854 576.656 28 12.57923
515.8977 574.5991 28 12.6126
509.6753 572.0497 28 12.64597
503.4097 569.0884 28 12.67933
496.8768 566.0704 28 12.7127
491.0296 563.1705 28 12.74607
485.0778 559.5679 28 12.77943
477.8324 556.7644 28 12.8128
472.1359 556.5194 28 12.84617
467.2532 556.9407 28 12.87953
462.1738 557.0512 28 12.9129
455.7194 556.4564 28 12.94627
449.8688 553.6066 28 12.97963
444.3201 549.0633 28 13.013
439.9922 544.2568 28 13.04637
435.7267 539.1445 28 13.07973
431.9297 534.2292 28 13.1131
428.2569 528.7021 28 13.14647
423.5956 523.1153 28 13.17983
418.8888 517.3054 28 13.2132
415.042 510.8837 28 13.24657
411.0073 504.7435 28 13.27993
407.234 498.9992 28 13.3133
403.0944 493.2483 28 13.34667
399.118 487.6771 28 13.38003
394.8406 481.3671 28 13.4134
391.1585 475.9286 28 13.44677
384.9906 473.0995 28 13.48013
379.3483 468.7937 28 13.5135
375.0517 463.597 28 13.54687
372.1828 457.2275 28 13.58023
369.3599 451.6081 28 13.6136
366.3382 450.4677 28 13.64697
362.0318 449.7143 28 13.68033
359.1877 445.9629 28 13.7137
354.1269 441.0631 28 13.74707
351.2722 435.0356 28 13.78043
347.9889 428.9051 28 13.8138
345.0698 422.6125 28 13.84717
341.7796 416.2405 28 13.88053
338.5434 409.6728 28 13.9139
335.0947 403.6095 28 13.94727
331.0248 397.6044 28 13.98063
327.1582 391.146 28 14.014
322.2461 385.2644 28 14.04737
318.5492 378.1904 28 14.08073
314.6556 371.6925 28 14.1141
311.1778 365.3113 28 14.14747
307.5513 359.4117 28 14.18083
300.861 355.2071 28 14.2142
294.5105 350.5551 28 14.24757
289.151 345.0064 28 14.28093
284.4977 338.8739 28 14.3143
280.2794 332.7166 28 14.34767
275.3391 327.1391 28 14.38103
271.474 320.5469 28 14.4144
267.4436 314.3598 28 14.44777
263.4125 307.3499 28 14.48113
260.2049 301.4084 28 14.5145
255.9358 295.3502 28 14.54787
251.9985 288.768 28 14.58123
248.7908 282.5765 28 14.6146
245.3201 276.2963 28 14.64797
241.8149 269.6843 28 14.68133
238.4846 263.3001 28 14.7147
234.8554 256.9497 28 14.74807
231.0308 249.9637 28 14.78143
226.5062 243.5774 28 14.8148
222.7457 237.6089 28 14.84817
218.5999 232.0997 28 14.88153
215.9302 225.308 28 14.9149
212.2865 219.1333 28 14.94827
209.2118 212.7981 28 14.98163
206.8845 206.3861 28 15.015
204.4366 199.6664 28 15.04837
202.2461 193.5834 28 15.08173
200.096 187.3093 28 15.1151
198.0653 180.8496 28 15.14847
196.6707 173.5083 28 15.18183
194.9237 167.2786 28 15.2152
192.6584 159.7781 28 15.24857
194.2975 157.2137 28 15.28193
197.2727 154.64 28 15.3153
200.1871 150.6432 28 15.34867
202.7493 147.7995 28 15.38203
206.4477 145.3514 28 15.4154
210.8999 142.9752 28 15.44877
217.4195 140.1334 28 15.48213
219.9996 135.1603 28 15.5155
223.4324 132.7233 28 15.54887
228.7233 131.3458 28 15.58223
233.6958 128.1943 28 15.6156
235.0841 124.5161 28 15.64897
239.4964 122.7558 28 15.68233
244.7426 121.1674 28 15.7157
248.4414 117.4928 28 15.74907
250.3934 115.5031 28 15.78243
254.5754 114.4308 28 15.8158
257.6246 111.6714 28 15.84917
260.1187 109.8116 28 15.88253
263.0554 109.0821 28 15.9159
263.6948 108.0887 28 15.94927
263.8939 106.1798 28 15.98263
267.2707 106.4022 28 16.016
268.1009 106.0436 28 16.04937
268.8236 106.8073 28 16.08273
267.5873 105.7104 28 16.1161
266.893 105.7822 28 16.14947
266.4834 107.007 28 16.18283
264.0248 108.335 28 16.2162
263.0791 108.8927 28 16.24957
263.4116 107.6273 28 16.28293
263.7305 106.8982 28 16.3163
263.4448 108.5104 28 16.34967
261.5717 109.448 28 16.38303
261.0685 109.5742 28 16.4164
259.7972 109.6426 28 16.44977
258.6452 111.1121 28 16.48313
255.8713 112.2992 28 16.5165
253.7563 113.7078 28 16.54987
249.5536 115.41 28 16.58323
246.0934 116.8826 28 16.6166
243.3478 119.7563 28 16.64997
239.3028 121.3782 28 16.68333
236.3645 123.1858 28 16.7167
233.1204 125.5486 28 16.75007
229.4693 128.6731 28 16.78343
224.6964 132.8537 28 16.8168
219.2483 134.4618 28 16.85017
216.5647 138.429 28 16.88353
211.6578 141.1985 28 16.9169
208.4529 143.3631 28 16.95027
203.9646 147.1835 28 16.98363
201.3336 150.1666 28 17.017
197.3814 151.9818 28 17.05037
195.679 155.8382 28 17.08373
191.6234 157.2223 28 17.1171
188.3596 160.5653 28 17.15047
186.149 161.7106 28 17.18383
182.0154 164.4745 28 17.2172
178.5253 168.8594 28 17.25057
173.8948 172.1992 28 17.28393
169.3805 174.5862 28 17.3173
166.0804 179.8899 28 17.35067
161.6897 183.0769 28 17.38403
157.3252 186.215 28 17.4174
153.8322 190.2531 28 17.45077
151.0152 193.2514 28 17.48413
148.7001 197.5308 28 17.5175
145.3018 201.5758 28 17.55087
139.8126 205.4923 28 17.58423
135.6419 210.7366 28 17.6176
132.3068 216.2113 28 17.65097
130.6091 216.986 28 17.68433
130.6259 217.3651 28 17.7177
130.5756 217.4042 28 17.75107
130.7603 216.9061 28 17.78443
130.2486 217.4977 28 17.8178
130.8415 218.8582 28 17.85117
131.0608 217.1814 28 17.88453
131.2836 217.6748 28 17.9179
131.2472 219.6559 28 17.95127
133.1273 221.1943 28 17.98463
136.0167 223.1163 28 18.018
141.8714 224.5867 28 18.05137
145.9523 226.8561 28 18.08473
152.968 229.2534 28 18.1181
157.4326 233.7831 28 18.15147
163.7565 237.9963 28 18.18483
170.7873 244.0743 28 18.2182
178.0742 250.454 28 18.25157
184.8251 258.7297 28 18.28493
189.4864 265.9894 28 18.3183
192.9618 272.8924 28 18.35167
197.0753 280.4012 28 18.38503
200.6788 287.9624 28 18.4184
203.3951 294.3806 28 18.45177
205.6181 301.4927 28 18.48513
207.5949 308.7412 28 18.5185
209.1989 315.8192 28 18.55187
211.2047 323.4445 28 18.58523
212.2759 330.1772 28 18.6186
213.9253 336.6872 28 18.65197
214.0522 343.2631 28 18.68533
215.131 349.6608 28 18.7187
215.7554 356.7826 28 18.75207
216.6858 364.3206 28 18.78543
217.2843 372.7087 28 18.8188
218.2048 380.6121 28 18.85217
218.8206 388.2101 28 18.88553
219.0452 395.5108 28 18.9189
219.5799 403.1771 28 18.95227
219.1356 410.8817 28 18.98563
218.9958 418.2824 28 19.019
218.237 425.3532 28 19.05237
217.7901 432.1666 28 19.08573
217.144 439.8972 28 19.1191
216.4246 448.2051 28 19.15247
215.837 456.0796 28 19.18583
214.3643 462.6406 28 19.2192
213.1458 469.5349 28 19.25257
211.2835 476.9088 28 19.28593
209.4681 484.5017 28 19.3193
207.6066 490.5991 28 19.35267
205.0416 497.1719 28 19.38603
202.0972 503.7007 28 19.4194
198.4368 509.7876 28 19.45277
195.0827 515.909 28 19.48613
192.0306 522.2532 28 19.5195
187.0063 528.9704 28 19.55287
182.2743 535.8154 28 19.58623
176.9755 541.8268 28 19.6196
171.6653 547.5363 28 19.65297
166.406 551.942 28 19.68633
160.4297 556.2934 28 19.7197
154.7713 560.8346 28 19.75307
149.2067 565.4002 28 19.78643
143.1239 569.8741 28 19.8198
136.5039 573.7405 28 19.85317
129.734 576.7865 28 19.88653
121.7257 579.5707 28 19.9199
115.0887 581.8065 28 19.95327
107.892 583.4624 28 19.98663
100.8552 584.853 28 20.02
94.06642 586.3142 28 20.05337
87.76878 587.029 28 20.08673
81.20945 587.6999 28 20.1201
74.3645 588.1091 28 20.15347
67.30949 588.3074 28 20.18683
60.26498 588.299 28 20.2202
53.45856 587.577 28 20.25357
45.81943 587.0207 28 20.28693
43.89649 584.2021 28 20.3203
42.54502 581.354 28 20.35367
42.89471 578.0409 28 20.38703
41.79138 574.2051 28 20.4204
41.96697 571.9382 28 20.45377
41.1606 568.8808 28 20.48713
40.99479 565.8191 28 20.5205
40.75612 567.2957 28 20.55387
39.76681 569.4355 28 20.58723
39.31211 572.0112 28 20.6206
39.86037 575.0518 28 20.65397
40.61936 578.2245 28 20.68733
41.93379 579.63 28 20.7207
42.0467 582.6474 28 20.75407
42.50211 585.4222 28 20.78743
43.37267 587.8619 28 20.8208
43.20441 590.6046 28 20.85417
44.39081 591.7974 28 20.88753
44.15713 592.3552 28 20.9209
43.29658 593.0927 28 20.95427
44.49919 592.9373 28 20.98763
44.41146 592.3488 28 21.021
43.58563 590.726 28 21.05437
43.50374 589.2612 28 21.08773
42.43698 586.719 28 21.1211
42.24189 583.8916 28 21.15447
41.05207 580.9018 28 21.18783
40.57203 577.059 28 21.2212
39.52535 572.8147 28 21.25457
39.11753 569.0824 28 21.28793
38.14832 566.0949 28 21.3213
38.95102 561.7908 28 21.35467
37.79567 558.1018 28 21.38803
36.45036 553.5763 28 21.4214
36.24792 550.585 28 21.45477
34.75092 546.7271 28 21.48813
35.81266 543.9455 28 21.5215
34.93747 541.0439 28 21.55487
34.96771 538.7137 28 21.58823
34.55943 536.9128 28 21.6216
34.51127 534.8414 28 21.65497
34.52891 533.856 28 21.68833
33.12375 535.2484 28 21.7217
35.19519 536.7748 28 21.75507
34.5735 535.2476 28 21.78843
34.52844 534.8622 28 21.8218
33.61766 533.9979 28 21.85517
33.82001 535.4563 28 21.88853
34.87377 536.9738 28 21.9219
35.98588 538.6593 28 21.95527
34.73127 541.0513 28 21.98863
36.12359 542.9009 28 22.022
36.17919 544.7234 28 22.05537
35.30878 544.6943 28 22.08873
35.24613 545.2309 28 22.1221
35.40104 543.6824 28 22.15547
34.81099 541.8759 28 22.18883
35.01198 540.6819 28 22.2222
34.96039 539.0426 28 22.25557
34.62717 536.6743 28 22.28893
34.28071 534.6198 28 22.3223
34.01541 532.5703 28 22.35567
33.87312 530.2887 28 22.38903
33.66359 527.4992 28 22.4224
33.65604 524.7828 28 22.45577
32.79095 521.3676 28 22.48913
33.10762 520.9988 28 22.5225
32.92186 519.1666 28 22.55587
31.32495 518.2571 28 22.58923
32.2133 518.6698 28 22.6226
31.44254 519.0064 28 22.65597
31.15891 520.1006 28 22.68933
30.28459 519.914 28 22.7227
31.9349 520.4909 28 22.75607
29.7842 520.2912 28 22.78943
28.30334 521.394 28 22.8228
28.01298 522.346 28 22.85617
27.15219 525.0787 28 22.88953
27.43018 525.7271 28 22.9229
27.14627 525.3244 28 22.95627
26.48405 524.2151 28 22.98963
27.15466 523.275 28 23.023
26.7901 520.8154 28 23.05637
26.06553 517.2253 28 23.08973
25.20637 513.0238 28 23.1231
25.89519 509.462 28 23.15647
26.06305 504.2533 28 23.18983
26.86475 497.6546 28 23.2232
26.94986 493.6648 28 23.25657
28.06169 488.5443 28 23.28993
28.40629 476.3467 28 23.3233
28.40629 476.3467 28 23.35667
29.23655 472.3149 28 23.39003
29.26865 462.541 28 23.4234
29.26865 462.541 28 23.45677
29.22503 460.5254 28 23.49013
36.8601 456.993 28 23.5235
36.8601 456.993 28 23.55687
42.57587 453.9187 28 23.59023
52.43062 446.0897 28 23.6236
52.43062 446.0897 28 23.65697
61.19182 437.7003 28 23.69033
66.41103 433.8415 28 23.7237
66.41103 433.8415 28 23.75707
76.00032 425.5903 28 23.79043
79.91924 421.5961 28 23.8238
79.91924 421.5961 28 23.85717
90.40896 413.4321 28 23.89053
95.91511 409.3388 28 23.9239
101.72 404.8399 28 23.95727
108.3611 400.4044 28 23.99063
113.7885 396.388 28 24.024
119.169 392.5335 28 24.05737
124.4732 388.4946 28 24.09073
130.1733 384.542 28 24.1241
135.3595 381.0618 28 24.15747
140.6484 376.6121 28 24.19083
146.8299 372.1782 28 24.2242
152.8075 368.024 28 24.25757
158.1372 363.9478 28 24.29093
163.801 359.8881 28 24.3243
170.3657 355.0598 28 24.35767
175.7472 350.3518 28 24.39103
181.6128 345.7998 28 24.4244
187.2538 340.8782 28 24.45777
193.1606 336.3957 28 24.49113
198.9485 331.766 28 24.5245
204.5447 327.5306 28 24.55787
210.0759 323.7058 28 24.59123
215.8807 320.6474 28 24.6246
221.5313 317.8946 28 24.65797
227.4974 315.3148 28 24.69133
229.1409 311.14 28 24.7247
229.8189 306.5853 28 24.75807
228.3683 300.119 28 24.79143
231.4604 296.5555 28 24.8248
234.9583 292.1856 28 24.85817
241.4466 290.1652 28 24.89153
247.5492 287.2029 28 24.9249
254.413 286.0191 28 24.95827
260.8173 283.6476 28 24.99163
267.99 280.3667 28 25.025
274.3586 278.2896 28 25.05837
281.3243 276.8326 28 25.09173
287.9232 275.4168 28 25.1251
295.4754 273.9144 28 25.15847
302.8074 272.8719 28 25.19183
309.7793 271.9023 28 25.2252
316.6111 271.0449 28 25.25857
323.328 270.7938 28 25.29193
330.4385 270.9049 28 25.3253
336.6775 271.3418 28 25.35867
343.2608 271.6773 28 25.39203
350.3286 273.4119 28 25.4254
357.4098 274.6053 28 25.45877
364.8926 276.9497 28 25.49213
371.295 278.343 28 25.5255
379.0145 280.7868 28 25.55887
386.873 283.2872 28 25.59223
394.1141 285.6234 28 25.6256
401.0037 287.9748 28 25.65897
408.1294 291.1112 28 25.69233
414.7999 294.0354 28 25.7257
421.472 296.7818 28 25.75907
428.0173 299.2189 28 25.79243
434.8218 302.0033 28 25.8258
441.4504 304.7967 28 25.85917
447.6506 307.6273 28 25.89253
454.5912 311.0557 28 25.9259
460.7243 314.079 28 25.95927
467.1628 317.568 28 25.99263
473.241 320.9477 28 26.026
479.4055 324.6184 28 26.05937
485.2456 327.9946 28 26.09273
491.7466 333.115 28 26.1261
497.5239 337.8002 28 26.15947
503.3706 342.653 28 26.19283
509.5544 347.5236 28 26.2262
515.0869 352.5005 28 26.25957
521.2158 357.9992 28 26.29293
526.7716 363.1608 28 26.3263
531.7732 367.943 28 26.35967
537.1035 373.0129 28 26.39303
542.5538 377.7605 28 26.4264
548.5301 382.7494 28 26.45977
554.1192 387.3092 28 26.49313
560.3013 391.4272 28 26.5265
566.2267 395.4298 28 26.55987
572.4244 399.0166 28 26.59323
578.8423 403.0561 28 26.6266
585.9433 407.8687 28 26.65997
588.9794 412.1212 28 26.69333
586.8296 415.7236 28 26.7267
585.6394 421.4198 28 26.76007
586.6671 427.6108 28 26.79343
589.4864 432.8127 28 26.8268
591.8359 438.485 28 26.86017
593.8576 445.0164 28 26.89353
595.1425 452.5133 28 26.9269
595.9213 459.3046 28 26.96027
596.9847 467.1965 28 26.99363
596.9102 474.9847 28 27.027
596.4023 482.6012 28 27.06037
596.3766 490.0216 28 27.09373
596.0995 498.5902 28 27.1271
595.8359 506.9791 28 27.16047
595.1027 514.7302 28 27.19383
594.2914 521.9919 28 27.2272
593.326 529.0781 28 27.26057
592.7555 536.1061 28 27.29393
591.0289 542.7043 28 27.3273
589.5668 549.0021 28 27.36067
587.7724 556.1947 28 27.39403
590.8093 556.9105 28 27.4274
592.6371 559.2468 28 27.46077
594.3664 562.0986 28 27.49413
596.2182 564.5322 28 27.5275
598.2916 565.3577 28 27.56087
599.4913 564.2404 28 27.59423
601.7445 564.6333 28 27.6276
605.4238 566.3763 28 27.66097
609.4484 567.7865 28 27.69433
615.9529 569.2915 28 27.7277
622.7648 571.3302 28 27.76107
629.6086 575.4662 28 27.79443
635.4098 579.5496 28 27.8278
642.343 581.9485 28 27.86117
647.939 586.1671 28 27.89453
652.6637 591.0784 28 27.9279
655.7069 594.4405 28 27.96127
658.4406 598.1202 28 27.99463
661.5331 601.6976 28 28.028
666.1087 605.7419 28 28.06137
670.7097 610.4794 28 28.09473
676.5308 614.5869 28 28.1281
682.1826 618.0826 28 28.16147
687.5183 621.9445 28 28.19483
693.2475 625.75 28 28.2282
699.2004 629.5169 28 28.26157
704.856 633.0503 28 28.29493
710.1027 635.5745 28 28.3283
715.7437 638.7832 28 28.36167
721.3467 642.5017 28 28.39503
726.0623 646.5805 28 28.4284
731.3889 650.9831 28 28.46177
736.8543 654.8913 28 28.49513
742.2545 658.1607 28 28.5285
746.7075 662.2387 28 28.56187
752.5796 665.8217 28 28.59523
758.8898 669.733 28 28.6286
764.5318 673.6529 28 28.66197
768.855 678.6476 28 28.69533
773.2078 683.8481 28 28.7287
776.372 689.829 28 28.76207
781.7589 693.8299 28 28.79543
786.4598 697.6409 28 28.8288
792.2841 701.8675 28 28.86217
797.4561 705.8621 28 28.89553
802.5317 710.2209 28 28.9289
807.2744 714.1604 28 28.96227
812.0965 717.5592 28 28.99563
816.8157 721.0463 28 29.029
822.205 724.1212 28 29.06237
827.8773 728.4623 28 29.09573
833.6891 732.7698 28 29.1291
840.3731 734.5109 28 29.16247
844.8909 737.2652 28 29.19583
842.7129 737.4948 28 29.2292
845.1051 737.7721 28 29.26257
844.5781 739.0623 28 29.29593
844.2224 739.9475 28 29.3293
843.56 741.3412 28 29.36267
842.8443 741.2639 28 29.39603
842.8844 741.4931 28 29.4294
843.4811 741.0138 28 29.46277
843.2031 740.3776 28 29.49613
843.8187 742.1148 28 29.5295
842.9405 741.5467 28 29.56287
842.6047 742.3482 28 29.59623
845.0596 739.9972 28 29.6296
844.579 740.7151 28 29.66297
844.7791 739.915 28 29.69633
845.0939 740.2877 28 29.7297
843.615 741.0827 28 29.76307
842.898 741.9502 28 29.79643
841.8252 743.2382 28 29.8298
839.3872 744.0293 28 29.86317
836.9458 746.7347 28 29.89653
837.0143 750.5488 28 29.9299
834.7204 753.9199 28 29.96327
831.2343 758.009 28 29.99663
831.2408 759.3024 28 30.03
827.7812 761.4717 28 30.06337
826.8484 763.5582 28 30.09673
826.5887 764.2877 28 30.1301
825.6836 765.8703 28 30.16347
823.5982 768.1668 28 30.19683
821.3646 770.1367 28 30.2302
820.272 772.324 28 30.26357
818.3096 775.4509 28 30.29693
816.0445 777.689 28 30.3303
814.2973 780.3711 28 30.36367
811.5087 783.4044 28 30.39703
810.4127 783.8567 28 30.4304
808.577 784.7022 28 30.46377
807.3969 787.2927 28 30.49713
804.9695 788.4253 28 30.5305
803.4262 792.2317 28 30.56387
800.3906 793.9327 28 30.59723
797.9303 796.613 28 30.6306
795.1718 799.5834 28 30.66397
793.9201 800.9201 28 30.69733
792.627 805.0471 28 30.7307
790.9546 807.4949 28 30.76407
790.32 807.3165 28 30.79743
790.5212 807.3712 28 30.8308
790.9059 806.4822 28 30.86417
792.4792 805.2242 28 30.89753
794.3499 802.7686 28 30.9309
796.7433 800.1445 28 30.96427
799.965 796.2483 28 30.99763
803.4517 792.9749 28 31.031
807.0942 788.9714 28 31.06437
809.6536 784.5654 28 31.09773
812.7053 781.1086 28 31.1311
815.4368 776.925 28 31.16447
819.7078 773.6789 28 31.19783
822.3034 769.9774 28 31.2312
825.0465 765.9514 28 31.26457
830.5299 762.3358 28 31.29793
832.5332 757.3306 28 31.3313
836.4818 753.0037 28 31.36467
839.1213 747.7754 28 31.39803
841.2323 743.2626 28 31.4314
845.1454 739.1767 28 31.46477
847.9708 737.0846 28 31.49813
849.8107 733.3524 28 31.5315
850.5932 730.5117 28 31.56487
853.0161 727.8509 28 31.59823
854.3349 725.3937 28 31.6316
855.6555 723.6743 28 31.66497
855.9664 722.9856 28 31.69833
854.929 722.2992 28 31.7317
854.4805 723.6029 28 31.76507
852.5415 727.0421 28 31.79843
850.5304 729.9885 28 31.8318
847.3538 733.9653 28 31.86517
844.3364 738.676 28 31.89853
840.8377 743.0801 28 31.9319
838.563 748.531 28 31.96527
836.4962 751.5868 28 31.99863
833.2296 755.3269 28 32.032
830.7369 757.8543 28 32.06537
829.1452 760.6015 28 32.09873
823.839 764.4803 28 32.1321
820.7045 767.8197 28 32.16547
821.25 772.3381 28 32.19883
818.7273 774.6481 28 32.2322
816.3828 778.2447 28 32.26557
811.5677 782.7087 28 32.29893
807.9018 786.3128 28 32.3323
805.1426 789.8469 28 32.36567
802.0303 792.8442 28 32.39903
797.1432 796.4391 28 32.4324
795.3329 800.6546 28 32.46577
792.9778 802.482 28 32.49913
790.6751 803.9745 28 32.5325
792.4483 804.0051 28 32.56587
790.801 802.9493 28 32.59923
791.5695 804.7699 28 32.6326
791.8028 803.9419 28 32.66597
789.7745 805.6144 28 32.69933
789.1701 805.4574 28 32.7327
787.9347 807.0521 28 32.76607
785.9511 808.4354 28 32.79943
784.5938 810.0089 28 32.8328
782.5915 810.2594 28 32.86617
783.7176 811.8615 28 32.89953
781.0891 812.842 28 32.9329
777.7251 816.3115 28 32.96627
774.6764 819.9408 28 32.99963
770.614 824.2558 28 33.033
765.9541 827.5062 28 33.06637
761.8584 830.848 28 33.09973
757.0494 835.8309 28 33.1331
751.9838 838.4552 28 33.16647
747.238 842.4432 28 33.19983
744.7337 846.0392 28 33.2332
741.0644 848.3288 28 33.26657
737.0461 851.8778 28 33.29993
732.5917 854.424 28 33.3333
727.158 857.1374 28 33.36667
722.9992 857.9139 28 33.40003
720.6227 859.8317 28 33.4334
718.5106 863.5273 28 33.46677
717.6636 864.9075 28 33.50013
715.7107 866.5539 28 33.5335
714.8323 863.9526 28 33.56687
712.5988 863.9643 28 33.60023
711.7442 861.0765 28 33.6336
709.923 858.9953 28 33.66697
707.1971 856.7299 28 33.70033
704.4515 854.6581 28 33.7337
701.4266 853.3016 28 33.76707
698.0644 849.5556 28 33.80043
694.5797 847.512 28 33.8338
689.8101 845.8147 28 33.86717
686.4139 843.5008 28 33.90053
682.4436 840.2774 28 33.9339
676.392 836.632 28 33.96727
670.4724 832.6674 28 34.00063
664.4187 828.9444 28 34.034
658.6585 824.043 28 34.06737
652.6096 819.46 28 34.10073
647.0676 814.8431 28 34.1341
642.3622 809.6775 28 34.16747
638.0337 804.9649 28 34.20083
633.7019 798.6164 28 34.2342
629.732 792.8152 28 34.26757
626.021 786.5667 28 34.30093
622.3862 780.755 28 34.3343
619.1925 774.2153 28 34.36767
615.5898 767.9291 28 34.40103
612.5144 761.9971 28 34.4344
609.2833 755.1632 28 34.46777
605.4332 749.3846 28 34.50113
601.0991 742.6093 28 34.5345
597.4361 734.7673 28 34.56787
592.8785 729.5133 28 34.60123
589.2887 721.8033 28 34.6346
584.8013 715.4425 28 34.66797
581.9616 708.4581 28 34.70133
578.374 702.5098 28 34.7347
575.1273 696.3981 28 34.76807
571.4982 689.2576 28 34.80143
567.6603 682.5467 28 34.8348
564.7766 675.24 28 34.86817
561.8462 669.6772 28 34.90153
559.2747 663.4198 28 34.9349
556.0564 657.7484 28 34.96827
552.737 651.7322 28 35.00163
549.5608 644.7641 28 35.035
546.1555 638.4993 28 35.06837
544.5038 632.6898 28 35.10173
547.3706 628.9516 28 35.1351
546.261 623.4926 28 35.16847
545.6607 616.6381 28 35.20183
547.3106 611.3869 28 35.2352
548.4743 605.7166 28 35.26857
549.4831 599.2767 28 35.30193
549.8699 591.2915 28 35.3353
550.1938 583.8075 28 35.36867
551.2826 575.7538 28 35.40203
551.5999 567.828 28 35.4354
552.3416 560.2789 28 35.46877
552.5541 553.956 28 35.50213
554.8641 547.2563 28 35.5355
555.1072 539.6907 28 35.56887
556.564 533.3144 28 35.60223
557.5465 526.3011 28 35.6356
558.5435 520.054 28 35.66897
559.9487 512.9227 28 35.70233
559.8009 505.991 28 35.7357
561.3512 499.2252 28 35.76907
561.3114 491.1055 28 35.80243
563.4213 484.3365 28 35.8358
564.1571 477.3625 28 35.86917
565.1225 469.6471 28 35.90253
566.1732 461.7719 28 35.9359
567.3435 454.325 28 35.96927
568.6343 447.6314 28 36.00263
569.8035 440.555 28 36.036
571.1005 433.859 28 36.06937
572.5968 426.5045 28 36.10273
574.1264 419.8375 28 36.1361
575.3609 413.1871 28 36.16947
577.0848 405.7478 28 36.20283
578.4434 398.27 28 36.2362
579.6559 390.8448 28 36.26957
581.0521 383.7591 28 36.30293
582.162 376.8576 28 36.3363
583.6745 370.9912 28 36.36967
585.7022 364.1604 28 36.40303
588.0173 357.3143 28 36.4364
591.5223 351.4275 28 36.46977
595.6114 345.1545 28 36.50313
598.4588 339.4814 28 36.5365
603.0088 334.8039 28 36.56987
606.5126 329.3434 28 36.60323
611.0319 324.4353 28 36.6366
615.4654 319.1316 28 36.66997
620.3102 314.2242 28 36.70333
625.8064 308.8942 28 36.7367
630.747 304.4091 28 36.77007
636.1834 299.3924 28 36.80343
640.9642 294.5044 28 36.8368
646.491 289.7453 28 36.87017
651.5494 284.554 28 36.90353
656.7322 280.1331 28 36.9369
660.934 274.9972 28 36.97027
665.2773 270.7277 28 37.00363
671.14 265.8564 28 37.037
677.0075 261.2367 28 37.07037
683.2827 257.2554 28 37.10373
689.1599 253.6633 28 37.1371
695.1195 250.5008 28 37.17047
701.8554 247.7024 28 37.20383
708.0107 245.3197 28 37.2372
714.4241 243.9777 28 37.27057
721.138 242.5358 28 37.30393
727.636 241.7137 28 37.3373
734.0378 241.3492 28 37.37067
740.3513 241.2787 28 37.40403
746.9008 242.0489 28 37.4374
753.5064 243.6969 28 37.47077
760.0016 243.6928 28 37.50413
767.8545 246.0867 28 37.5375
774.3683 246.7764 28 37.57087
780.7498 249.1188 28 37.60423
787.5821 252.0276 28 37.6376
793.2336 254.3132 28 37.67097
800.0355 257.3915 28 37.70433
805.8313 259.5782 28 37.7377
811.5107 263.3485 28 37.77107
816.6753 266.0973 28 37.80443
821.8961 269.8983 28 37.8378
826.5546 273.235 28 37.87117
831.682 277.3795 28 37.90453
837.3761 281.6045 28 37.9379
842.8125 286.518 28 37.97127
847.8114 291.5419 28 38.00463
852.5968 295.6488 28 38.038
857.3075 300.1116 28 38.07137
863.0333 305.3227 28 38.10473
868.7098 309.9206 28 38.1381
874.396 315.7774 28 38.17147
880.5079 320.6956 28 38.20483
883.0643 326.141 28 38.2382
885.2528 331.1618 28 38.27157
888.088 336.6305 28 38.30493
889.7424 341.9934 28 38.3383
891.9452 346.384 28 38.37167
892.5401 352.1659 28 38.40503
894.2662 358.0189 28 38.4384
897.1008 364.0298 28 38.47177
898.9245 370.702 28 38.50513
900.3864 377.7799 28 38.5385
902.2825 382.1337 28 38.57187
903.6826 388.0246 28 38.60523
905.3419 393.3298 28 38.6386
906.5597 398.0192 28 38.67197
907.136 403.1714 28 38.70533
907.9964 406.9493 28 38.7387
909.7231 411.221 28 38.77207
908.4243 416.4342 28 38.80543
910.2983 420.4788 28 38.8388
910.9226 424.1331 28 38.87217
911.3759 428.3139 28 38.90553
913.2588 432.9317 28 38.9389
914.6861 436.3861 28 38.97227
914.5466 440.261 28 39.00563
915.7901 443.5003 28 39.039
915.2367 443.9993 28 39.07237
916.3897 442.9098 28 39.10573
916.9488 440.8671 28 39.1391
915.5058 439.7359 28 39.17247
914.7607 435.7529 28 39.20583
914.5307 431.7488 28 39.2392
912.973 426.9116 28 39.27257
911.652 420.8958 28 39.30593
911.6405 414.6788 28 39.3393
910.4288 408.6987 28 39.37267
908.3945 404.5755 28 39.40603
907.5382 398.2659 28 39.4394
905.0618 394.2289 28 39.47277
904.6778 388.0344 28 39.50613
903.2521 383.5693 28 39.5395
902.1797 379.8766 28 39.57287
900.156 376.0577 28 39.60623
900.0049 373.0936 28 39.6396
899.8538 370.3463 28 39.67297
898.1163 368.734 28 39.70633
896.8137 365.7133 28 39.7397
896.7263 362.8691 28 39.77307
896.4304 361.6133 28 39.80643
895.3344 358.0339 28 39.8398
895.1402 356.8287 28 39.87317
894.1098 358.4478 28 39.90653
896.0218 362.0769 28 39.9399
896.0007 364.1989 28 39.97327
897.636 367.6828 28 40.00663
898.5946 368.2589 28 40.04
899.2008 370.2209 28 40.07337
900.02 370.9743 28 40.10673
899.8829 371.4612 28 40.1401
899.1905 371.8965 28 40.17347
898.7121 371.4749 28 40.20683
898.5002 371.2048 28 40.2402
898.3954 370.6505 28 40.27357
898.6652 368.8511 28 40.30693
899.0806 367.9408 28 40.3403
898.5871 367.0868 28 40.37367
897.9716 366.538 28 40.40703
896.8962 364.5634 28 40.4404
897.1633 362.6071 28 40.47377
896.0583 360.1963 28 40.50713
896.4866 358.2508 28 40.5405
895.1831 356.1682 28 40.57387
896.2898 358.2847 28 40.60723
895.7358 359.4634 28 40.6406
896.1489 360.6455 28 40.67397
896.3895 359.7941 28 40.70733
893.6126 357.7972 28 40.7407
893.7241 354.8769 28 40.77407
894.1325 352.5616 28 40.80743
895.1079 349.3429 28 40.8408
894.2317 347.7263 28 40.87417
893.1445 345.4726 28 40.90753
891.9353 342.3358 28 40.9409
890.0856 339.9367 28 40.97427
887.4445 336.5829 28 41.00763
884.029 332.8311 28 41.041
879.996 328.8721 28 41.07437
875.8113 323.7649 28 41.10773
871.6325 319.3896 28 41.1411
866.8653 314.1477 28 41.17447
861.7988 309.3375 28 41.20783
857.3767 304.498 28 41.2412
852.9172 299.6234 28 41.27457
848.6434 294.0152 28 41.30793
844.2678 288.021 28 41.3413
840.8571 282.7585 28 41.37467
836.9963 277.214 28 41.40803
833.5543 271.7282 28 41.4414
829.7851 265.6817 28 41.47477
826.0444 259.0421 28 41.50813
822.7832 253.4629 28 41.5415
820.1164 246.5692 28 41.57487
818.0797 240.1394 28 41.60823
815.8906 233.7983 28 41.6416
814.1139 227.5516 28 41.67497
812.456 221.4475 28 41.70833
810.6398 214.1238 28 41.7417
808.3215 206.9862 28 41.77507
804.7151 201.8353 28 41.80843
801.8183 198.8135 28 41.8418
801.3585 198.7491 28 41.87517
800.9585 197.5996 28 41.90853
800.2553 196.0625 28 41.9419
796.9081 194.8196 28 41.97527
793.5275 189.2 28 42.00863
790.4137 185.7414 28 42.042
787.5537 182.7428 28 42.07537
783.4709 179.4135 28 42.10873
779.4053 177.3549 28 42.1421
781.875 176.513 28 42.17547
784.1419 177.1751 28 42.20883
784.523 178.3486 28 42.2422
786.6062 179.2603 28 42.27557
786.8473 182.254 28 42.30893
786.8143 183.6129 28 42.3423
787.8951 187.1068 28 42.37567
786.4702 189.3868 28 42.40903
785.4437 192.0082 28 42.4424
784.4243 195.0418 28 42.47577
782.1815 199.982 28 42.50913
779.0687 206.8654 28 42.5425
773.8982 210.872 28 42.57587
767.7063 215.602 28 42.60923
761.8546 221.2543 28 42.6426
756.2089 225.3843 28 42.67597
749.8103 228.0853 28 42.70933
744.244 230.368 28 42.7427
738.3431 232.9334 28 42.77607
731.4025 235.3182 28 42.80943
724.4909 237.4308 28 42.8428
717.7056 239.1102 28 42.87617
711.4464 241.1522 28 42.90953
704.7007 243.4418 28 42.9429
698.0217 245.3243 28 42.97627
691.0863 246.8129 28 43.00963
684.926 247.1532 28 43.043
680.1067 242.7253 28 43.07637
673.5224 239.0145 28 43.10973
667.3374 234.1007 28 43.1431
660.6269 230.3484 28 43.17647
653.795 225.4629 28 43.20983
647.6755 220.07 28 43.2432
641.6296 215.1723 28 43.27657
635.7264 210.8236 28 43.30993
629.8848 206.3758 28 43.3433
624.6 201.6717 28 43.37667
619.2005 196.933 28 43.41003
613.7648 191.6006 28 43.4434
608.7714 186.5553 28 43.47677
604.3164 181.7201 28 43.51013
599.6047 176.0749 28 43.5435
594.9775 169.7438 28 43.57687
590.6014 163.6793 28 43.61023
586.3511 157.0941 28 43.6436
581.9448 149.5263 28 43.67697
578.9596 142.7293 28 43.71033
575.7713 135.039 28 43.7437
572.1235 128.4844 28 43.77707
568.1011 124.6777 28 43.81043
561.6884 124.2348 28 43.8438
556.6604 121.5675 28 43.87717
551.8668 117.1806 28 43.91053
547.3818 112.1976 28 43.9439
542.8344 107.6909 28 43.97727
538.2781 103.243 28 44.01063
533.515 98.45258 28 44.044
528.2301 93.30872 28 44.07737
522.907 87.71426 28 44.11073
517.7589 83.08756 28 44.1441
512.5226 78.68116 28 44.17747
507.1846 73.49163 28 44.21083
501.3293 68.3399 28 44.2442
496.1078 63.03728 28 44.27757
491.0877 57.93596 28 44.31093
486.3681 56.41095 28 44.3443
480.911 58.28011 28 44.37767
475.6857 57.75155 28 44.41103
469.5802 55.59703 28 44.4444
463.0941 55.94198 28 44.47777
462.1867 56.05419 28 44.51113
460.035 55.07438 28 44.5445
457.7544 54.53858 28 44.57787
456.4138 55.4431 28 44.61123
455.5122 54.70907 28 44.6446
454.9313 54.7325 28 44.67797
454.5936 54.37721 28 44.71133
453.4994 53.63053 28 44.7447
451.6881 54.61068 28 44.77807
452.8115 55.04445 28 44.81143
452.0195 55.95194 28 44.8448
452.8206 58.12979 28 44.87817
451.7734 62.96089 28 44.91153
451.5272 68.5691 28 44.9449
452.5828 73.99025 28 44.97827
451.8084 79.58906 28 45.01163
450.2421 84.83389 28 45.045
449.9196 90.65096 28 45.07837
449.0104 97.36494 28 45.11173
446.8775 102.4514 28 45.1451
444.9175 106.1105 28 45.17847
440.6545 108.6738 28 45.21183
436.7338 112.3807 28 45.2452
431.1962 115.5676 28 45.27857
425.5569 117.7209 28 45.31193
421.1433 118.5849 28 45.3453
416.4105 120.7357 28 45.37867
412.1126 121.537 28 45.41203
407.5223 121.6629 28 45.4454
403.5024 122.0606 28 45.47877
399.4876 121.6197 28 45.51213
394.4304 121.4894 28 45.5455
388.3733 120.1777 28 45.57887
381.3056 118.8689 28 45.61223
373.8472 117.1143 28 45.6456
366.6615 115.2738 28 45.67897
359.2908 113.5959 28 45.71233
352.5777 111.7969 28 45.7457
345.6183 110.2942 28 45.77907
338.8044 108.4476 28 45.81243
331.9031 105.9942 28 45.8458
325.4652 103.6058 28 45.87917
318.8968 100.731 28 45.91253
313.0542 97.42293 28 45.9459
306.7802 94.11135 28 45.97927
300.4622 90.96682 28 46.01263
295.6509 92.48714 28 46.046
290.6515 93.83276 28 46.07937
286.3989 97.55102 28 46.11273
280.0728 100.8113 28 46.1461
275.1061 101.5614 28 46.17947
271.9643 102.8312 28 46.21283
267.4531 106.1746 28 46.2462
263.1644 109.0448 28 46.27957
258.4423 110.8381 28 46.31293
253.7473 113.7605 28 46.3463
247.5226 115.4034 28 46.37967
246.779 119.6483 28 46.41303
241.7662 118.9682 28 46.4464
239.0298 122.615 28 46.47977
234.8171 124.0877 28 46.51313
229.8965 127.266 28 46.5465
228.1785 129.9275 28 46.57987
223.2642 131.187 28 46.61323
221.5134 134.7011 28 46.6466
217.3058 136.2167 28 46.67997
212.672 138.9006 28 46.71333
209.1897 144.6952 28 46.7467
204.1552 149.3581 28 46.78007
197.8317 151.6948 28 46.81343
192.8606 153.8129 28 46.8468
189.8514 158.9385 28 46.88017
184.3555 160.2081 28 46.91353
180.4735 164.7703 28 46.9469
175.8709 168.7718 28 46.98027
172.1347 172.803 28 47.01363
168.4217 176.9169 28 47.047
165.5716 179.2862 28 47.08037
162.6956 181.7286 28 47.11373
159.7314 182.7897 28 47.1471
158.1323 185.0117 28 47.18047
156.1201 188.829 28 47.21383
153.7394 190.6938 28 47.2472
150.9609 192.8779 28 47.28057
149.5929 193.6135 28 47.31393
149.8013 193.5433 28 47.3473
150.6296 198.2132 28 47.38067
150.5567 199.972 28 47.41403
153.9284 204.2452 28 47.4474
156.1927 208.0824 28 47.48077
159.0024 213.0366 28 47.51413
163.3495 217.3796 28 47.5475
169.013 221.777 28 47.58087
173.4503 227.8206 28 47.61423
178.4561 231.2283 28 47.6476
185.1929 232.1698 28 47.68097
189.85 235.5336 28 47.71433
196.2801 238.9127 28 47.7477
201.8086 242.7944 28 47.78107
207.7716 247.1816 28 47.81443
212.7209 252.9428 28 47.8478
219.0061 256.8182 28 47.88117
224.6262 261.8608 28 47.91453
229.6769 267.3024 28 47.9479
233.8173 272.5531 28 47.98127
238.3995 278.6007 28 48.01463
243.2821 285.1833 28 48.048
246.3743 291.1592 28 48.08137
249.7344 298.619 28 48.11473
252.0196 305.9292 28 48.1481
252.863 314.1145 28 48.18147
254.4774 321.0226 28 48.21483
254.0158 329.06 28 48.2482
253.4422 336.4891 28 48.28157
251.6461 343.8127 28 48.31493
250.9098 351.5378 28 48.3483
248.0462 358.2239 28 48.38167
245.3528 366.4853 28 48.41503
244.0931 374.6377 28 48.4484
239.668 382.2245 28 48.48177
238.3292 388.4824 28 48.51513
234.1766 394.7263 28 48.5485
231.2857 400.495 28 48.58187
227.4287 406.342 28 48.61523
223.5889 412.3336 28 48.6486
219.8625 416.8865 28 48.68197
215.6697 422.3155 28 48.71533
211.364 428.1196 28 48.7487
206.6452 434.0258 28 48.78207
202.0337 439.9731 28 48.81543
197.0767 445.6519 28 48.8488
192.0803 450.9016 28 48.88217
186.2258 455.9612 28 48.91553
181.0327 461.1715 28 48.9489
175.952 466.2591 28 48.98227
170.08 471.0091 28 49.01563
163.7187 476.3642 28 49.049
156.8033 480.7807 28 49.08237
150.2603 485.1 28 49.11573
144.6305 489.3805 28 49.1491
138.0014 493.6044 28 49.18247
132.6528 497.6356 28 49.21583
126.1099 501.7173 28 49.2492
119.993 505.449 28 49.28257
111.7294 508.3377 28 49.31593
105.3042 510.4507 28 49.3493
100.5928 513.0607 28 49.38267
91.55164 514.291 28 49.41603
86.65337 517.2074 28 49.4494
78.16688 518.7088 28 49.48277
71.93467 520.679 28 49.51613
64.57356 522.6045 28 49.5495
57.25601 523.1805 28 49.58287
50.23666 524.292 28 49.61623
43.09599 525.0215 28 49.6496
36.65166 525.7223 28 49.68297
35.1219 526.2577 28 49.71633
35.98845 526.7423 28 49.7497
32.59605 526.8922 28 49.78307
32.91056 527.1279 28 49.81643
33.85351 528.5656 28 49.8498
34.75992 530.3513 28 49.88317
33.86257 532.1288 28 49.91653
34.29525 534.3125 28 49.9499
32.99095 536.3137 28 49.98327
35.32464 538.346 28 50.01663
34.92406 538.1143 28 50.05
34.35142 538.6326 28 50.08337
34.26423 537.2399 28 50.11673
34.15104 536.0379 28 50.1501
34.45192 534.2739 28 50.18347
34.35802 533.2149 28 50.21683
34.0643 532.9421 28 50.2502
34.77648 533.0349 28 50.28357
34.04498 532.3649 28 50.31693
34.84481 530.6222 28 50.3503
33.24314 528.5248 28 50.38367
33.82391 524.9924 28 50.41703
34.55988 521.2669 28 50.4504
33.25264 517.6465 28 50.48377
33.61931 513.2771 28 50.51713
31.67314 509.2932 28 50.5505
33.14256 505.9435 28 50.58387
31.79415 505.2124 28 50.61723
33.02058 504.4327 28 50.6506
32.009 502.9428 28 50.68397
32.17027 502.3965 28 50.71733
32.21059 502.2883 28 50.7507
32.15487 503.1443 28 50.78407
31.75457 502.7852 28 50.81743
31.89085 502.4063 28 50.8508
32.22137 501.8581 28 50.88417
31.18722 500.7528 28 50.91753
31.13157 500.5095 28 50.9509
30.23265 499.3424 28 50.98427
30.33179 497.4367 28 51.01763
29.3788 495.378 28 51.051
30.74123 493.9292 28 51.08437
30.03611 493.0918 28 51.11773
29.99251 492.7284 28 51.1511
31.32452 492.833 28 51.18447
28.89595 493.1597 28 51.21783
29.60797 492.4631 28 51.2512
28.53286 491.5498 28 51.28457
30.02504 490.4721 28 51.31793
28.44107 489.361 28 51.3513
26.25892 488.9982 28 51.38467
27.81184 488.4552 28 51.41803
24.56554 486.8085 28 51.4514
26.17725 485.7556 28 51.48477
26.00899 482.3125 28 51.51813
26.90847 478.8814 28 51.5515
24.72484 474.652 28 51.58487
24.65623 470.9079 28 51.61823
26.91892 464.9897 28 51.6516
26.47497 459.6198 28 51.68497
27.98493 454.8117 28 51.71833
28.83602 450.9316 28 51.7517
30.76873 448.4517 28 51.78507
34.78494 447.1279 28 51.81843
40.49153 443.2609 28 51.8518
45.04364 439.1799 28 51.88517
51.03749 437.0291 28 51.91853
55.99648 433.1665 28 51.9519
60.18154 428.7635 28 51.98527
66.22869 424.9697 28 52.01863
71.28269 420.5759 28 52.052
75.75084 416.3858 28 52.08537
79.22116 411.7115 28 52.11873
83.58684 406.7361 28 52.1521
88.48062 401.914 28 52.18547
92.86539 396.8142 28 52.21883
96.89459 390.9666 28 52.2522
102.1141 384.6066 28 52.28557
107.0745 378.2957 28 52.31893
111.2834 372.6101 28 52.3523
117.496 367.5447 28 52.38567
120.1154 362.1441 28 52.41903
124.5303 357.8944 28 52.4524
131.9171 352.0369 28 52.48577
135.1936 347.153 28 52.51913
137.3112 345.389 28 52.5525
136.5143 342.7568 28 52.58587
138.4552 341.6962 28 52.61923
140.0825 340.1557 28 52.6526
140.3175 340.1055 28 52.68597
142.9458 337.8524 28 52.71933
144.003 336.3235 28 52.7527
147.6807 336.3913 28 52.78607
150.9176 335.4542 28 52.81943
154.9461 335.9748 28 52.8528
159.246 335.9727 28 52.88617
165.3914 336.5663 28 52.91953
171.4581 335.6319 28 52.9529
177.949 333.3308 28 52.98627
184.4974 330.7519 28 53.01963
190.8499 326.7582 28 53.053
196.8964 324.0298 28 53.08637
203.2585 321.2729 28 53.11973
210.3695 319.2469 28 53.1531
216.6947 317.3851 28 53.18647
224.3935 315.6938 28 53.21983
230.7947 313.6296 28 53.2532
237.5301 311.7018 28 53.28657
245.1576 309.9605 28 53.31993
252.0549 306.689 28 53.3533
261.4979 305.309 28 53.38667
267.1675 302.9371 28 53.42003
276.5161 301.8834 28 53.4534
282.1341 300.025 28 53.48677
289.1706 298.547 28 53.52013
296.9035 296.4201 28 53.5535
302.7063 293.988 28 53.58687
309.8145 292.1656 28 53.62023
315.9446 289.1245 28 53.6536
324.872 286.9593 28 53.68697
331.6576 284.4544 28 53.72033
339.7595 283.1063 28 53.7537
346.0468 281.2091 28 53.78707
353.8132 279.5816 28 53.82043
360.2666 278.4095 28 53.8538
367.2087 277.048 28 53.88717
374.0894 276.456 28 53.92053
380.2118 274.9099 28 53.9539
388.2887 274.5114 28 53.98727
395.748 274.3208 28 54.02063
403.6102 274.0721 28 54.054
410.5525 273.7275 28 54.08737
417.892 273.2477 28 54.12073
425.3339 272.8399 28 54.1541
432.1211 271.7215 28 54.18747
439.6462 270.7993 28 54.22083
445.1663 269.6517 28 54.2542
451.4396 268.0944 28 54.28757
458.3954 268.0648 28 54.32093
465.2259 267.3525 28 54.3543
472.7987 267.267 28 54.38767
479.6258 266.8582 28 54.42103
485.7682 270.4477 28 54.4544
491.9632 273.2707 28 54.48777
498.711 277.3376 28 54.52113
506.4909 279.2431 28 54.5545
513.3371 280.0575 28 54.58787
520.8559 280.6513 28 54.62123
527.7673 280.9727 28 54.6546
535.0344 281.9696 28 54.68797
542.3911 283.3902 28 54.72133
548.308 286.2358 28 54.7547
552.6075 291.6147 28 54.78807
555.022 298.3808 28 54.82143
559.7298 303.3783 28 54.8548
565.5715 307.8583 28 54.88817
569.8398 313.005 28 54.92153
574.992 318.1461 28 54.9549
580.3393 322.1778 28 54.98827
585.9326 326.628 28 55.02163
591.9375 331.4058 28 55.055
597.3705 335.9665 28 55.08837
602.7224 340.0212 28 55.12173
607.9876 344.9416 28 55.1551
611.3417 352.3267 28 55.18847
614.6617 359.887 28 55.22183
619.4501 366.4656 28 55.2552
624.4185 372.3481 28 55.28857
628.6464 377.89 28 55.32193
632.5967 383.6219 28 55.3553
635.7789 389.3065 28 55.38867
639.5173 395.3664 28 55.42203
643.6126 401.5951 28 55.4554
646.6739 407.8442 28 55.48877
649.8445 413.9268 28 55.52213
651.8601 420.0157 28 55.5555
655.187 426.822 28 55.58887
657.7153 432.7978 28 55.62223
660.4596 439.1085 28 55.6556
663.6609 445.6203 28 55.68897
666.8241 452.5448 28 55.72233
670.1991 458.8643 28 55.7557
673.0364 465.1961 28 55.78907
676.0394 471.5202 28 55.82243
678.841 477.9552 28 55.8558
681.7071 484.0984 28 55.88917
684.6006 490.0741 28 55.92253
686.6336 496.8196 28 55.9559
688.4453 503.5294 28 55.98927
689.6349 510.6933 28 56.02263
691.7428 517.3643 28 56.056
692.6347 523.9899 28 56.08937
693.4935 530.902 28 56.12273
693.7845 537.3437 28 56.1561
693.8497 543.942 28 56.18947
694.298 550.7211 28 56.22283
693.8087 558.0405 28 56.2562
696.5545 562.2354 28 56.28957
699.7713 565.1002 28 56.32293
702.6639 568.6667 28 56.3563
706.8645 572.9885 28 56.38967
710.5426 576.8335 28 56.42303
713.7392 581.0402 28 56.4564
716.6033 586.7417 28 56.48977
719.5478 591.632 28 56.52313
722.6046 596.9516 28 56.5565
724.8822 602.3049 28 56.58987
731.4345 603.3177 28 56.62323
736.5767 606.3704 28 56.6566
741.381 610.2681 28 56.68997
748.0866 620.3758 28 56.72333
748.0866 620.3758 28 56.7567
752.8624 625.6266 28 56.79007
755.9849 638.3637 28 56.82343
755.9849 638.3637 28 56.8568
756.7939 645.2781 28 56.89017
757.0008 657.9357 28 56.92353
757.0008 657.9357 28 56.9569
760.5518 669.0707 28 56.99027
762.5899 674.9275 28 57.02363
762.5899 674.9275 28 57.057
766.1813 687.3871 28 57.09037
766.0716 694.9586 28 57.12373
766.0716 694.9586 28 57.1571
765.6086 708.3271 28 57.19047
765.0617 715.1222 28 57.22383
765.0617 715.1222 28 57.2572
764.2269 728.5926 28 57.29057
764.5945 735.1209 28 57.32393
764.0549 741.7928 28 57.3573
764.4695 748.1079 28 57.39067
764.6504 754.5148 28 57.42403
761.0226 759.8678 28 57.4574
757.8965 765.4562 28 57.49077
755.3592 770.9976 28 57.52413
752.5557 777.8861 28 57.5575
750.1834 784.0583 28 57.59087
746.5373 790.2536 28 57.62423
742.3086 796.1781 28 57.6576
738.2386 801.3321 28 57.69097
733.5842 806.7846 28 57.72433
729.0532 811.672 28 57.7577
723.2312 816.4263 28 57.79107
717.544 821.1089 28 57.82443
715.5447 825.7796 28 57.8578
715.4211 830.5477 28 57.89117
712.858 835.0103 28 57.92453
708.5785 838.9604 28 57.9579
703.1571 842.5293 28 57.99127
697.1619 845.7761 28 58.02463
691.1096 849.2878 28 58.058
684.738 852.2302 28 58.09137
677.9913 855.0751 28 58.12473
671.271 857.9227 28 58.1581
664.7939 860.6932 28 58.19147
657.9297 862.9578 28 58.22483
651.2494 865.7686 28 58.2582
645.106 868.329 28 58.29157
638.7003 871.2662 28 58.32493
630.9217 873.2969 28 58.3583
623.3411 876.6767 28 58.39167
616.0746 879.0849 28 58.42503
608.2845 881.4842 28 58.4584
601.1643 883.2917 28 58.49177
593.5781 885.2645 28 58.52513
585.9908 887.1836 28 58.5585
579.3705 888.7384 28 58.59187
572.0558 890.7545 28 58.62523
565.1106 892.6929 28 58.6586
557.5396 894.9777 28 58.69197
550.7967 896.8411 28 58.72533
543.6721 898.94 28 58.7587
537.1205 901.3632 28 58.79207
530.5141 903.7378 28 58.82543
523.8056 905.9638 28 58.8588
516.2994 908.0464 28 58.89217
509.3651 910.2278 28 58.92553
502.1299 912.6588 28 58.9589
495.1253 915.046 28 58.99227
487.4253 917.0021 28 59.02563
479.8099 919.3981 28 59.059
472.8366 921.5185 28 59.09237
465.5282 923.2172 28 59.12573
458.4153 925.1886 28 59.1591
451.483 927.075 28 59.19247
442.9103 929.4232 28 59.22583
435.3787 931.4868 28 59.2592
427.8673 932.8235 28 59.29257
424.6643 932.0497 28 59.32593
420.8141 932.7771 28 59.3593
416.6994 929.1231 28 59.39267
410.9351 927.41 28 59.42603
404.2604 927.2629 28 59.4594
398.1237 926.2596 28 59.49277
396.5916 927.6857 28 59.52613
394.0559 927.611 28 59.5595
393.7411 928.225 28 59.59287
391.8527 927.8367 28 59.62623
390.3771 927.6493 28 59.6596
389.5832 927.8435 28 59.69297
386.9817 925.2717 28 59.72633
385.338 924.3944 28 59.7597
381.6463 924.3396 28 59.79307
376.8898 923.6307 28 59.82643
372.6419 923.3173 28 59.8598
366.3803 922.811 28 59.89317
359.3309 921.1344 28 59.92653
351.3054 919.2081 28 59.9599
343.9614 916.6742 28 59.99327
338.3289 913.3862 28 60.02663
332.5217 909.7468 28 60.06
326.3538 905.7263 28 60.09337
321.0705 901.2688 28 60.12673
316.272 897.075 28 60.1601
311.2355 892.2788 28 60.19347
307.3773 886.6558 28 60.22683
302.9354 881.632 28 60.2602
299.9738 875.8485 28 60.29357
296.4957 869.5471 28 60.32693
294.3995 863.2008 28 60.3603
291.6111 857.1215 28 60.39367
290.0562 851.2333 28 60.42703
288.1611 845.0677 28 60.4604
286.2468 838.8108 28 60.49377
284.385 833.6293 28 60.52713
284.1168 833.6363 28 60.5605
284.9564 831.983 28 60.59387
284.3976 831.1819 28 60.62723
282.0322 830.381 28 60.6606
280.4145 826.0537 28 60.69397
278.0871 822.3123 28 60.72733
276.1124 820.0807 28 60.7607
271.4833 817.7466 28 60.79407
266.3556 814.1779 28 60.82743
268.5371 815.6348 28 60.8608
272.2362 814.5873 28 60.89417
276.3044 813.0153 28 60.92753
281.8773 811.6494 28 60.9609
289.3168 809.3067 28 60.99427
292.3549 807.3046 28 61.02763
298.1472 805.3319 28 61.061
303.3449 802.7134 28 61.09437
307.9539 797.8492 28 61.12773
312.4535 793.3305 28 61.1611
317.5398 789.5907 28 61.19447
321.7378 784.3795 28 61.22783
328.6831 779.9436 28 61.2612
336.9849 777.0949 28 61.29457
343.6876 773.8197 28 61.32793
349.932 769.9332 28 61.3613
356.8928 765.4923 28 61.39467
362.2358 762.512 28 61.42803
368.6627 758.4235 28 61.4614
376.2404 754.1642 28 61.49477
381.9809 750.7534 28 61.52813
390.0749 747.337 28 61.5615
395.2992 744.9743 28 61.59487
402.7781 741.8831 28 61.62823
407.7186 740.1169 28 61.6616
414.9282 737.7253 28 61.69497
422.0835 736.1391 28 61.72833
428.4374 734.421 28 61.7617
435.6546 732.825 28 61.79507
441.9666 731.7904 28 61.82843
449.0099 730.0935 28 61.8618
454.9328 729.3987 28 61.89517
461.381 727.7108 28 61.92853
467.7105 727.1282 28 61.9619
475.4769 724.9164 28 61.99527
482.8572 723.94 28 62.02863
489.1399 723.2466 28 62.062
496.1092 722.2698 28 62.09537
503.4608 721.6727 28 62.12873
510.7771 720.9336 28 62.1621
518.3799 720.695 28 62.19547
524.8613 720.4679 28 62.22883
532.1269 720.2171 28 62.2622
538.1679 719.9172 28 62.29557
544.2656 719.4182 28 62.32893
551.116 719.3283 28 62.3623
558.3684 719.4228 28 62.39567
565.5526 720.0549 28 62.42903
573.3906 719.5443 28 62.4624
579.6672 720.2477 28 62.49577
587.1694 720.4559 28 62.52913
593.8222 720.6761 28 62.5625
600.4377 721.1556 28 62.59587
607.1179 720.8703 28 62.62923
614.2911 721.0823 28 62.6626
621.6889 721.2619 28 62.69597
628.2557 721.0058 28 62.72933
635.8688 721.2354 28 62.7627
642.6391 721.3193 28 62.79607
649.8868 721.7505 28 62.82943
656.5395 721.6041 28 62.8628
663.1046 721.5265 28 62.89617
670.1765 722.705 28 62.92953
677.06 723.226 28 62.9629
684.5629 724.4389 28 62.99627
691.8876 726.6443 28 63.02963
699.5622 728.7064 28 63.063
706.4557 731.9015 28 63.09637
712.916 735.6822 28 63.12973
718.1847 738.9699 28 63.1631
725.0883 742.4834 28 63.19647
730.6971 747.0366 28 63.22983
737.1329 750.6186 28 63.2632
742.6799 754.8638 28 63.29657
749.1394 759.3274 28 63.32993
755.3621 762.7052 28 63.3633
761.5939 766.9688 28 63.39667
768.877 770.5396 28 63.43003
775.8357 774.1115 28 63.4634
781.6084 777.8629 28 63.49677
787.9663 781.9177 28 63.53013
793.483 785.9966 28 63.5635
798.308 790.4157 28 63.59687
800.7744 792.1856 28 63.63023
800.0342 790.1882 28 63.6636
799.2782 790.8953 28 63.69697
802.2481 791.2806 28 63.73033
802.7316 791.4931 28 63.7637
802.887 791.7354 28 63.79707
804.6086 790.577 28 63.83043
806.8786 790.296 28 63.8638
807.7052 789.783 28 63.89717
807.579 788.6825 28 63.93053
806.8268 787.1448 28 63.9639
808.4302 786.4948 28 63.99727
809.9473 785.0109 28 64.03063
811.0279 783.112 28 64.064
813.9743 780.6148 28 64.09737
816.4584 777.304 28 64.13073
818.2048 773.6095 28 64.1641
821.4591 769.966 28 64.19747
826.1452 768.5731 28 64.23083
828.2447 763.6303 28 64.2642
832.2337 759.2185 28 64.29757
834.8924 753.1353 28 64.33093
838.6037 748.1234 28 64.3643
841.6808 745.0264 28 64.39767
844.5357 742.2883 28 64.43103
846.382 739.1445 28 64.4644
848.1107 735.7327 28 64.49777
847.4056 733.3684 28 64.53113
845.59 733.4731 28 64.5645
847.3526 736.6605 28 64.59787
847.7153 736.0899 28 64.63123
847.1481 735.5599 28 64.6646
848.1555 735.3742 28 64.69797
848.0518 737.0451 28 64.73133
847.1821 738.9391 28 64.7647
845.9612 738.9822 28 64.79807
845.842 740.1269 28 64.83143
845.2687 740.964 28 64.8648
844.8552 742.5323 28 64.89817
843.722 743.1148 28 64.93153
843.4553 743.6256 28 64.9649
842.2729 745.3907 28 64.99827
841.1334 746.8479 28 65.03163
840.368 749.1831 28 65.065
838.8181 750.6611 28 65.09837
837.5051 751.4484 28 65.13173
838.1126 752.2726 28 65.1651
837.4534 753.0941 28 65.19847
835.824 756.5764 28 65.23183
834.5992 757.6103 28 65.2652
834.4504 757.2654 28 65.29857
834.2741 757.7087 28 65.33193
832.5373 759.0537 28 65.3653
831.6487 760.4788 28 65.39867
830.5614 761.4764 28 65.43203
830.8349 762.2851 28 65.4654
830.7456 762.3612 28 65.49877
829.8796 763.4271 28 65.53213
827.8706 763.8396 28 65.5655
826.6908 764.7411 28 65.59887
826.7107 766.1419 28 65.63223
826.485 765.7563 28 65.6656
826.2291 766.7119 28 65.69897
825.6031 768.023 28 65.73233
824.6605 769.3453 28 65.7657
824.0641 770.0583 28 65.79907
823.292 771.1192 28 65.83243
822.8522 772.561 28 65.8658
821.548 772.4577 28 65.89917
819.3741 773.7367 28 65.93253
818.0601 774.604 28 65.9659
818.2947 775.3542 28 65.99927
817.9398 775.6633 28 66.03263
816.2246 776.6375 28 66.066
816.4808 779.2799 28 66.09937
815.7452 780.3681 28 66.13273
814.529 782.6418 28 66.1661
813.8062 782.6331 28 66.19947
811.6494 783.1487 28 66.23283
811.935 785.052 28 66.2662
810.7241 786.3144 28 66.29957
810.0764 786.8039 28 66.33293
809.0085 788.4599 28 66.3663
807.8544 788.306 28 66.39967
807.1487 790.0806 28 66.43303
805.6116 791.2487 28 66.4664
805.1514 792.1827 28 66.49977
804.0523 793.1357 28 66.53313
802.1175 794.0237 28 66.5665
801.3413 796.3891 28 66.59987
800.6562 797.2508 28 66.63323
799.7558 797.7296 28 66.6666
798.6036 799.2988 28 66.69997
797.0234 798.6321 28 66.73333
795.6082 800.3883 28 66.7667
793.9328 803.3732 28 66.80007
792.6359 805.0655 28 66.83343
791.2681 805.6195 28 66.8668
791.0074 806.1525 28 66.90017
790.0401 806.2802 28 66.93353
789.0572 806.4446 28 66.9669
788.8894 807.7967 28 67.00027
787.2523 808.0667 28 67.03363
787.0249 810.5052 28 67.067
785.9431 812.3918 28 67.10037
784.6191 811.7866 28 67.13373
784.7147 813.7745 28 67.1671
783.0922 814.1594 28 67.20047
782.3104 815.7242 28 67.23383
781.0239 816.2243 28 67.2672
779.761 817.486 28 67.30057
779.1116 818.6691 28 67.33393
778.1952 820.5649 28 67.3673
776.6152 819.9725 28 67.40067
775.61 821.4901 28 67.43403
774.5476 822.5206 28 67.4674
773.8454 822.9348 28 67.50077
771.2699 825.1385 28 67.53413
769.7935 827.8 28 67.5675
768.0162 829.1516 28 67.60087
766.3774 829.4589 28 67.63423
765.1975 831.4295 28 67.6676
762.7276 831.8879 28 67.70097
760.791 833.4625 28 67.73433
758.8939 834.4083 28 67.7677
756.5542 836.5378 28 67.80107
754.5919 838.5312 28 67.83443
752.9427 840.3856 28 67.8678
750.8713 842.0754 28 67.90117
750.2846 842.7693 28 67.93453
748.9084 843.7828 28 67.9679
749.019 844.0555 28 68.00127
748.3615 844.6414 28 68.03463
746.4847 846.0959 28 68.068
744.0854 847.2462 28 68.10137
741.6398 849.3069 28 68.13473
739.1853 849.4952 28 68.1681
738.6508 850.8877 28 68.20147
736.4808 850.7478 28 68.23483
736.1992 852.5019 28 68.2682
734.9165 853.4251 28 68.30157
733.2967 854.2868 28 68.33493
732.4981 856.1635 28 68.3683
730.7652 856.5388 28 68.40167
730.1829 856.4883 28 68.43503
729.87 857.7163 28 68.4684
729.9372 858.0936 28 68.50177
730.0612 857.1353 28 68.53513
730.2721 857.1957 28 68.5685
730.4342 857.2346 28 68.60187
729.5504 858.1714 28 68.63523
728.1522 859.1326 28 68.6686
727.3804 860.1796 28 68.70197
725.7991 859.732 28 68.73533
724.6919 860.7847 28 68.7687
722.5271 862.2035 28 68.80207
721.1541 864.5629 28 68.83543
719.0802 864.0126 28 68.8688
716.1694 864.7811 28 68.90217
715.1388 867.486 28 68.93553
713.9521 867.422 28 68.9689
713.1015 869.3324 28 69.00227
711.2852 869.6077 28 69.03563
710.1563 870.4835 28 69.069
708.7378 871.0578 28 69.10237
707.3063 872.7142 28 69.13573
705.0707 873.0397 28 69.1691
703.8052 874.04 28 69.20247
701.0489 875.7753 28 69.23583
700.2425 876.5568 28 69.2692
698.4374 877.6535 28 69.30257
696.3408 878.0602 28 69.33593
694.2512 879.0554 28 69.3693
692.4357 881.1372 28 69.40267
690.5247 882.0826 28 69.43603
689.8746 882.0085 28 69.4694
688.7072 883.2447 28 69.50277
686.7104 884.0932 28 69.53613
684.7143 883.4296 28 69.5695
682.5364 885.9423 28 69.60287
680.0246 887.5878 28 69.63623
675.9653 890.8447 28 69.6696
670.8513 892.6408 28 69.70297
668.4106 891.3866 28 69.73633
664.9207 892.59 28 69.7697
660.7564 894.9366 28 69.80307
658.9635 897.4077 28 69.83643
655.1341 899.2911 28 69.8698
651.0829 901.5711 28 69.90317
649.2006 902.3379 28 69.93653
647.2294 902.8292 28 69.9699
644.7707 905.0849 28 70.00327
642.3705 905.4227 28 70.03663
640.0957 907.9217 28 70.07
637.7198 907.4809 28 70.10337
636.3991 906.9205 28 70.13673
633.6343 907.8256 28 70.1701
632.7501 908.6591 28 70.20347
630.8774 910.438 28 70.23683
628.441 909.1636 28 70.2702
624.5001 909.4998 28 70.30357
622.1437 911.3122 28 70.33693
621.0209 912.6166 28 70.3703
621.9202 913.0202 28 70.40367
621.6904 913.1016 28 70.43703
621.6615 913.4361 28 70.4704
623.073 912.9541 28 70.50377
622.4029 912.8686 28 70.53713
619.5852 913.6033 28 70.5705
617.3102 914.4911 28 70.60387
615.27 913.9235 28 70.63723
612.7537 914.9424 28 70.6706
611.3125 915.1945 28 70.70397
610.8283 915.4015 28 70.73733
610.2891 914.5396 28 70.7707
610.2778 915.4744 28 70.80407
610.5737 915.8354 28 70.83743
609.6716 917.309 28 70.8708
608.5826 918.3157 28 70.90417
608.186 919.7103 28 70.93753
608.5732 920.5822 28 70.9709
607.9614 919.1519 28 71.00427
607.7747 919.0812 28 71.03763
608.4921 919.6746 28 71.071
608.3578 917.4379 28 71.10437
608.4792 917.31 28 71.13773
608.6717 918.0973 28 71.1711
609.4233 917.9335 28 71.20447
609.2703 918.1296 28 71.23783
609.2188 917.1569 28 71.2712
610.533 917.682 28 71.30457
613.6292 915.3434 28 71.33793
617.2105 915.6973 28 71.3713
620.4362 910.633 28 71.40467
625.1436 909.6585 28 71.43803
628.9657 910.0544 28 71.4714
633.33 909.3899 28 71.50477
637.7958 906.7422 28 71.53813
643.2528 905.8053 28 71.5715
647.6509 902.0839 28 71.60487
653.1175 900.7307 28 71.63823
658.2362 898.8109 28 71.6716
662.6232 896.1903 28 71.70497
667.0391 894.2449 28 71.73833
672.0171 891.8862 28 71.7717
676.2127 889.5124 28 71.80507
679.5702 886.3988 28 71.83843
684.603 882.3369 28 71.8718
689.4953 881.4508 28 71.90517
690.4317 882.8744 28 71.93853
690.434 883.0061 28 71.9719
689.4354 882.6261 28 72.00527
688.3101 884.3056 28 72.03863
687.2298 883.5209 28 72.072
687.1018 884.4267 28 72.10537
686.2592 886.2845 28 72.13873
687.229 883.0526 28 72.1721
687.1066 883.1831 28 72.20547
686.0326 883.6488 28 72.23883
684.0747 884.597 28 72.2722
681.7492 886.7397 28 72.30557
681.2609 888.3642 28 72.33893
679.3596 890.0285 28 72.3723
677.3424 891.3584 28 72.40567
675.6629 893.0196 28 72.43903
673.482 893.6056 28 72.4724
672.1906 894.8222 28 72.50577
671.5315 895.3395 28 72.53913
670.7515 894.4197 28 72.5725
671.1999 894.3368 28 72.60587
671.7581 894.9816 28 72.63923
673.9805 896.7394 28 72.6726
673.8311 897.557 28 72.70597
672.4119 897.3127 28 72.73933
671.5117 897.1289 28 72.7727
670.1431 896.4861 28 72.80607
670.0586 893.7247 28 72.83943
666.9979 891.0337 28 72.8728
663.7955 885.9176 28 72.90617
659.1809 880.7567 28 72.93953
654.4592 874.4843 28 72.9729
648.3101 868.4535 28 73.00627
641.9183 863.9872 28 73.03963
637.8876 859.9391 28 73.073
634.3151 854.7749 28 73.10637
631.2329 849.0432 28 73.13973
625.4241 843.9605 28 73.1731
619.3888 837.7794 28 73.20647
615.149 831.7766 28 73.23983
610.6602 825.459 28 73.2732
605.9187 819.8144 28 73.30657
601.8848 814.5133 28 73.33993
597.1365 808.9805 28 73.3733
593.6601 802.3969 28 73.40667
589.8967 795.9654 28 73.44003
584.3757 790.1062 28 73.4734
580.7036 784.0648 28 73.50677
575.9282 779.0824 28 73.54013
572.0405 772.8475 28 73.5735
567.2946 766.7778 28 73.60687
562.2734 759.8921 28 73.64023
559.3924 753.571 28 73.6736
556.5299 747.9106 28 73.70697
554.0366 741.1596 28 73.74033
551.6212 734.9727 28 73.7737
549.2666 727.8954 28 73.80707
546.8717 721.3025 28 73.84043
544.1174 715.047 28 73.8738
541.1623 709.6062 28 73.90717
538.5392 703.7249 28 73.94053
534.6999 697.6383 28 73.9739
530.9279 691.1518 28 74.00727
527.1226 684.9673 28 74.04063
523.8227 678.9668 28 74.074
520.9435 672.8783 28 74.10737
518.0577 666.2308 28 74.14073
515.3833 659.9912 28 74.1741
512.6398 661.5423 28 74.20747
511.0643 662.2174 28 74.24083
509.009 661.6047 28 74.2742
506.3628 661.4656 28 74.30757
504.3512 661.7725 28 74.34093
503.4123 661.9378 28 74.3743
501.7058 664.0699 28 74.40767
501.6155 665.5845 28 74.44103
501.9562 665.6169 28 74.4744
501.8216 663.9549 28 74.50777
501.2314 662.1623 28 74.54113
499.9675 661.9071 28 74.5745
498.7061 662.2412 28 74.60787
497.9262 662.8666 28 74.64123
497.495 662.9432 28 74.6746
496.4354 662.8492 28 74.70797
494.3939 661.4796 28 74.74133
494.4132 660.7515 28 74.7747
494.5323 659.8002 28 74.80807
494.9053 659.0148 28 74.84143
496.0538 657.9583 28 74.8748
496.2351 657.0263 28 74.90817
497.7242 655.9148 28 74.94153
499.8627 654.6189 28 74.9749
503.0591 655.0211 28 75.00827
505.9992 655.1457 28 75.04163
509.8426 656.3807 28 75.075
513.5446 657.1332 28 75.10837
516.5262 659.4738 28 75.14173
518.9234 661.5706 28 75.1751
520.3346 663.9197 28 75.20847
522.3467 666.5165 28 75.24183
525.6618 670.6758 28 75.2752
527.4138 673.3337 28 75.30857
530.5697 675.8452 28 75.34193
532.3856 680.5951 28 75.3753
536.5252 684.6351 28 75.40867
539.243 690.0138 28 75.44203
540.9452 693.5531 28 75.4754
542.7645 698.3203 28 75.50877
543.7661 705.496 28 75.54213
544.8861 710.8537 28 75.5755
544.7154 716.2757 28 75.60887
544.6648 720.9817 28 75.64223
543.776 725.7636 28 75.6756
542.7401 730.8607 28 75.70897
541.6844 736.5921 28 75.74233
540.389 742.4609 28 75.7757
538.4618 747.4277 28 75.80907
536.8599 752.6863 28 75.84243
536.0951 757.655 28 75.8758
534.6606 763.6801 28 75.90917
533.4746 769.2255 28 75.94253
533.7477 774.2459 28 75.9759
533.8882 780.088 28 76.00927
533.7172 785.8247 28 76.04263
534.2057 790.6945 28 76.076
534.6341 795.9527 28 76.10937
535.0598 801.9719 28 76.14273
535.2073 808.7095 28 76.1761
535.2284 814.9961 28 76.20947
535.1884 822.7279 28 76.24283
536.1653 829.215 28 76.2762
536.7167 835.8309 28 76.30957
538.1918 843.7198 28 76.34293
539.3662 852.0419 28 76.3763
540.803 859.2071 28 76.40967
541.6916 866.8548 28 76.44303
542.3771 874.0345 28 76.4764
543.1175 880.6165 28 76.50977
543.4667 887.1405 28 76.54313
544.5756 893.9138 28 76.5765
544.4485 902.0708 28 76.60987
545.5857 908.7439 28 76.64323
545.4787 916.931 28 76.6766
545.7118 923.6282 28 76.70997
546.0547 928.7481 28 76.74333
543.5603 928.5349 28 76.7767
543.2515 929.9079 28 76.81007
540.9515 931.0388 28 76.84343
539.571 930.4181 28 76.8768
539.2161 929.97 28 76.91017
537.4355 929.6404 28 76.94353
538.0634 929.19 28 76.9769
539.1995 930.9582 28 77.01027
541.4023 930.002 28 77.04363
545.1939 929.9155 28 77.077
548.9489 929.8393 28 77.11037
552.5954 929.0935 28 77.14373
556.5976 928.3472 28 77.1771
560.108 927.9189 28 77.21047
564.7248 925.4395 28 77.24383
569.7952 925.1123 28 77.2772
575.869 925.475 28 77.31057
578.4678 923.4376 28 77.34393
583.9123 922.9084 28 77.3773
588.1361 920.6342 28 77.41067
593.9865 920.2161 28 77.44403
597.9661 918.4282 28 77.4774
601.9438 917.397 28 77.51077
607.0537 914.5195 28 77.54413
606.3139 915.0941 28 77.5775
606.5445 914.2237 28 77.61087
606.7608 914.6974 28 77.64423
606.0911 917.1694 28 77.6776
603.978 919.0425 28 77.71097
602.9726 919.4109 28 77.74433
600.2885 918.3533 28 77.7777
596.8757 917.2653 28 77.81107
594.7967 918.8232 28 77.84443
592.6347 921.704 28 77.8778
590.0964 923.0526 28 77.91117
586.777 923.2496 28 77.94453
587.5812 921.8635 28 77.9779
587.155 921.0909 28 78.01127
584.0482 923.014 28 78.04463
582.3721 921.0865 28 78.078
580.2322 925.453 28 78.11137
578.254 923.6855 28 78.14473
576.9629 924.37 28 78.1781
574.7861 924.9998 28 78.21147
572.69 925.692 28 78.24483
570.3276 925.961 28 78.2782
569.503 926.0532 28 78.31157
567.0716 926.4156 28 78.34493
565.6565 926.6923 28 78.3783
563.2654 926.6752 28 78.41167
561.804 927.0722 28 78.44503
560.1426 927.5105 28 78.4784
557.9899 927.8323 28 78.51177
555.8132 928.056 28 78.54513
552.8336 928.4719 28 78.5785
551.03 930.0525 28 78.61187
547.9139 931.0952 28 78.64523
547.8731 929.996 28 78.6786
547.89 929.9461 28 78.71197
546.5108 929.8611 28 78.74533
546.7041 928.978 28 78.7787
546.2863 929.4817 28 78.81207
544.6651 930.3235 28 78.84543
542.2933 929.8634 28 78.8788
541.7097 929.4059 28 78.91217
540.2789 931.0085 28 78.94553
538.0559 932.0406 28 78.9789
537.7249 930.5446 28 79.01227
536.1805 931.3417 28 79.04563
533.1548 932.9727 28 79.079
531.1623 932.5971 28 79.11237
529.4159 933.6686 28 79.14573
528.7341 933.0405 28 79.1791
528.7601 933.4291 28 79.21247
527.7527 932.741 28 79.24583
527.5022 933.0757 28 79.2792
526.6816 933.5789 28 79.31257
524.7426 933.596 28 79.34593
521.4033 933.7594 28 79.3793
517.982 934.6315 28 79.41267
514.4306 935.5352 28 79.44603
511.299 934.5566 28 79.4794
510.6707 934.0731 28 79.51277
509.8247 933.985 28 79.54613
508.0217 934.6966 28 79.5795
506.195 934.784 28 79.61287
508.7321 933.7025 28 79.64623
508.2166 934.2089 28 79.6796
509.0777 933.8296 28 79.71297
510.6851 933.8958 28 79.74633
512.0916 930.2864 28 79.7797
513.2897 930.4597 28 79.81307
511.5629 933.5871 28 79.84643
511.2031 933.8128 28 79.8798
510.5455 934.0724 28 79.91317
509.7709 934.2971 28 79.94653
507.965 934.525 28 79.9799
507.6179 933.8021 28 80.01327
506.4935 934.4795 28 80.04663
505.404 934.4995 28 80.08
503.1592 934.5646 28 80.11337
501.6858 934.2262 28 80.14673
499.0711 934.4742 28 80.1801
498.7289 934.1505 28 80.21347
496.6703 934.4996 28 80.24683
494.7794 934.9507 28 80.2802
492.8273 934.9816 28 80.31357
490.5975 935.4508 28 80.34693
490.1249 935.531 28 80.3803
487.9456 935.4764 28 80.41367
486.0263 935.2782 28 80.44703
484.0722 935.1888 28 80.4804
481.2196 935.1358 28 80.51377
479.3606 935.0244 28 80.54713
477.6404 934.5305 28 80.5805
476.7646 935.3479 28 80.61387
476.395 935.1813 28 80.64723
475.6041 935.3014 28 80.6806
474.1657 935.7513 28 80.71397
472.9029 935.467 28 80.74733
472.428 935.5696 28 80.7807
471.5048 935.5176 28 80.81407
470.6229 935.8538 28 80.84743
468.3415 935.8203 28 80.8808
468.3989 934.9809 28 80.91417
467.6619 935.0662 28 80.94753
465.929 935.4792 28 80.9809
464.8857 936.0286 28 81.01427
463.6849 935.4301 28 81.04763
463.3872 934.5734 28 81.081
461.593 933.9313 28 81.11437
461.0642 935.0775 28 81.14773
459.8945 934.9139 28 81.1811
458.0477 934.1847 28 81.21447
457.4907 935.0676 28 81.24783
456.999 935.2679 28 81.2812
457.1227 935.9791 28 81.31457
455.8096 935.7967 28 81.34793
457.61 935.1845 28 81.3813
456.6721 935.7019 28 81.41467
454.6554 934.8231 28 81.44803
454.1698 936.3273 28 81.4814
