707.8507 871.293 29 0
645.0682 783.6168 29 0.03336667
650.7878 787.6492 29 0.06673333
657.651 789.8285 29 0.1001
663.6358 792.7729 29 0.1334667
669.5246 795.0869 29 0.1668333
676.1039 797.5971 29 0.2002
682.0413 800.3848 29 0.2335667
688.8413 803.3478 29 0.2669333
695.5093 806.2718 29 0.3003
702.1949 809.0647 29 0.3336667
708.8066 811.5562 29 0.3670333
714.8592 813.9434 29 0.4004
720.6786 817.1261 29 0.4337667
724.012 820.2422 29 0.4671333
725.4561 823.3357 29 0.5005
727.8209 825.7994 29 0.5338667
727.2185 828.2317 29 0.5672333
728.5717 830.1437 29 0.6006
728.4801 833.3217 29 0.6339667
728.524 837.0064 29 0.6673333
728.9753 841.2296 29 0.7007
730.6057 846.1284 29 0.7340667
731.0136 850.2388 29 0.7674333
732.6406 853.7073 29 0.8008
733.2167 853.7172 29 0.8341667
731.5863 852.9823 29 0.8675333
730.7104 852.7192 29 0.9009
729.6463 854.0281 29 0.9342667
728.7191 855.073 29 0.9676333
730.2792 857.9862 29 1.001
730.5254 859.1635 29 1.034367
729.5452 857.8129 29 1.067733
729.281 856.5509 29 1.1011
728.6641 855.8446 29 1.134467
729.0615 855.8027 29 1.167833
729.9791 856.7378 29 1.2012
731.2604 857.2659 29 1.234567
731.071 854.0662 29 1.267933
732.0188 851.5555 29 1.3013
735.0112 848.5399 29 1.334667
736.9931 847.0047 29 1.368033
738.6334 843.475 29 1.4014
742.2934 839.2822 29 1.434767
745.6433 834.4604 29 1.468133
750.2448 828.1926 29 1.5015
754.3028 821.7309 29 1.534867
758.0689 816.0897 29 1.568233
761.8132 810.7713 29 1.6016
765.6044 805.703 29 1.634967
769.6639 800.39 29 1.668333
773.0259 795.6554 29 1.7017
777.1022 790.3152 29 1.735067
780.9122 785.9399 29 1.768433
784.8704 781.0747 29 1.8018
788.197 776.3049 29 1.835167
791.3156 771.0738 29 1.868533
794.8898 765.9397 29 1.9019
798.2087 760.0632 29 1.935267
801.6792 754.1954 29 1.968633
805.3141 748.6138 29 2.002
809.416 742.8377 29 2.035367
813.0165 737.0945 29 2.068733
816.8992 730.5148 29 2.1021
820.8803 724.4626 29 2.135467
824.2168 718.6107 29 2.168833
828.2139 712.7756 29 2.2022
831.4425 706.7572 29 2.235567
834.6882 701.2089 29 2.268933
837.9578 695.582 29 2.3023
841.3934 689.8246 29 2.335667
843.6945 684.5908 29 2.369033
846.9591 678.8785 29 2.4024
849.8012 673.1045 29 2.435767
852.3993 667.6032 29 2.469133
854.046 661.9689 29 2.5025
856.6531 656.434 29 2.535867
859.3142 650.3523 29 2.569233
861.7342 643.9704 29 2.6026
863.1067 638.3004 29 2.635967
864.8302 632.2905 29 2.669333
866.7878 625.4516 29 2.7027
868.8511 619.1571 29 2.736067
870.7465 612.7383 29 2.769433
870.2789 609.7885 29 2.8028
869.153 608.0704 29 2.836167
867.4692 606.5619 29 2.869533
864.628 604.6691 29 2.9029
861.7087 602.6257 29 2.936267
859.4181 600.4283 29 2.969633
855.5033 596.812 29 3.003
853.7783 591.3692 29 3.036367
851.2167 586.8964 29 3.069733
850.2307 582.8766 29 3.1031
852.5851 577.0516 29 3.136467
853.0675 571.8662 29 3.169833
855.0766 566.1177 29 3.2032
858.6591 563.4963 29 3.236567
863.5869 560.8304 29 3.269933
869.8944 559.534 29 3.3033
875.5152 558.2703 29 3.336667
881.8156 556.0663 29 3.370033
887.5001 554.0912 29 3.4034
892.9561 552.2037 29 3.436767
898.9847 550.489 29 3.470133
905.5148 548.2837 29 3.5035
912.0459 546.3355 29 3.536867
916.6192 543.909 29 3.570233
916.6239 540.4535 29 3.6036
917.0118 535.4666 29 3.636967
916.9094 530.6701 29 3.670333
917.0888 527.2437 29 3.7037
917.4275 524.2249 29 3.737067
918.0658 520.8417 29 3.770433
918.1998 517.2709 29 3.8038
918.6287 513.1002 29 3.837167
918.0527 507.8811 29 3.870533
919.1715 502.0903 29 3.9039
919.2254 497.1973 29 3.937267
918.823 490.9408 29 3.970633
918.562 485.5793 29 4.004
918.4669 479.745 29 4.037367
918.728 474.5205 29 4.070733
917.0024 468.2813 29 4.1041
917.7618 462.0953 29 4.137467
917.2482 457.9728 29 4.170833
917.2858 453.6378 29 4.2042
916.4476 448.2821 29 4.237567
915.9067 444.7655 29 4.270933
916.8525 440.4067 29 4.3043
915.2321 436.5347 29 4.337667
915.0766 431.8817 29 4.371033
915.6074 428.2639 29 4.4044
914.8555 424.0669 29 4.437767
914.2636 420.0239 29 4.471133
914.1651 418.003 29 4.5045
914.1185 414.7113 29 4.537867
913.8654 412.5606 29 4.571233
915.2336 409.3211 29 4.6046
915.4764 408.2378 29 4.637967
915.8468 406.9066 29 4.671333
915.8591 405.7633 29 4.7047
916.4526 404.6209 29 4.738067
916.5563 402.8432 29 4.771433
916.2402 400.5619 29 4.8048
915.5199 397.3275 29 4.838167
915.473 394.3611 29 4.871533
915.3362 391.8784 29 4.9049
916.0043 389.383 29 4.938267
917.2591 388.2722 29 4.971633
918.4873 387.6169 29 5.005
917.418 386.435 29 5.038367
918.195 385.4452 29 5.071733
917.975 384.8041 29 5.1051
918.5446 384.7133 29 5.138467
918.8337 387.1677 29 5.171833
919.8363 386.1966 29 5.2052
918.5384 386.2801 29 5.238567
919.1922 385.5667 29 5.271933
918.3264 385.382 29 5.3053
918.8995 385.213 29 5.338667
918.4579 385.6539 29 5.372033
918.3673 386.0008 29 5.4054
917.8501 385.9502 29 5.438767
918.1595 386.5884 29 5.472133
918.8941 388.775 29 5.5055
919.7187 390.9501 29 5.538867
918.3363 395.5301 29 5.572233
915.8839 402.0968 29 5.6056
908.564 407.152 29 5.638967
903.9797 409.2107 29 5.672333
902.221 411.9655 29 5.7057
899.9044 415.9853 29 5.739067
897.2073 421.4037 29 5.772433
894.8582 428.1896 29 5.8058
891.6924 435.1312 29 5.839167
889.1695 441.8092 29 5.872533
887.1759 447.3003 29 5.9059
884.8702 453.0932 29 5.939267
881.9007 459.2309 29 5.972633
879.4055 465.4666 29 6.006
876.9891 471.3396 29 6.039367
874.3407 477.6721 29 6.072733
871.6236 483.7271 29 6.1061
868.9459 489.6292 29 6.139467
866.5369 495.0335 29 6.172833
864.6546 500.0989 29 6.2062
862.4652 506.5086 29 6.239567
860.8274 512.987 29 6.272933
858.8705 519.1133 29 6.3063
855.0054 522.0402 29 6.339667
850.7216 523.939 29 6.373033
846.6818 526.1347 29 6.4064
842.2719 528.9366 29 6.439767
838.1045 531.4349 29 6.473133
833.2628 534.5407 29 6.5065
827.5577 537.7216 29 6.539867
822.5243 539.038 29 6.573233
817.6447 541.5186 29 6.6066
813.4586 544.0674 29 6.639967
808.6773 547.2022 29 6.673333
803.5107 549.8691 29 6.7067
798.3236 552.7871 29 6.740067
793.2637 555.4565 29 6.773433
787.3978 558.3811 29 6.8068
780.576 561.0301 29 6.840167
774.08 563.0942 29 6.873533
766.6659 564.8519 29 6.9069
759.811 566.0542 29 6.940267
753.0087 567.1982 29 6.973633
745.537 568.4925 29 7.007
738.8 569.4964 29 7.040367
732.0085 571.0473 29 7.073733
725.5037 572.2668 29 7.1071
718.7783 573.3291 29 7.140467
711.6335 574.3864 29 7.173833
705.0718 574.6106 29 7.2072
698.3709 574.7096 29 7.240567
691.4269 575.6281 29 7.273933
684.1391 575.9622 29 7.3073
676.1611 576.321 29 7.340667
668.1631 576.7733 29 7.374033
660.766 577.2465 29 7.4074
653.7807 577.813 29 7.440767
646.9396 578.3433 29 7.474133
639.2562 578.8878 29 7.5075
632.558 579.8518 29 7.540867
625.976 581.0945 29 7.574233
619.331 581.711 29 7.6076
612.937 582.9109 29 7.640967
606.3259 584.3816 29 7.674333
599.5589 585.1779 29 7.7077
592.7216 586.4247 29 7.741067
586.0361 587.6589 29 7.774433
578.7379 588.5733 29 7.8078
572.3798 589.8902 29 7.841167
566.2259 591.0387 29 7.874533
559.707 591.9461 29 7.9079
552.1641 593.4413 29 7.941267
547.3464 591.1975 29 7.974633
542.6775 588.3701 29 8.008
537.0854 587.2265 29 8.041367
530.4367 587.1093 29 8.074733
523.5271 587.244 29 8.1081
516.3533 587.898 29 8.141467
509.3449 588.8983 29 8.174833
501.8219 589.6721 29 8.2082
494.8833 590.2313 29 8.241567
488.0225 590.9625 29 8.274933
481.1579 591.0661 29 8.3083
474.2754 591.2736 29 8.341667
467.5942 590.8496 29 8.375033
461.295 590.3048 29 8.4084
455.0614 589.7612 29 8.441767
448.3891 588.8498 29 8.475133
441.7439 587.6156 29 8.5085
435.3979 586.6506 29 8.541867
429.2608 585.5656 29 8.575233
422.5963 584.4913 29 8.6086
416.1814 583.5371 29 8.641967
409.9982 582.1322 29 8.675333
403.6905 580.3079 29 8.7087
397.1595 578.359 29 8.742067
391.0389 576.4632 29 8.775433
384.7635 574.4848 29 8.8088
378.7838 572.3942 29 8.842167
372.8282 570.1747 29 8.875533
366.7413 567.8499 29 8.9089
359.7826 565.079 29 8.942267
353.3061 562.1003 29 8.975633
346.9538 559.5119 29 9.009
341.0253 556.4223 29 9.042367
334.9519 553.393 29 9.075733
329.1548 550.0145 29 9.1091
323.4573 547.1946 29 9.142467
317.7456 544.1076 29 9.175833
311.4936 540.7485 29 9.2092
305.1697 537.9707 29 9.242567
299.9754 534.9638 29 9.275933
294.6293 531.5459 29 9.3093
288.9302 528.4614 29 9.342667
283.9527 525.8577 29 9.376033
277.9376 522.5139 29 9.4094
273.0619 518.6913 29 9.442767
267.2477 514.9263 29 9.476133
261.6546 510.8969 29 9.5095
255.7013 507.1878 29 9.542867
250.1495 502.4878 29 9.576233
244.4287 497.9899 29 9.6096
238.9532 493.1451 29 9.642967
233.6728 488.7032 29 9.676333
228.4615 483.3399 29 9.7097
223.9949 478.4011 29 9.743067
220.1029 472.9976 29 9.776433
215.9134 468.1524 29 9.8098
211.8023 463.3042 29 9.843167
208.1623 459.0323 29 9.876533
204.193 454.7058 29 9.9099
200.6057 454.3153 29 9.943267
196.0748 452.8133 29 9.976633
192.6338 454.1829 29 10.01
189.5563 455.1962 29 10.04337
186.6047 457.1198 29 10.07673
182.3942 458.7651 29 10.1101
179.3126 462.8821 29 10.14347
176.5589 466.4485 29 10.17683
171.6063 466.6757 29 10.2102
169.2828 469.8081 29 10.24357
165.1015 470.2013 29 10.27693
161.7657 472.3088 29 10.3103
158.2664 474.5024 29 10.34367
155.5785 476.053 29 10.37703
150.3027 476.1495 29 10.4104
145.6033 477.1365 29 10.44377
141.8859 478.584 29 10.47713
139.2114 479.1782 29 10.5105
135.9371 479.4214 29 10.54387
132.7346 478.666 29 10.57723
129.3916 478.2644 29 10.6106
125.8311 477.283 29 10.64397
123.276 476.6475 29 10.67733
121.5619 475.7358 29 10.7107
122.9516 473.6102 29 10.74407
122.1777 471.1205 29 10.77743
122.4463 465.9408 29 10.8108
120.4795 461.4134 29 10.84417
118.6091 455.894 29 10.87753
116.1397 450.1653 29 10.9109
110.7482 444.3529 29 10.94427
106.1872 439.3481 29 10.97763
100.9473 434.7395 29 11.011
96.75361 431.1351 29 11.04437
95.48142 428.4509 29 11.07773
91.53818 424.742 29 11.1111
86.40619 420.7229 29 11.14447
80.29609 417.6155 29 11.17783
73.99122 415.0556 29 11.2112
67.15131 412.6769 29 11.24457
60.74026 410.2964 29 11.27793
54.01552 407.9988 29 11.3113
48.2122 405.2381 29 11.34467
43.33377 402.8835 29 11.37803
43.86694 400.2285 29 11.4114
44.42345 398.2528 29 11.44477
44.00994 399.8164 29 11.47813
41.75307 398.8044 29 11.5115
44.23099 396.4728 29 11.54487
43.88879 394.6388 29 11.57823
42.8611 392.2363 29 11.6116
43.98092 389.0348 29 11.64497
44.60948 386.2894 29 11.67833
44.73763 383.2165 29 11.7117
46.51821 378.424 29 11.74507
48.23734 374.0336 29 11.77843
49.91998 368.474 29 11.8118
52.04205 362.6873 29 11.84517
52.58594 357.2299 29 11.87853
55.56332 352.2602 29 11.9119
58.14453 347.0801 29 11.94527
58.82404 342.9646 29 11.97863
60.30051 340.1488 29 12.012
60.20426 337.7864 29 12.04537
60.04202 335.3422 29 12.07873
60.49721 335.8601 29 12.1121
61.09431 337.6262 29 12.14547
61.33846 340.4436 29 12.17883
59.08873 343.8565 29 12.2122
58.49827 348.8009 29 12.24557
55.83701 352.9773 29 12.27893
55.24321 356.9756 29 12.3123
53.03527 361.4695 29 12.34567
51.15607 366.2331 29 12.37903
49.15597 368.9901 29 12.4124
48.49898 372.2225 29 12.44577
47.78142 376.0679 29 12.47913
46.69052 379.1626 29 12.5125
46.41139 381.0483 29 12.54587
46.74838 381.2558 29 12.57923
47.56975 379.3852 29 12.6126
49.39621 376.0638 29 12.64597
49.69693 373.8569 29 12.67933
50.80198 370.4067 29 12.7127
52.85412 365.9113 29 12.74607
53.4261 360.5963 29 12.77943
53.48161 355.6601 29 12.8128
56.58577 350.6229 29 12.84617
58.40141 344.5167 29 12.87953
61.0008 337.8521 29 12.9129
62.52286 332.209 29 12.94627
65.10614 326.8299 29 12.97963
67.24176 322.9898 29 13.013
68.05993 320.4014 29 13.04637
68.98663 319.1502 29 13.07973
68.91328 319.0703 29 13.1131
68.90397 320.2928 29 13.14647
67.42751 321.3419 29 13.17983
65.87193 324.3784 29 13.2132
65.64913 328.4688 29 13.24657
63.36374 330.8669 29 13.27993
61.55015 334.299 29 13.3133
60.56422 337.6568 29 13.34667
58.59781 340.4908 29 13.38003
57.68715 342.5572 29 13.4134
57.80709 343.2517 29 13.44677
58.52636 343.6839 29 13.48013
55.83691 341.5879 29 13.5135
58.28284 338.8762 29 13.54687
60.80916 335.0026 29 13.58023
63.77391 331.3401 29 13.6136
65.25358 325.1606 29 13.64697
67.80356 319.8471 29 13.68033
71.32785 313.4221 29 13.7137
73.37687 308.1144 29 13.74707
76.1868 302.2528 29 13.78043
77.42301 298.0041 29 13.8138
79.27885 296.9389 29 13.84717
79.0456 295.9347 29 13.88053
78.83814 297.4209 29 13.9139
78.08219 299.6618 29 13.94727
76.42097 303.1513 29 13.98063
74.37792 306.7793 29 14.014
72.29482 311.919 29 14.04737
70.10453 317.7046 29 14.08073
66.59294 323.0734 29 14.1141
64.4547 327.4007 29 14.14747
62.55473 332.8218 29 14.18083
61.13414 337.4192 29 14.2142
59.29958 341.1183 29 14.24757
57.95098 343.6831 29 14.28093
57.20278 343.8862 29 14.3143
58.37954 343.2329 29 14.34767
59.04162 340.486 29 14.38103
60.53757 336.5388 29 14.4144
61.83496 331.7291 29 14.44777
64.61222 326.8623 29 14.48113
67.13082 322.434 29 14.5145
68.51861 317.1675 29 14.54787
71.71675 312.0005 29 14.58123
73.25217 307.333 29 14.6146
75.34446 304.1678 29 14.64797
76.73664 302.0587 29 14.68133
77.4997 300.9822 29 14.7147
77.41328 299.3164 29 14.74807
78.56454 298.2173 29 14.78143
76.86909 298.5397 29 14.8148
77.32389 299.8133 29 14.84817
77.16082 302.3644 29 14.88153
74.83115 303.9112 29 14.9149
74.2264 306.2984 29 14.94827
72.92245 309.3728 29 14.98163
71.8462 311.2553 29 15.015
70.11842 314.9261 29 15.04837
68.94447 317.6015 29 15.08173
67.64106 320.5987 29 15.1151
67.73549 322.3182 29 15.14847
66.94446 322.4012 29 15.18183
65.74269 322.4206 29 15.2152
65.64246 322.7358 29 15.24857
66.87915 322.1137 29 15.28193
67.79463 319.82 29 15.3153
69.164 317.289 29 15.34867
69.77842 313.0876 29 15.38203
73.79883 309.6077 29 15.4154
74.83041 304.8874 29 15.44877
76.5257 300.3021 29 15.48213
79.68306 295.4426 29 15.5155
81.32846 290.1478 29 15.54887
84.75436 284.7337 29 15.58223
87.9712 279.3239 29 15.6156
91.04181 274.3581 29 15.64897
92.80691 271.5251 29 15.68233
93.50031 269.3858 29 15.7157
93.8467 268.9157 29 15.74907
94.44006 267.8811 29 15.78243
94.77196 268.4294 29 15.8158
94.04158 269.2107 29 15.84917
92.72247 270.5496 29 15.88253
91.47576 273.3522 29 15.9159
89.24367 276.2352 29 15.94927
88.58347 277.495 29 15.98263
88.51449 276.8466 29 16.016
89.9806 275.6398 29 16.04937
91.06638 274.0949 29 16.08273
91.69831 272.1902 29 16.1161
92.57055 272.0473 29 16.14947
93.66777 271.689 29 16.18283
93.62909 272.7683 29 16.2162
93.1253 272.8795 29 16.24957
91.83187 273.5567 29 16.28293
91.14377 275.129 29 16.3163
89.63382 277.1693 29 16.34967
88.6332 278.8646 29 16.38303
87.86324 280.1194 29 16.4164
87.05464 281.7095 29 16.44977
85.59829 280.7345 29 16.48313
85.48528 282.187 29 16.5165
86.05236 281.864 29 16.54987
85.92268 280.9215 29 16.58323
86.73461 279.2148 29 16.6166
89.18739 276.3334 29 16.64997
91.1172 272.23 29 16.68333
93.24758 269.8091 29 16.7167
94.91056 265.8405 29 16.75007
98.18533 261.9829 29 16.78343
100.6133 257.7679 29 16.8168
103.0774 254.8371 29 16.85017
106.0147 252.2085 29 16.88353
107.6545 248.8484 29 16.9169
108.6456 247.1766 29 16.95027
109.4379 245.932 29 16.98363
109.9726 245.6781 29 17.017
109.5648 245.129 29 17.05037
109.1958 245.5283 29 17.08373
107.8581 247.3327 29 17.1171
106.2538 249.6104 29 17.15047
104.8631 253.1083 29 17.18383
102.6844 256.1105 29 17.2172
100.8455 259.6828 29 17.25057
98.8823 262.5051 29 17.28393
96.49595 265.8323 29 17.3173
94.03163 268.3581 29 17.35067
92.59007 271.1371 29 17.38403
91.19089 273.5664 29 17.4174
88.76777 276.1884 29 17.45077
88.12247 276.9335 29 17.48413
88.08499 276.2155 29 17.5175
88.27831 276.8038 29 17.55087
89.83312 275.0235 29 17.58423
93.4862 271.2409 29 17.6176
96.06449 268.8596 29 17.65097
95.13123 269.7251 29 17.68433
92.95665 269.8085 29 17.7177
93.10982 269.5992 29 17.75107
92.85302 268.696 29 17.78443
92.62836 269.1809 29 17.8178
92.72492 270.2739 29 17.85117
94.32473 271.2598 29 17.88453
94.38711 272.2258 29 17.9179
94.20498 272.1685 29 17.95127
94.25671 272.5388 29 17.98463
95.25558 271.7076 29 18.018
96.71168 270.2043 29 18.05137
98.22863 268.5368 29 18.08473
98.24621 267.1051 29 18.1181
103.365 265.95 29 18.15147
106.7633 265.2704 29 18.18483
110.951 264.5182 29 18.2182
114.5194 263.6833 29 18.25157
120.8926 262.576 29 18.28493
125.5561 261.8082 29 18.3183
132.4564 261.7926 29 18.35167
137.8985 261.9372 29 18.38503
143.5611 262.8595 29 18.4184
150.372 263.1682 29 18.45177
156.6924 264.5025 29 18.48513
163.88 266.1515 29 18.5185
170.509 268.3755 29 18.55187
177.3459 270.5392 29 18.58523
184.6639 272.1496 29 18.6186
192.2684 274.0962 29 18.65197
199.145 276.3372 29 18.68533
206.4105 278.6109 29 18.7187
213.6251 280.8185 29 18.75207
220.5248 283.1276 29 18.78543
227.533 285.9453 29 18.8188
233.6608 288.7904 29 18.85217
239.779 292.1934 29 18.88553
245.3326 295.7352 29 18.9189
251.4793 299.2382 29 18.95227
256.5977 303.026 29 18.98563
262.8996 306.8887 29 19.019
268.3549 310.8969 29 19.05237
274.2393 315.0383 29 19.08573
275.2721 318.551 29 19.1191
274.8059 324.0292 29 19.15247
274.3782 329.5475 29 19.18583
274.693 336.2105 29 19.2192
276.1727 343.0358 29 19.25257
277.3543 349.9378 29 19.28593
276.8577 357.0258 29 19.3193
276.9784 364.0333 29 19.35267
277.0082 372.0978 29 19.38603
277.574 379.0964 29 19.4194
276.9676 386.6449 29 19.45277
276.0783 393.7096 29 19.48613
275.1868 400.3072 29 19.5195
273.6749 406.8013 29 19.55287
271.9702 413.7489 29 19.58623
270.0869 420.5022 29 19.6196
268.7678 427.2179 29 19.65297
267.9012 433.6952 29 19.68633
266.6823 440.0429 29 19.7197
265.26 446.3674 29 19.75307
263.6201 452.5766 29 19.78643
262.4714 458.8708 29 19.8198
260.8994 465.145 29 19.85317
259.192 473.0194 29 19.88653
257.0044 480.9059 29 19.9199
255.4532 488.6086 29 19.95327
253.4206 495.2328 29 19.98663
251.8008 501.8288 29 20.02
250.2063 508.5046 29 20.05337
248.3118 514.8972 29 20.08673
246.6002 521.6316 29 20.1201
244.5656 527.8735 29 20.15347
242.077 534.1716 29 20.18683
239.9376 539.9889 29 20.2202
237.8792 545.696 29 20.25357
235.338 552.2945 29 20.28693
233.2428 558.7123 29 20.3203
230.8283 563.9249 29 20.35367
231.2922 561.8268 29 20.38703
229.3402 562.3773 29 20.4204
226.6767 565.4673 29 20.45377
223.682 569.9078 29 20.48713
220.0693 576.3199 29 20.5205
214.4922 582.7564 29 20.55387
210.1441 588.3719 29 20.58723
205.7779 593.5028 29 20.6206
201.3352 598.3813 29 20.65397
196.9775 603.1101 29 20.68733
192.3111 608.4197 29 20.7207
187.2965 612.9525 29 20.75407
183.2203 617.585 29 20.78743
178.1605 622.4764 29 20.8208
173.7159 627.412 29 20.85417
168.604 632.8208 29 20.88753
163.6876 638.0232 29 20.9209
158.1421 643.2387 29 20.95427
152.744 648.0335 29 20.98763
147.2348 652.883 29 21.021
140.9262 657.3219 29 21.05437
134.7456 661.5497 29 21.08773
128.0965 665.5283 29 21.1211
122.1821 669.7119 29 21.15447
115.6811 673.1664 29 21.18783
109.6971 676.8704 29 21.2212
103.1473 680.1054 29 21.25457
96.8298 682.9078 29 21.28793
89.63841 682.0705 29 21.3213
81.50664 680.0524 29 21.35467
74.43254 678.8254 29 21.38803
71.87526 673.5979 29 21.4214
70.48935 669.9822 29 21.45477
69.2671 666.3978 29 21.48813
68.05303 665.2078 29 21.5215
66.85661 663.8432 29 21.55487
65.96427 660.7152 29 21.58823
64.70934 658.4791 29 21.6216
64.42054 657.7648 29 21.65497
63.34111 656.3773 29 21.68833
64.35609 656.1264 29 21.7217
65.30719 657.7238 29 21.75507
66.33485 659.539 29 21.78843
66.80527 662.4481 29 21.8218
66.8509 661.6134 29 21.85517
66.03319 662.1846 29 21.88853
65.98511 661.4853 29 21.9219
65.8091 660.214 29 21.95527
65.79474 659.845 29 21.98863
66.27024 659.5675 29 22.022
66.02915 659.7278 29 22.05537
66.98399 659.7189 29 22.08873
66.35237 660.0129 29 22.1221
67.29269 661.4429 29 22.15547
67.14745 661.7694 29 22.18883
67.2945 662.7367 29 22.2222
67.21671 662.1314 29 22.25557
66.21313 662.4635 29 22.28893
67.33304 662.8746 29 22.3223
67.83957 663.582 29 22.35567
69.58338 666.9403 29 22.38903
70.0474 670.0376 29 22.4224
70.36684 671.706 29 22.45577
72.61918 675.3871 29 22.48913
74.49897 677.9602 29 22.5225
75.73802 680.6226 29 22.55587
79.12862 687.1089 29 22.58923
82.45202 691.7267 29 22.6226
84.28592 697.0876 29 22.65597
87.27205 701.6794 29 22.68933
89.26686 706.8113 29 22.7227
92.14698 711.4814 29 22.75607
95.521 716.2236 29 22.78943
97.60834 721.5379 29 22.8228
100.5061 726.1313 29 22.85617
102.403 730.788 29 22.88953
104.9754 734.4966 29 22.9229
106.1952 737.7846 29 22.95627
108.1306 742.5727 29 22.98963
111.5435 745.7927 29 23.023
111.8859 747.7963 29 23.05637
114.2068 752.3143 29 23.08973
117.015 755.6222 29 23.1231
118.4046 757.3676 29 23.15647
118.5329 760.6882 29 23.18983
121.6505 764.2086 29 23.2232
125.3459 765.7886 29 23.25657
129.632 765.317 29 23.28993
142.9065 762.9106 29 23.3233
142.9065 762.9106 29 23.35667
151.3965 758.6519 29 23.39003
165.55 753.1543 29 23.4234
165.55 753.1543 29 23.45677
173.0722 750.8399 29 23.49013
186.5143 748.756 29 23.5235
186.5143 748.756 29 23.55687
192.6671 748.4272 29 23.59023
205.7776 748.571 29 23.6236
205.7776 748.571 29 23.65697
218.8202 749.9184 29 23.69033
225.6058 751.4098 29 23.7237
225.6058 751.4098 29 23.75707
235.7767 753.1262 29 23.79043
235.3781 752.8977 29 23.8238
235.3781 752.8977 29 23.85717
235.6217 753.4874 29 23.89053
238.5573 754.7297 29 23.9239
239.5797 754.2324 29 23.95727
240.7649 755.1632 29 23.99063
243.2894 756.0458 29 24.024
246.4372 757.1063 29 24.05737
251.0955 757.1528 29 24.09073
254.9163 758.1536 29 24.1241
259.239 756.4087 29 24.15747
266.3434 753.7778 29 24.19083
273.0649 751.173 29 24.2242
279.6916 748.5317 29 24.25757
285.8658 745.5502 29 24.29093
291.582 742.1918 29 24.3243
297.2821 738.5409 29 24.35767
302.6383 735.3359 29 24.39103
308.9489 731.7656 29 24.4244
314.828 728.5482 29 24.45777
321.1007 725.7053 29 24.49113
326.9963 723.0501 29 24.5245
332.9597 720.4622 29 24.55787
339.2233 718.0551 29 24.59123
345.2173 714.9351 29 24.6246
352.5161 711.2627 29 24.65797
359.2769 707.5238 29 24.69133
365.5595 704.1882 29 24.7247
371.621 701.2953 29 24.75807
377.493 698.3179 29 24.79143
383.3924 695.3553 29 24.8248
389.2279 692.4659 29 24.85817
395.5633 689.7743 29 24.89153
402.2149 687.0453 29 24.9249
407.581 684.9338 29 24.95827
413.3727 683.1914 29 24.99163
419.8618 681.1662 29 25.025
425.6628 679.7891 29 25.05837
431.7004 677.9755 29 25.09173
437.6481 677.1361 29 25.1251
443.9716 675.6731 29 25.15847
450.6902 674.0199 29 25.19183
457.3455 672.4494 29 25.2252
464.1419 671.4718 29 25.25857
470.4956 670.3713 29 25.29193
477.1594 669.4269 29 25.3253
483.4002 668.1317 29 25.35867
489.4469 667.5462 29 25.39203
495.9192 666.5927 29 25.4254
501.7388 666.3979 29 25.45877
507.5459 665.753 29 25.49213
513.5997 664.7349 29 25.5255
520.5822 664.546 29 25.55887
526.8988 664.1378 29 25.59223
533.3504 663.4321 29 25.6256
539.8834 663.183 29 25.65897
545.6346 662.5788 29 25.69233
552.1607 661.5635 29 25.7257
558.6836 660.5928 29 25.75907
566.0675 659.0858 29 25.79243
573.4901 658.3848 29 25.8258
580.8267 657.0324 29 25.85917
587.4104 656.3845 29 25.89253
594.2186 655.3691 29 25.9259
601.2578 654.8011 29 25.95927
608.5198 653.5969 29 25.99263
614.8998 652.1347 29 26.026
621.6723 651.4114 29 26.05937
628.044 650.0214 29 26.09273
633.7888 649.4374 29 26.1261
640.1916 648.341 29 26.15947
646.662 647.8958 29 26.19283
653.057 647.4612 29 26.2262
658.8971 647.072 29 26.25957
664.9992 646.9566 29 26.29293
670.4136 647.2229 29 26.3263
676.6536 647.3216 29 26.35967
683.0859 647.1621 29 26.39303
689.5923 647.7604 29 26.4264
695.7718 648.1469 29 26.45977
702.0894 648.5514 29 26.49313
708.3907 649.2094 29 26.5265
714.9023 650.8562 29 26.55987
721.0009 651.9593 29 26.59323
727.4375 653.4982 29 26.6266
733.9422 654.6141 29 26.65997
740.436 656.342 29 26.69333
747.2325 657.315 29 26.7267
753.7588 658.2208 29 26.76007
760.38 658.642 29 26.79343
766.6893 659.7314 29 26.8268
773.0373 660.5784 29 26.86017
779.1434 661.5169 29 26.89353
784.9046 662.4575 29 26.9269
791.121 663.5028 29 26.96027
797.1543 664.6034 29 26.99363
803.6008 665.9364 29 27.027
809.934 667.0301 29 27.06037
816.2111 667.8521 29 27.09373
821.2743 667.5089 29 27.1271
824.1518 665.0023 29 27.16047
825.1005 660.6581 29 27.19383
826.6002 658.4287 29 27.2272
828.8553 655.5895 29 27.26057
829.0693 652.2782 29 27.29393
830.4981 650.6441 29 27.3273
831.8207 648.341 29 27.36067
833.5095 644.7252 29 27.39403
834.5023 640.1929 29 27.4274
837.195 635.2083 29 27.46077
838.7709 627.5541 29 27.49413
841.3457 622.1649 29 27.5275
844.6186 619.2698 29 27.56087
848.5622 613.9298 29 27.59423
850.3132 607.5491 29 27.6276
852.4589 601.7656 29 27.66097
855.52 596.8044 29 27.69433
859.0473 591.5173 29 27.7277
863.2422 586.0948 29 27.76107
866.9171 580.8862 29 27.79443
870.7323 575.8102 29 27.8278
873.0972 569.1256 29 27.86117
875.9133 562.7461 29 27.89453
879.298 557.7716 29 27.9279
882.9557 552.6438 29 27.96127
887.4132 547.5719 29 27.99463
890.8631 542.741 29 28.028
894.8486 537.5877 29 28.06137
898.3257 532.5396 29 28.09473
901.6821 527.8139 29 28.1281
905.3729 522.9554 29 28.16147
909.1225 517.1083 29 28.19483
913.0886 511.0683 29 28.2282
916.6637 505.9878 29 28.26157
919.2795 501.1997 29 28.29493
918.1725 495.4227 29 28.3283
917.3699 489.3687 29 28.36167
917.8976 483.2643 29 28.39503
918.44 476.6533 29 28.4284
919.7928 469.8806 29 28.46177
915.4954 463.8433 29 28.49513
913.8538 457.9745 29 28.5285
913.5547 450.7079 29 28.56187
913.779 443.5362 29 28.59523
914.5059 436.45 29 28.6286
914.6252 428.6867 29 28.66197
914.4831 422.6353 29 28.69533
911.3119 416.1751 29 28.7287
908.1703 410.3358 29 28.76207
907.3384 403.6688 29 28.79543
906.3972 397.5803 29 28.8288
905.7573 391.1327 29 28.86217
905.0731 384.9423 29 28.89553
902.9126 379.156 29 28.9289
899.8106 373.3995 29 28.96227
898.1514 367.0592 29 28.99563
897.4831 360.9978 29 29.029
895.5294 356.2874 29 29.06237
894.0166 352.2843 29 29.09573
892.2226 346.7291 29 29.1291
887.9535 342.4723 29 29.16247
886.2465 336.9292 29 29.19583
885.4098 331.3719 29 29.2292
882.6761 327.0149 29 29.26257
881.1307 322.8403 29 29.29593
879.4899 316.748 29 29.3293
875.1792 311.2021 29 29.36267
870.7011 305.0834 29 29.39603
868.4599 298.4808 29 29.4294
867.2089 292.3431 29 29.46277
862.0569 287.7965 29 29.49613
859.7281 282.7299 29 29.5295
858.1519 276.0365 29 29.56287
853.505 273.234 29 29.59623
850.2491 267.264 29 29.6296
849.1157 262.0066 29 29.66297
845.0947 258.3002 29 29.69633
841.5416 252.6506 29 29.7297
839.9234 248.2547 29 29.76307
835.9703 243.0686 29 29.79643
830.7544 238.8585 29 29.8298
828.2381 231.7352 29 29.86317
823.9941 228.232 29 29.89653
819.5985 223.2693 29 29.9299
817.5241 218.8917 29 29.96327
812.3027 216.5158 29 29.99663
808.2518 211.2318 29 30.03
805.5693 205.4376 29 30.06337
799.9306 201.7031 29 30.09673
795.9517 197.3078 29 30.1301
793.0467 192.0188 29 30.16347
788.308 187.5508 29 30.19683
784.9772 184.1258 29 30.2302
782.6648 180.3049 29 30.26357
779.1218 176.7704 29 30.29693
774.5841 174.1188 29 30.3303
770.5186 170.9195 29 30.36367
767.5977 167.5243 29 30.39703
764.9678 166.903 29 30.4304
761.7064 163.013 29 30.46377
758.8159 159.3281 29 30.49713
753.7686 155.78 29 30.5305
749.2788 152.2031 29 30.56387
744.7422 149.0525 29 30.59723
742.041 146.537 29 30.6306
739.4965 143.9626 29 30.66397
735.7386 142.806 29 30.69733
732.5546 142.151 29 30.7307
732.6101 140.5222 29 30.76407
733.1467 141.1217 29 30.79743
734.5726 140.6359 29 30.8308
735.3842 138.232 29 30.86417
733.8641 141.7382 29 30.89753
733.8504 145.3259 29 30.9309
737.4657 147.0568 29 30.96427
739.6741 149.7919 29 30.99763
736.9458 150.588 29 31.031
736.8179 154.4024 29 31.06437
736.2744 158.8159 29 31.09773
734.0248 164.0334 29 31.1311
732.4248 172.4706 29 31.16447
727.9118 178.9254 29 31.19783
724.1144 185.7559 29 31.2312
720.0671 193.6209 29 31.26457
715.765 200.3924 29 31.29793
711.2634 206.2903 29 31.3313
707.8118 212.3332 29 31.36467
702.6188 219.063 29 31.39803
697.66 224.6712 29 31.4314
692.8584 230.2057 29 31.46477
689.1347 235.7454 29 31.49813
683.8832 241.4445 29 31.5315
679.945 247.7725 29 31.56487
675.7933 252.959 29 31.59823
671.4123 256.5135 29 31.6316
665.5611 262.4432 29 31.66497
660.3825 266.3915 29 31.69833
655.2044 271.3825 29 31.7317
649.9287 275.5648 29 31.76507
644.7938 280.3985 29 31.79843
639.3757 285.1646 29 31.8318
634.1987 289.6677 29 31.86517
628.7152 293.9251 29 31.89853
623.9487 297.9473 29 31.9319
618.8511 301.4166 29 31.96527
614.3858 305.6239 29 31.99863
609.0556 309.045 29 32.032
606.6969 307.7101 29 32.06537
603.347 307.3602 29 32.09873
600.8111 306.9786 29 32.1321
596.0867 306.0371 29 32.16547
589.2514 304.8929 29 32.19883
582.8848 302.7117 29 32.2322
574.7061 300.8177 29 32.26557
568.6965 299.5167 29 32.29893
562.1347 299.3566 29 32.3323
555.4065 298.765 29 32.36567
546.5558 297.3731 29 32.39903
539.5229 295.8471 29 32.4324
534.0315 293.9279 29 32.46577
527.9965 290.9775 29 32.49913
522.0537 289.495 29 32.5325
516.4489 287.4935 29 32.56587
508.4996 284.0978 29 32.59923
503.1983 281.8008 29 32.6326
496.14 278.1398 29 32.66597
490.62 275.3255 29 32.69933
484.4698 271.7871 29 32.7327
478.3874 268.317 29 32.76607
472.6688 264.9745 29 32.79943
466.7254 260.4395 29 32.8328
463.2009 256.6236 29 32.86617
462.89 251.8883 29 32.89953
461.4884 246.4908 29 32.9329
461.2561 239.1634 29 32.96627
461.6898 232.22 29 32.99963
462.8606 225.3558 29 33.033
462.4374 218.4807 29 33.06637
463.6104 211.6147 29 33.09973
465.6932 203.8977 29 33.1331
466.1775 196.5537 29 33.16647
465.6286 189.0529 29 33.19983
465.1501 181.0107 29 33.2332
465.8034 173.1539 29 33.26657
466.3624 165.2352 29 33.29993
468.7622 157.9696 29 33.3333
469.9388 151.5051 29 33.36667
470.7449 144.8327 29 33.40003
471.0392 137.1297 29 33.4334
471.9033 130.1224 29 33.46677
472.1201 123.3249 29 33.50013
473.1817 118.4106 29 33.5335
473.4726 113.4455 29 33.56687
479.1116 114.1413 29 33.60023
481.4567 113.379 29 33.6336
484.088 113.2218 29 33.66697
487.2345 113.4003 29 33.70033
489.2981 112.8151 29 33.7337
492.3054 112.2699 29 33.76707
495.8414 110.9044 29 33.80043
500.6638 108.98 29 33.8338
506.2247 106.6505 29 33.86717
513.8696 104.5496 29 33.90053
520.0305 102.03 29 33.9339
528.0034 100.7501 29 33.96727
533.467 96.86432 29 34.00063
535.8247 96.17427 29 34.034
538.2253 93.93437 29 34.06737
539.5894 95.3358 29 34.10073
540.6816 97.2312 29 34.1341
541.0151 96.32317 29 34.16747
543.8172 97.87024 29 34.20083
546.7809 95.91382 29 34.2342
551.838 92.89842 29 34.26757
556.9139 91.14414 29 34.30093
559.8755 92.61838 29 34.3343
561.4825 95.19667 29 34.36767
563.2543 96.1948 29 34.40103
564.5056 97.71707 29 34.4344
565.726 97.95761 29 34.46777
568.3896 100.2821 29 34.50113
570.489 103.4122 29 34.5345
572.0965 103.3172 29 34.56787
573.2047 105.2502 29 34.60123
573.6922 105.8668 29 34.6346
574.7803 104.6779 29 34.66797
576.567 106.5026 29 34.70133
577.8324 107.6439 29 34.7347
577.8234 110.7436 29 34.76807
577.7446 109.4548 29 34.80143
577.8703 107.2852 29 34.8348
577.3587 107.6892 29 34.86817
575.9821 106.7441 29 34.90153
574.6216 107.6365 29 34.9349
574.3702 107.7374 29 34.96827
573.8103 105.924 29 35.00163
570.2582 105.2264 29 35.035
566.3037 104.5382 29 35.06837
563.7718 102.2127 29 35.10173
559.6233 100.8995 29 35.1351
560.0158 99.76853 29 35.16847
557.6186 98.17094 29 35.20183
556.3361 98.71485 29 35.2352
554.5255 97.0069 29 35.26857
554.237 97.58735 29 35.30193
553.7418 96.69584 29 35.3353
551.922 97.10932 29 35.36867
550.7305 97.62757 29 35.40203
549.946 96.60505 29 35.4354
548.3448 95.27194 29 35.46877
546.2562 97.03463 29 35.50213
543.007 96.07193 29 35.5355
540.6476 95.09416 29 35.56887
540.9187 96.33447 29 35.60223
536.1583 94.58638 29 35.6356
532.6642 95.21577 29 35.66897
529.4847 95.43005 29 35.70233
528.1721 95.47445 29 35.7357
527.1825 95.34267 29 35.76907
528.1491 95.89095 29 35.80243
529.5297 94.45427 29 35.8358
529.5807 94.65006 29 35.86917
527.3017 95.37883 29 35.90253
525.9834 96.05224 29 35.9359
524.4594 96.33716 29 35.96927
521.1749 96.95129 29 36.00263
519.0243 99.56275 29 36.036
517.2761 101.5978 29 36.06937
515.1183 103.0182 29 36.10273
512.6554 103.3918 29 36.1361
510.225 105.0647 29 36.16947
506.851 106.6754 29 36.20283
503.7251 109.0384 29 36.2362
499.6827 111.5152 29 36.26957
493.1411 112.7587 29 36.30293
486.7919 114.8051 29 36.3363
479.8465 115.556 29 36.36967
472.9409 116.174 29 36.40303
469.5228 116.2378 29 36.4364
469.5309 118.5104 29 36.46977
470.1517 117.6494 29 36.50313
468.1579 119.5296 29 36.5365
466.0292 120.2937 29 36.56987
463.8415 119.1291 29 36.60323
463.8264 121.2823 29 36.6366
460.3283 121.6796 29 36.66997
456.8984 125.5737 29 36.70333
453.8213 126.0163 29 36.7367
450.5621 128.7989 29 36.77007
447.1328 132.0727 29 36.80343
443.0083 135.5701 29 36.8368
438.9008 140.3359 29 36.87017
433.7031 144.1905 29 36.90353
428.6771 148.7961 29 36.9369
423.2128 153.1704 29 36.97027
418.2274 157.9519 29 37.00363
413.5136 161.9157 29 37.037
408.9722 166.3101 29 37.07037
404.7062 170.4546 29 37.10373
400.1053 174.3495 29 37.1371
395.1579 178.3393 29 37.17047
390.5937 182.5058 29 37.20383
385.0663 186.6808 29 37.2372
379.8224 191.2534 29 37.27057
374.5472 194.8989 29 37.30393
368.5377 198.4673 29 37.3373
363.2704 202.0291 29 37.37067
357.013 205.5386 29 37.40403
350.9905 209.2282 29 37.4374
345.4997 213.0515 29 37.47077
340.9336 211.9046 29 37.50413
337.7139 214.4604 29 37.5375
331.8137 216.7188 29 37.57087
326.7643 221.068 29 37.60423
321.4093 224.6777 29 37.6376
315.8465 228.6411 29 37.67097
311.6157 233.0024 29 37.70433
305.9777 236.4986 29 37.7377
302.0183 241.6553 29 37.77107
296.4877 246.6029 29 37.80443
295.5343 249.6094 29 37.8378
293.4173 252.7841 29 37.87117
290.5343 256.5915 29 37.90453
288.2922 261.353 29 37.9379
286.5808 264.8815 29 37.97127
286.255 269.1284 29 38.00463
284.6146 274.7625 29 38.038
283.9548 280.2747 29 38.07137
283.5158 284.9349 29 38.10473
284.5491 288.9045 29 38.1381
286.4456 294.5977 29 38.17147
287.8738 299.3305 29 38.20483
289.389 303.5739 29 38.2382
291.3201 307.8333 29 38.27157
293.7116 311.4967 29 38.30493
295.4767 316.121 29 38.3383
298.3808 320.7898 29 38.37167
299.1182 324.5594 29 38.40503
301.3644 328.7843 29 38.4384
303.0192 334.5442 29 38.47177
304.5535 339.666 29 38.50513
307.6952 346.595 29 38.5385
308.4526 353.1443 29 38.57187
311.178 360.1186 29 38.60523
312.496 366.8934 29 38.6386
314.8208 374.0606 29 38.67197
316.0592 380.7599 29 38.70533
317.5369 386.7598 29 38.7387
319.142 393.3113 29 38.77207
319.7984 400.1289 29 38.80543
320.8827 407.3602 29 38.8388
321.4712 414.7707 29 38.87217
321.9585 421.8618 29 38.90553
321.7844 429.1243 29 38.9389
321.7042 436.2908 29 38.97227
321.165 443.0246 29 39.00563
321.0884 450.6404 29 39.039
320.6671 457.9877 29 39.07237
319.8992 465.3854 29 39.10573
319.4657 472.7554 29 39.1391
318.517 479.7313 29 39.17247
318.4567 486.5377 29 39.20583
317.0157 493.4147 29 39.2392
316.708 499.978 29 39.27257
315.1541 506.3302 29 39.30593
313.9498 512.6183 29 39.3393
312.6672 518.694 29 39.37267
310.8952 525.2727 29 39.40603
309.6677 531.1842 29 39.4394
307.2911 537.8388 29 39.47277
306.9866 544.1148 29 39.50613
303.6954 550.8644 29 39.5395
302.2989 556.8522 29 39.57287
299.5584 562.5547 29 39.60623
297.0653 568.693 29 39.6396
295.0643 574.7475 29 39.67297
291.834 581.1429 29 39.70633
290.3126 587.1699 29 39.7397
286.9229 593.2522 29 39.77307
284.601 599.1567 29 39.80643
281.8183 605.6899 29 39.8398
279.2607 611.7078 29 39.87317
276.6287 617.9988 29 39.90653
274.077 624.0999 29 39.9399
271.7059 629.7141 29 39.97327
268.541 636.3301 29 40.00663
265.9446 642.638 29 40.04
263.2233 649.1007 29 40.07337
260.7466 655.4973 29 40.10673
257.5862 661.6512 29 40.1401
254.8146 667.7953 29 40.17347
252.2185 673.8121 29 40.20683
248.8255 680.0082 29 40.2402
245.0195 685.4502 29 40.27357
241.7939 691.0105 29 40.30693
238.2194 697.0993 29 40.3403
234.2362 703.0845 29 40.37367
230.7528 708.8928 29 40.40703
227.0238 714.5989 29 40.4404
223.4006 720.0306 29 40.47377
219.3447 725.4867 29 40.50713
215.203 731.2319 29 40.5405
211.1341 736.6398 29 40.57387
205.949 741.7555 29 40.60723
201.3164 746.8189 29 40.6406
195.8718 751.1086 29 40.67397
190.3993 755.1475 29 40.70733
184.8009 759.1701 29 40.7407
179.1731 762.5103 29 40.77407
172.8632 765.9289 29 40.80743
166.7939 768.9943 29 40.8408
160.7338 771.8741 29 40.87417
154.2697 774.5424 29 40.90753
147.2087 777.3544 29 40.9409
140.1425 779.9583 29 40.97427
138.5558 780.4448 29 41.00763
135.5236 778.1048 29 41.041
134.7955 776.0352 29 41.07437
132.8656 773.6036 29 41.10773
129.0306 770.3471 29 41.1411
128.3962 767.6698 29 41.17447
127.6742 765.4929 29 41.20783
125.0094 764.7195 29 41.2412
123.7417 763.6506 29 41.27457
124.0448 760.7983 29 41.30793
124.0479 760.724 29 41.3413
123.4196 760.3993 29 41.37467
121.5288 760.799 29 41.40803
123.0424 760.2611 29 41.4414
122.8898 761.0078 29 41.47477
124.0758 761.0379 29 41.50813
121.9317 762.6195 29 41.5415
124.1953 761.8596 29 41.57487
122.5298 762.4073 29 41.60823
123.0569 760.7563 29 41.6416
122.2046 758.5729 29 41.67497
120.7728 757.1871 29 41.70833
119.0228 754.5586 29 41.7417
117.044 752.2126 29 41.77507
114.8322 749.7328 29 41.80843
112.5676 746.2114 29 41.8418
109.7305 742.8891 29 41.87517
108.1109 739.7539 29 41.90853
106.117 736.1404 29 41.9419
104.0498 733.5506 29 41.97527
101.5224 731.972 29 42.00863
101.0072 728.4476 29 42.042
100.2348 726.8532 29 42.07537
99.65176 725.1554 29 42.10873
98.94058 723.8138 29 42.1421
98.22186 724.3138 29 42.17547
98.07898 725.1502 29 42.20883
98.52856 723.2375 29 42.2422
100.666 725.3262 29 42.27557
101.7142 728.5426 29 42.30893
101.3929 731.1253 29 42.3423
103.3733 733.096 29 42.37567
104.4799 734.5186 29 42.40903
103.5827 735.1557 29 42.4424
103.664 734.5994 29 42.47577
103.7783 734.1282 29 42.50913
102.4836 732.9356 29 42.5425
101.1129 732.7414 29 42.57587
100.3184 730.1194 29 42.60923
98.89223 726.733 29 42.6426
96.90112 721.5726 29 42.67597
92.54633 716.4163 29 42.70933
91.77005 716.7801 29 42.7427
90.74435 715.0981 29 42.77607
90.74601 712.7545 29 42.80943
91.5891 710.7272 29 42.8428
91.30429 708.7853 29 42.87617
92.06509 707.2126 29 42.90953
93.03522 704.815 29 42.9429
94.55897 704.4452 29 42.97627
96.41628 703.1178 29 43.00963
98.07291 702.0972 29 43.043
101.7955 702.403 29 43.07637
107.3088 700.2439 29 43.10973
110.9849 696.2569 29 43.1431
117.8007 692.8874 29 43.17647
122.219 688.5889 29 43.20983
126.3705 683.157 29 43.2432
130.493 676.9333 29 43.27657
134.1609 670.6512 29 43.30993
137.7032 664.538 29 43.3433
140.9799 658.7539 29 43.37667
144.4369 653.4018 29 43.41003
147.98 647.727 29 43.4434
152.083 642.0853 29 43.47677
155.8965 636.7922 29 43.51013
159.9947 631.4433 29 43.5435
164.8085 625.7839 29 43.57687
169.638 619.9578 29 43.61023
174.5885 614.5255 29 43.6436
179.8358 609.1389 29 43.67697
185.0068 604.4519 29 43.71033
190.0982 600.0593 29 43.7437
195.3812 595.9483 29 43.77707
200.5633 591.7987 29 43.81043
205.8595 588.6363 29 43.8438
211.2707 584.8796 29 43.87717
217.124 581.7282 29 43.91053
223.4192 578.2551 29 43.9439
229.922 574.7538 29 43.97727
235.7438 571.0668 29 44.01063
242.0795 568.1374 29 44.044
247.7458 564.7886 29 44.07737
253.9761 561.164 29 44.11073
260.5022 558.134 29 44.1441
266.7036 554.7026 29 44.17747
273.2849 551.6202 29 44.21083
279.5188 547.9523 29 44.2442
285.2338 544.6378 29 44.27757
290.8762 541.6537 29 44.31093
290.3257 538.9739 29 44.3443
292.6171 538.6572 29 44.37767
293.09 540.0241 29 44.41103
293.837 543.7006 29 44.4444
295.6059 547.0073 29 44.47777
297.5265 549.6026 29 44.51113
299.4842 549.8489 29 44.5445
300.8003 551.185 29 44.57787
302.408 552.9259 29 44.61123
306.9926 555.9914 29 44.6446
311.8618 559.5157 29 44.67797
314.4531 562.0754 29 44.71133
316.5878 564.2569 29 44.7447
319.9299 566.3151 29 44.77807
322.6633 569.5223 29 44.81143
325.5114 572.9553 29 44.8448
331.6473 575.4709 29 44.87817
337.255 579.3346 29 44.91153
341.6498 584.0564 29 44.9449
345.2481 588.2591 29 44.97827
348.8033 592.9558 29 45.01163
352.0802 598.0322 29 45.045
354.3335 603.1301 29 45.07837
356.9322 608.8641 29 45.11173
358.5593 614.6293 29 45.1451
361.0339 620.5032 29 45.17847
363.371 626.319 29 45.21183
366.237 633.5789 29 45.2452
369.0259 641.0836 29 45.27857
368.0128 647.9545 29 45.31193
369.4453 655.1837 29 45.3453
371.0637 660.5848 29 45.37867
373.1408 661.9051 29 45.41203
376.0405 664.5713 29 45.4454
379.4376 667.7508 29 45.47877
383.6645 671.7748 29 45.51213
388.3446 676.2301 29 45.5455
392.5609 680.9364 29 45.57887
396.4065 685.6693 29 45.61223
400.8386 690.0553 29 45.6456
405.6745 694.5925 29 45.67897
410.4224 698.9513 29 45.71233
414.5183 703.4502 29 45.7457
418.4764 707.7187 29 45.77907
422.5988 712.6474 29 45.81243
426.7612 717.5959 29 45.8458
427.5436 721.6975 29 45.87917
427.1325 724.6855 29 45.91253
426.4212 726.3329 29 45.9459
424.8424 729.2114 29 45.97927
425.7751 732.1554 29 46.01263
426.9649 736.0409 29 46.046
430.0963 742.0518 29 46.07937
431.3823 747.354 29 46.11273
432.6382 753.0209 29 46.1461
434.9816 758.6719 29 46.17947
436.9759 765.1701 29 46.21283
440.4799 770.6224 29 46.2462
442.8626 777.0356 29 46.27957
446.0806 783.3802 29 46.31293
448.9012 790.1673 29 46.3463
452.5347 795.3419 29 46.37967
453.4741 802.5917 29 46.41303
456.5172 807.3544 29 46.4464
457.9827 814.3085 29 46.47977
459.144 820.3452 29 46.51313
461.6212 826.3214 29 46.5465
462.799 833.2226 29 46.57987
465.3584 839.3027 29 46.61323
467.0439 845.9645 29 46.6466
469.6199 850.8933 29 46.67997
471.085 857.5735 29 46.71333
472.659 863.8653 29 46.7467
474.2295 869.9234 29 46.78007
476.275 875.7645 29 46.81343
478.0606 881.1671 29 46.8468
479.7202 887.5273 29 46.88017
482.0269 893.9246 29 46.91353
484.3686 900.3779 29 46.9469
487.8199 905.8547 29 46.98027
490.5511 911.4515 29 47.01363
493.5559 918.1568 29 47.047
497.061 924.397 29 47.08037
500.5579 930.5598 29 47.11373
503.5448 933.4402 29 47.1471
505.8621 932.2729 29 47.18047
508.9081 932.6555 29 47.21383
510.4109 932.2477 29 47.2472
512.8025 931.8613 29 47.28057
517.0826 932.8648 29 47.31393
519.7388 932.9533 29 47.3473
519.3319 933.6655 29 47.38067
521.2453 933.1761 29 47.41403
522.1619 932.8965 29 47.4474
522.8678 933.0064 29 47.48077
524.0323 930.9669 29 47.51413
525.8258 932.3838 29 47.5475
527.4529 931.499 29 47.58087
528.0957 931.8779 29 47.61423
528.5368 932.928 29 47.6476
526.4922 932.5172 29 47.68097
526.8951 931.0407 29 47.71433
524.9432 931.0732 29 47.7477
522.7889 932.3756 29 47.78107
520.8875 933.4617 29 47.81443
518.5625 933.3561 29 47.8478
517.7381 933.4624 29 47.88117
517.0516 932.9688 29 47.91453
516.2859 934.3028 29 47.9479
516.4718 934.1509 29 47.98127
516.0475 935.652 29 48.01463
515.7322 933.6867 29 48.048
516.9147 929.91 29 48.08137
515.4672 926.0896 29 48.11473
516.0249 922.9003 29 48.1481
515.7833 917.4348 29 48.18147
516.0017 909.7558 29 48.21483
513.9329 902.1992 29 48.2482
513.3281 894.4117 29 48.28157
513.9585 887.2041 29 48.31493
514.436 880.6926 29 48.3483
516.251 872.7668 29 48.38167
516.007 868.0358 29 48.41503
517.8442 860.7112 29 48.4484
519.4802 854.5067 29 48.48177
520.4696 848.7646 29 48.51513
522.0984 842.3015 29 48.5485
522.8758 836.4616 29 48.58187
525.2141 828.3824 29 48.61523
526.7066 821.4933 29 48.6486
528.1102 813.8404 29 48.68197
529.1363 807.44 29 48.71533
530.9177 800.4859 29 48.7487
532.2125 793.9197 29 48.78207
533.5948 787.6952 29 48.81543
534.941 780.3974 29 48.8488
536.0202 773.2438 29 48.88217
538.5837 766.1074 29 48.91553
541.9058 759.8004 29 48.9489
545.501 753.3017 29 48.98227
549.4444 746.434 29 49.01563
553.8974 739.4948 29 49.049
557.248 732.6979 29 49.08237
559.7861 726.1496 29 49.11573
563.4595 719.0129 29 49.1491
567.1359 711.9764 29 49.18247
570.6926 705.7115 29 49.21583
573.3299 699.8983 29 49.2492
576.9264 693.9374 29 49.28257
579.4586 688.156 29 49.31593
581.846 682.256 29 49.3493
585.3688 676.4775 29 49.38267
586.2817 670.968 29 49.41603
589.5312 664.6455 29 49.4494
591.9987 657.8173 29 49.48277
594.8773 651.8124 29 49.51613
597.79 649.7442 29 49.5495
602.7672 649.7846 29 49.58287
605.7929 650.9175 29 49.61623
609.3162 652.856 29 49.6496
613.042 655.3177 29 49.68297
615.4027 653.8426 29 49.71633
617.0979 651.917 29 49.7497
621.2519 648.5595 29 49.78307
623.6509 646.405 29 49.81643
627.1528 647.805 29 49.8498
628.3491 650.9366 29 49.88317
632.5464 652.3738 29 49.91653
635.2545 654.4818 29 49.9499
638.9006 657.7022 29 49.98327
643.1648 661.5488 29 50.01663
644.963 665.6052 29 50.05
647.472 670.0133 29 50.08337
650.1723 673.5866 29 50.11673
653.9248 676.3517 29 50.1501
656.5838 679.176 29 50.18347
661.0028 683.0888 29 50.21683
665.4622 687.7451 29 50.2502
670.0965 692.0453 29 50.28357
674.9772 696.735 29 50.31693
679.7012 700.9676 29 50.3503
683.4127 706.5883 29 50.38367
687.0684 711.4111 29 50.41703
692.2034 716.3753 29 50.4504
695.0862 722.4099 29 50.48377
699.4537 726.6602 29 50.51713
702.9624 732.2375 29 50.5505
706.2862 736.1387 29 50.58387
709.7937 741.2243 29 50.61723
713.3119 746.6315 29 50.6506
716.2262 751.8253 29 50.68397
718.705 757.5342 29 50.71733
721.4247 762.495 29 50.7507
723.5136 768.273 29 50.78407
726.0122 774.5669 29 50.81743
727.664 781.1305 29 50.8508
730.1669 786.9334 29 50.88417
731.6387 793.2986 29 50.91753
733.261 800.2992 29 50.9509
735.401 806.1663 29 50.98427
736.7446 806.9181 29 51.01763
739.3113 808.5022 29 51.051
744.0294 811.298 29 51.08437
746.5196 812.8108 29 51.11773
749.7784 814.8827 29 51.1511
751.6556 817.1674 29 51.18447
752.5139 821.8375 29 51.21783
754.6455 827.182 29 51.2512
756.5849 834.9648 29 51.28457
756.0128 840.3955 29 51.31793
752.1545 841.7844 29 51.3513
748.7515 844.912 29 51.38467
746.2768 846.5738 29 51.41803
742.4203 848.8717 29 51.4514
738.3043 854.0715 29 51.48477
733.4923 854.4527 29 51.51813
728.9491 857.2216 29 51.5515
725.5495 858.0532 29 51.58487
722.6621 859.6728 29 51.61823
719.3537 862.2261 29 51.6516
717.2519 866.4152 29 51.68497
713.6503 867.4232 29 51.71833
710.5467 869.3911 29 51.7517
707.8977 871.8031 29 51.78507
705.0857 873.7578 29 51.81843
701.6722 874.6232 29 51.8518
698.713 877.0795 29 51.88517
695.0997 878.761 29 51.91853
691.7191 880.5306 29 51.9519
688.4254 882.3714 29 51.98527
686.0095 882.997 29 52.01863
684.6775 884.535 29 52.052
681.8466 886.0102 29 52.08537
677.8521 887.9985 29 52.11873
675.0017 888.8006 29 52.1521
674.4432 889.591 29 52.18547
673.5306 890.4216 29 52.21883
672.8832 891.0357 29 52.2522
671.0167 891.5929 29 52.28557
669.9126 891.7374 29 52.31893
668.4616 892.2117 29 52.3523
665.9085 892.8037 29 52.38567
667.0495 891.9876 29 52.41903
663.7386 893.0829 29 52.4524
666.8042 891.3858 29 52.48577
666.7689 892.9841 29 52.51913
665.9624 894.2461 29 52.5525
665.0213 894.629 29 52.58587
663.3826 895.5698 29 52.61923
663.289 894.845 29 52.6526
663.2707 895.4964 29 52.68597
663.4485 895.0288 29 52.71933
661.6347 896.0145 29 52.7527
660.1485 896.4183 29 52.78607
660.0145 896.4146 29 52.81943
659.4316 897.3407 29 52.8528
657.7646 897.8736 29 52.88617
656.4006 899.0376 29 52.91953
655.5535 898.6016 29 52.9529
654.8881 899.496 29 52.98627
652.7571 899.5437 29 53.01963
652.3006 898.2994 29 53.053
651.9016 899.4259 29 53.08637
651.8976 900.4673 29 53.11973
650.1418 901.9301 29 53.1531
649.9185 901.1237 29 53.18647
648.4537 900.9445 29 53.21983
647.6649 902.7172 29 53.2532
645.6892 901.4251 29 53.28657
643.8977 902.2213 29 53.31993
644.1764 902.354 29 53.3533
642.7472 905.0996 29 53.38667
639.7106 904.221 29 53.42003
636.3453 907.4035 29 53.4534
635.3638 907.3555 29 53.48677
631.2938 907.7761 29 53.52013
628.2662 908.9206 29 53.5535
625.7313 910.0188 29 53.58687
620.7776 910.485 29 53.62023
617.1928 913.0074 29 53.6536
617.6592 913.2659 29 53.68697
616.6292 913.458 29 53.72033
613.41 915.5089 29 53.7537
611.0802 915.5476 29 53.78707
608.291 915.9067 29 53.82043
606.6742 916.4667 29 53.8538
603.1957 917.4265 29 53.88717
601.1868 917.7133 29 53.92053
599.6379 918.1355 29 53.9539
598.7921 919.2884 29 53.98727
599.2855 918.5791 29 54.02063
599.3242 918.8389 29 54.054
597.7633 919.0324 29 54.08737
596.8118 919.3898 29 54.12073
596.3881 920.2106 29 54.1541
596.1992 919.0706 29 54.18747
596.4251 919.9626 29 54.22083
596.578 919.5832 29 54.2542
596.5207 920.8859 29 54.28757
596.0594 921.1147 29 54.32093
593.7051 922.345 29 54.3543
593.4656 922.8337 29 54.38767
590.6361 923.2961 29 54.42103
587.0763 923.9141 29 54.4544
583.148 925.1514 29 54.48777
579.6152 926.124 29 54.52113
575.8358 925.166 29 54.5545
572.4973 927.4296 29 54.58787
568.73 928.4306 29 54.62123
566.8393 929.6054 29 54.6546
564.041 929.9785 29 54.68797
561.0712 929.949 29 54.72133
558.5047 929.6145 29 54.7547
556.1794 931.3751 29 54.78807
552.9267 931.9424 29 54.82143
549.0896 933.6271 29 54.8548
546.3608 934.1996 29 54.88817
544.0959 933.7905 29 54.92153
542.0165 935.8181 29 54.9549
541.6911 935.9165 29 54.98827
540.6281 935.4806 29 55.02163
540.7029 935.771 29 55.055
539.213 936.3545 29 55.08837
536.7208 937.0816 29 55.12173
535.9083 937.202 29 55.1551
534.353 937.7164 29 55.18847
532.9728 938.2913 29 55.22183
529.8713 938.6395 29 55.2552
528.5256 938.691 29 55.28857
528.3322 940.2405 29 55.32193
527.7169 939.6593 29 55.3553
523.8916 939.4762 29 55.38867
520.9699 939.4956 29 55.42203
520.7375 935.1425 29 55.4554
518.1568 930.6095 29 55.48877
515.0617 924.9999 29 55.52213
511.5649 918.2918 29 55.5555
508.6379 914.4079 29 55.58887
505.4762 910.1403 29 55.62223
500.6745 904.6042 29 55.6556
496.9355 898.9569 29 55.68897
493.3463 892.9818 29 55.72233
491.1184 886.2945 29 55.7557
488.9179 879.1929 29 55.78907
487.1998 871.9549 29 55.82243
485.5268 865.135 29 55.8558
484.2238 858.0799 29 55.88917
483.0807 851.7852 29 55.92253
481.7588 845.4895 29 55.9559
481.1038 839.139 29 55.98927
479.6085 831.8285 29 56.02263
478.3816 823.1783 29 56.056
479.3732 817.8859 29 56.08937
485.3312 815.2685 29 56.12273
489.0903 810.672 29 56.1561
490.9597 805.1639 29 56.18947
495.4817 799.3223 29 56.22283
500.0938 793.3644 29 56.2562
502.6727 786.4159 29 56.28957
504.7205 779.9306 29 56.32293
506.6485 773.3347 29 56.3563
509.8816 767.3066 29 56.38967
512.4583 761.3556 29 56.42303
514.4832 755.3837 29 56.4564
517.7607 748.8898 29 56.48977
519.6334 742.5926 29 56.52313
522.3443 736.0442 29 56.5565
524.6106 729.7228 29 56.58987
526.576 723.3378 29 56.62323
529.1254 718.2989 29 56.6566
533.9332 715.1023 29 56.68997
539.8011 703.5772 29 56.72333
539.8011 703.5772 29 56.7567
541.454 696.5801 29 56.79007
543.0975 682.5991 29 56.82343
543.0975 682.5991 29 56.8568
543.3611 675.2997 29 56.89017
542.286 661.4836 29 56.92353
542.286 661.4836 29 56.9569
541.1208 648.33 29 56.99027
540.7068 641.6829 29 57.02363
540.7068 641.6829 29 57.057
539.8598 628.5946 29 57.09037
538.885 622.3922 29 57.12373
538.885 622.3922 29 57.1571
536.6138 607.4865 29 57.19047
535.6214 601.3845 29 57.22383
535.6214 601.3845 29 57.2572
533.5991 588.4945 29 57.29057
532.4132 582.623 29 57.32393
530.4932 576.1468 29 57.3573
528.2545 569.6875 29 57.39067
525.9957 563.2662 29 57.42403
523.7547 556.6575 29 57.4574
521.7757 549.6969 29 57.49077
520.4759 543.1736 29 57.52413
519.2515 537.0931 29 57.5575
518.563 530.9867 29 57.59087
517.3076 524.4566 29 57.62423
516.6665 517.7886 29 57.6576
515.7421 511.8842 29 57.69097
515.0218 505.9339 29 57.72433
514.6993 499.2174 29 57.7577
514.5875 492.4548 29 57.79107
514.4661 485.73 29 57.82443
514.0812 479.0943 29 57.8578
513.3938 472.4741 29 57.89117
512.7 465.801 29 57.92453
512.6076 459.1442 29 57.9579
511.6177 452.7404 29 57.99127
510.9597 446.1392 29 58.02463
509.9565 438.7665 29 58.058
509.2645 432.2295 29 58.09137
508.1816 425.2495 29 58.12473
506.9124 419.4371 29 58.1581
505.9721 412.2606 29 58.19147
504.3048 405.7507 29 58.22483
503.3546 399.2351 29 58.2582
501.7462 393.6121 29 58.29157
500.6727 388.0561 29 58.32493
498.1784 381.942 29 58.3583
495.6879 376.5647 29 58.39167
492.7476 370.4795 29 58.42503
489.2658 364.5458 29 58.4584
486.0843 359.1192 29 58.49177
482.064 353.251 29 58.52513
478.1467 347.3434 29 58.5585
474.2098 340.8814 29 58.59187
470.1927 335.1744 29 58.62523
466.0206 329.7313 29 58.6586
461.8085 323.9431 29 58.69197
457.3707 318.2585 29 58.72533
453.0483 312.7255 29 58.7587
448.9692 307.4996 29 58.79207
445.0442 302.1559 29 58.82543
441.1837 296.788 29 58.8588
437.0797 291.8666 29 58.89217
433.053 287.0525 29 58.92553
428.8059 281.5356 29 58.9589
424.7945 276.5337 29 58.99227
420.6522 271.7348 29 59.02563
416.6839 266.8785 29 59.059
412.5545 261.7301 29 59.09237
407.7367 256.4618 29 59.12573
403.1498 251.6551 29 59.1591
398.1076 245.9302 29 59.19247
401.3198 240.6946 29 59.22583
401.5019 235.786 29 59.2592
402.0769 230.3061 29 59.29257
404.301 223.4544 29 59.32593
406.5489 216.7856 29 59.3593
408.2045 208.8213 29 59.39267
410.1841 200.8554 29 59.42603
412.4286 194.1537 29 59.4594
415.3943 186.8802 29 59.49277
417.633 180.5768 29 59.52613
419.8507 174.0629 29 59.5595
422.3796 167.8989 29 59.59287
425.4713 161.5643 29 59.62623
427.7781 155.2129 29 59.6596
429.3242 149.5293 29 59.69297
431.3166 142.8656 29 59.72633
433.5421 136.2402 29 59.7597
435.4435 129.5917 29 59.79307
436.8702 123.4039 29 59.82643
437.9892 117.4583 29 59.8598
439.7088 111.8046 29 59.89317
437.487 112.4417 29 59.92653
435.4549 112.5087 29 59.9599
432.5868 111.8691 29 59.99327
428.8966 111.632 29 60.02663
425.3128 110.1729 29 60.06
421.9953 110.1768 29 60.09337
421.2519 111.2443 29 60.12673
421.1502 110.7696 29 60.1601
420.9054 112.8487 29 60.19347
420.2155 112.6365 29 60.22683
417.8392 111.9066 29 60.2602
417.5557 112.2731 29 60.29357
418.4467 113.8179 29 60.32693
418.3952 114.8998 29 60.3603
418.6925 116.1323 29 60.39367
417.4334 115.573 29 60.42703
416.6331 113.8404 29 60.4604
418.1778 112.7881 29 60.49377
418.0766 111.7326 29 60.52713
420.7642 113.9994 29 60.5605
418.7639 113.1006 29 60.59387
421.1195 114.0396 29 60.62723
422.1038 114.3438 29 60.6606
424.2531 114.7546 29 60.69397
424.6363 114.8859 29 60.72733
426.2262 114.4606 29 60.7607
428.9772 115.6704 29 60.79407
427.9271 117.8276 29 60.82743
425.4154 117.4527 29 60.8608
423.7643 118.3526 29 60.89417
421.7634 119.292 29 60.92753
419.1653 116.9847 29 60.9609
415.763 117.144 29 60.99427
414.652 113.6699 29 61.02763
412.266 109.1345 29 61.061
409.899 103.4563 29 61.09437
406.5445 100.5365 29 61.12773
405.5925 96.39442 29 61.1611
403.7662 90.93217 29 61.19447
402.3993 85.31781 29 61.22783
401.2225 78.79695 29 61.2612
400.837 71.66255 29 61.29457
399.2983 63.86093 29 61.32793
398.8411 63.26763 29 61.3613
398.5617 62.84861 29 61.39467
397.9542 61.84121 29 61.42803
398.5416 62.19523 29 61.4614
394.3884 61.92985 29 61.49477
394.946 61.89638 29 61.52813
391.9738 62.22691 29 61.5615
390.7122 63.44174 29 61.59487
388.1484 62.32702 29 61.62823
387.442 62.54267 29 61.6616
388.2939 61.94025 29 61.69497
388.5725 61.86599 29 61.72833
390.6025 62.0239 29 61.7617
392.2497 61.77288 29 61.79507
395.204 61.5132 29 61.82843
397.7211 59.35836 29 61.8618
402.9521 60.50067 29 61.89517
408.3282 58.95007 29 61.92853
414.9412 59.41899 29 61.9619
421.6656 58.07665 29 61.99527
426.2002 58.414 29 62.02863
430.1362 57.98023 29 62.062
433.4921 57.48224 29 62.09537
436.5515 57.27852 29 62.12873
442.9623 57.49006 29 62.1621
448.6516 56.5042 29 62.19547
451.8032 56.21109 29 62.22883
455.2707 54.81518 29 62.2622
460.8671 55.2874 29 62.29557
466.444 55.9419 29 62.32893
468.8965 56.2104 29 62.3623
470.4081 54.26988 29 62.39567
472.8563 56.58857 29 62.42903
475.5049 55.26157 29 62.4624
480.2248 55.97587 29 62.49577
485.495 55.56161 29 62.52913
491.1901 57.13694 29 62.5625
494.2687 56.42106 29 62.59587
497.0126 57.05625 29 62.62923
500.4327 56.91077 29 62.6626
503.3134 56.58366 29 62.69597
506.8112 56.65345 29 62.72933
510.0706 56.95338 29 62.7627
515.61 59.03564 29 62.79607
521.3137 59.87253 29 62.82943
527.3164 58.16663 29 62.8628
532.2157 60.61093 29 62.89617
536.314 59.47323 29 62.92953
540.8109 60.62395 29 62.9629
546.2028 61.82924 29 62.99627
551.2794 61.48757 29 63.02963
556.1761 63.4763 29 63.063
560.9526 64.38464 29 63.09637
563.7854 65.59128 29 63.12973
567.3834 65.09958 29 63.1631
571.1655 65.57341 29 63.19647
575.646 68.88571 29 63.22983
581.133 69.41025 29 63.2632
587.3371 69.91864 29 63.29657
592.9426 71.61736 29 63.32993
597.8234 73.65039 29 63.3633
603.5908 75.46354 29 63.39667
608.5647 76.49742 29 63.43003
614.9266 78.2517 29 63.4634
620.3566 80.61505 29 63.49677
625.4201 81.41429 29 63.53013
631.2561 84.30542 29 63.5635
635.7625 86.31582 29 63.59687
640.7093 87.72165 29 63.63023
644.0731 90.07349 29 63.6636
648.2981 90.23017 29 63.69697
652.2308 93.63938 29 63.73033
657.6715 95.95849 29 63.7637
664.8701 97.90274 29 63.79707
669.8369 101.6307 29 63.83043
674.7124 103.6866 29 63.8638
679.9113 106.4005 29 63.89717
685.4462 109.1311 29 63.93053
690.6069 113.0936 29 63.9639
696.1685 116.186 29 63.99727
701.1768 118.8648 29 64.03063
706.2427 122.1098 29 64.064
711.5944 125.3525 29 64.09737
716.6961 128.8976 29 64.13073
720.1217 131.3048 29 64.1641
723.4938 132.945 29 64.19747
727.1375 135.4081 29 64.23083
729.8459 138.6338 29 64.2642
734.2617 140.2272 29 64.29757
736.6699 142.1803 29 64.33093
739.5412 143.8748 29 64.3643
742.5857 146.1879 29 64.39767
746.5099 151.8253 29 64.43103
752.9495 155.615 29 64.4644
759.3434 157.9585 29 64.49777
763.5222 162.1852 29 64.53113
767.5961 167.1836 29 64.5645
772.3883 170.178 29 64.59787
775.491 174.8477 29 64.63123
778.9281 180.5803 29 64.6646
785.0743 184.964 29 64.69797
792.1125 188.2528 29 64.73133
794.9358 193.9505 29 64.7647
798.9042 199.6994 29 64.79807
803.9853 202.8251 29 64.83143
808.9365 206.2933 29 64.8648
811.2594 210.7832 29 64.89817
813.6705 214.87 29 64.93153
817.0574 218.4845 29 64.9649
821.256 221.9987 29 64.99827
825.9872 225.7661 29 65.03163
828.5264 230.3321 29 65.065
831.0055 234.6092 29 65.09837
831.7312 242.1354 29 65.13173
835.2202 247.5605 29 65.1651
840.0111 253.4131 29 65.19847
844.7799 258.3763 29 65.23183
849.2917 263.2032 29 65.2652
854.8088 267.7824 29 65.29857
859.5924 273.321 29 65.33193
863.0786 278.9047 29 65.3653
864.293 285.2597 29 65.39867
866.9619 286.6311 29 65.43203
867.1355 288.9967 29 65.4654
867.6922 290.8434 29 65.49877
869.9517 292.0205 29 65.53213
871.5306 294.0312 29 65.5655
871.9184 294.8934 29 65.59887
872.9121 297.2024 29 65.63223
874.7147 300.2779 29 65.6656
875.8617 305.6622 29 65.69897
877.7897 312.1753 29 65.73233
881.1695 318.3809 29 65.7657
883.5749 324.1336 29 65.79907
886.6864 329.5868 29 65.83243
889.654 335.4389 29 65.8658
892.5333 340.1044 29 65.89917
892.7883 345.9895 29 65.93253
894.7895 351.6623 29 65.9659
896.7846 353.7064 29 65.99927
894.8243 351.7521 29 66.03263
894.7514 350.9486 29 66.066
894.3591 349.4482 29 66.09937
895.5892 346.9696 29 66.13273
892.1705 344.5415 29 66.1661
890.8493 340.5148 29 66.19947
889.4878 337.8202 29 66.23283
887.9733 334.7692 29 66.2662
886.9522 331.6473 29 66.29957
886.4585 329.2362 29 66.33293
885.5461 326.5548 29 66.3663
884.0423 322.6112 29 66.39967
883.4417 320.3398 29 66.43303
884.3646 318.7194 29 66.4664
880.9565 318.1732 29 66.49977
879.2459 316.1928 29 66.53313
877.8157 313.0876 29 66.5665
877.4568 311.6815 29 66.59987
876.8091 310.5109 29 66.63323
875.4944 307.9735 29 66.6666
874.1359 307.5727 29 66.69997
872.0559 306.8217 29 66.73333
871.0417 305.4438 29 66.7667
870.5303 304.6959 29 66.80007
868.4836 305.0074 29 66.83343
864.7481 306.2736 29 66.8668
861.7938 306.4343 29 66.90017
860.7907 306.5751 29 66.93353
858.7327 305.515 29 66.9669
855.3532 304.6238 29 67.00027
853.3956 304.7317 29 67.03363
852.4675 306.0967 29 67.067
848.0636 308.2747 29 67.10037
845.1304 312.4965 29 67.13373
840.6967 315.9196 29 67.1671
837.0501 320.6723 29 67.20047
834.0197 326.4956 29 67.23383
830.6395 331.6179 29 67.2672
827.2894 336.6628 29 67.30057
824.3336 341.1394 29 67.33393
821.1524 346.4861 29 67.3673
817.4017 351.8146 29 67.40067
813.4276 357.0726 29 67.43403
809.4299 362.4042 29 67.4674
804.7384 367.3946 29 67.50077
800.6798 372.4925 29 67.53413
796.2053 377.9929 29 67.5675
792.3791 383.4005 29 67.60087
788.1669 388.1918 29 67.63423
788.921 394.605 29 67.6676
788.2314 400.9621 29 67.70097
786.4305 407.1867 29 67.73433
784.6564 414.2444 29 67.7677
783.27 421.9835 29 67.80107
781.643 429.7145 29 67.83443
778.5974 435.6502 29 67.8678
775.1213 441.6442 29 67.90117
771.0264 447.3734 29 67.93453
767.4743 453.9798 29 67.9679
763.5584 460.032 29 68.00127
760.5332 466.4785 29 68.03463
757.1858 471.6414 29 68.068
753.6784 477.3774 29 68.10137
749.899 483.0616 29 68.13473
745.7965 488.2256 29 68.1681
741.5393 493.6496 29 68.20147
737.4827 499.0138 29 68.23483
733.4794 503.7558 29 68.2682
729.3287 508.9873 29 68.30157
725.8 513.8608 29 68.33493
722.5622 518.2527 29 68.3683
719.435 522.8016 29 68.40167
716.546 527.0426 29 68.43503
713.6502 531.7769 29 68.4684
710.7028 536.8466 29 68.50177
707.8575 542.1351 29 68.53513
704.0004 547.7054 29 68.5685
700.5743 553.4876 29 68.60187
696.6426 559.4699 29 68.63523
692.8525 564.8785 29 68.6686
688.9719 570.0324 29 68.70197
685.1463 574.8587 29 68.73533
680.8615 579.4855 29 68.7687
676.2769 584.5618 29 68.80207
672.2148 589.3087 29 68.83543
668.5061 593.8965 29 68.8688
664.12 598.1885 29 68.90217
659.5265 602.7916 29 68.93553
655.1885 607.2087 29 68.9689
650.6519 611.2064 29 69.00227
645.8641 615.4152 29 69.03563
640.9964 620.2937 29 69.069
635.9139 624.8308 29 69.10237
630.7565 629.4658 29 69.13573
625.3357 633.7299 29 69.1691
620.3521 638.3975 29 69.20247
615.4725 642.4807 29 69.23583
610.8389 646.9464 29 69.2692
605.751 651.4545 29 69.30257
600.7879 655.5275 29 69.33593
595.3981 659.4136 29 69.3693
590.3618 663.1331 29 69.40267
584.9799 666.6928 29 69.43603
580.1261 669.9591 29 69.4694
574.4793 673.6029 29 69.50277
568.129 678.0451 29 69.53613
562.2324 682.0731 29 69.5695
556.4737 685.799 29 69.60287
551.5589 689.7114 29 69.63623
546.8778 694.0099 29 69.6696
542.6095 698.4728 29 69.70297
538.172 703.1798 29 69.73633
534.467 707.9433 29 69.7697
530.6372 713.0349 29 69.80307
526.2309 718.5325 29 69.83643
521.7127 724.4219 29 69.8698
517.1871 730.6424 29 69.90317
513.5808 736.463 29 69.93653
509.8917 741.5944 29 69.9699
506.2917 747.25 29 70.00327
503.2238 752.7088 29 70.03663
500.2588 758.0477 29 70.07
497.4077 764.1604 29 70.10337
494.7369 770.4285 29 70.13673
493.0354 776.5018 29 70.1701
494.6816 782.8762 29 70.20347
494.4277 789.0258 29 70.23683
492.8576 795.2338 29 70.2702
490.5406 800.7007 29 70.30357
487.7502 805.6378 29 70.33693
483.7068 810.917 29 70.3703
480.4085 815.4878 29 70.40367
477.0267 820.2019 29 70.43703
473.3342 825.5752 29 70.4704
468.9106 831.0257 29 70.50377
464.6665 837.0425 29 70.53713
461.1215 842.2198 29 70.5705
457.6342 847.9724 29 70.60387
453.5725 854.1002 29 70.63723
449.7945 860.3257 29 70.6706
446.2328 866.5711 29 70.70397
442.5043 872.4496 29 70.73733
438.8186 878.2812 29 70.7707
435.5607 884.2455 29 70.80407
432.0961 890.4243 29 70.83743
428.6545 896.3571 29 70.8708
424.9963 902.1668 29 70.90417
421.6183 907.5021 29 70.93753
418.1404 913.109 29 70.9709
414.4844 918.3148 29 71.00427
410.7025 923.8371 29 71.03763
406.6767 929.9045 29 71.071
405.0996 930.1982 29 71.10437
400.3318 929.8307 29 71.13773
397.4568 928.6179 29 71.1711
395.1883 927.3429 29 71.20447
392.211 927.0539 29 71.23783
388.8571 926.4434 29 71.2712
387.0049 926.7377 29 71.30457
386.2828 926.4876 29 71.33793
384.4772 926.2904 29 71.3713
384.5509 926.2371 29 71.40467
384.985 927.0658 29 71.43803
386.6744 926.5522 29 71.4714
387.6953 926.5774 29 71.50477
389.5689 926.6672 29 71.53813
390.0954 926.872 29 71.5715
390.4673 927.3087 29 71.60487
390.5776 926.8444 29 71.63823
390.4969 928.121 29 71.6716
390.9211 927.5705 29 71.70497
390.3082 926.6775 29 71.73833
390.1898 926.8246 29 71.7717
389.767 926.8101 29 71.80507
388.9332 925.7903 29 71.83843
387.2389 925.8329 29 71.8718
386.6957 926.189 29 71.90517
385.3284 926.4234 29 71.93853
384.7992 926.0987 29 71.9719
381.784 925.1624 29 72.00527
381.4219 925.0709 29 72.03863
380.9689 924.0229 29 72.072
379.4871 923.8003 29 72.10537
377.4197 923.26 29 72.13873
375.0266 924.4052 29 72.1721
372.8501 922.7294 29 72.20547
370.2394 922.2489 29 72.23883
369.3606 922.0961 29 72.2722
368.1664 921.6294 29 72.30557
368.5883 920.6467 29 72.33893
367.1271 920.6646 29 72.3723
368.2864 921.8487 29 72.40567
370.8072 922.412 29 72.43903
371.9828 921.7796 29 72.4724
375.4343 921.3338 29 72.50577
379.366 922.1679 29 72.53913
383.5182 924.7698 29 72.5725
388.6506 926.6186 29 72.60587
393.6776 926.7314 29 72.63923
398.8568 928.2134 29 72.6726
405.1154 929.9891 29 72.70597
410.3506 929.6734 29 72.73933
416.6891 929.8792 29 72.7727
423.3202 930.6888 29 72.80607
429.48 932.7155 29 72.83943
436.1987 931.5702 29 72.8728
443.0454 931.1071 29 72.90617
449.57 932.37 29 72.93953
455.9911 934.3109 29 72.9729
460.6454 933.8783 29 73.00627
465.109 934.0723 29 73.03963
470.5669 934.9989 29 73.073
475.3568 934.532 29 73.10637
481.4522 933.5061 29 73.13973
488.0092 932.921 29 73.1731
494.3789 933.2901 29 73.20647
500.8584 933.822 29 73.23983
507.695 933.1259 29 73.2732
513.7104 933.5834 29 73.30657
518.2591 931.6078 29 73.33993
523.0055 932.2166 29 73.3733
527.5464 931.6239 29 73.40667
532.1637 931.2179 29 73.44003
536.2647 931.2847 29 73.4734
542.26 928.9229 29 73.50677
546.6415 929.1773 29 73.54013
550.2155 927.4399 29 73.5735
554.6963 927.7521 29 73.60687
557.7645 928.0555 29 73.64023
561.0163 926.4238 29 73.6736
563.8399 926.2293 29 73.70697
568.8232 923.2918 29 73.74033
575.2541 923.976 29 73.7737
581.9149 922.9014 29 73.80707
587.8294 921.255 29 73.84043
592.7532 920.3902 29 73.8738
598.0938 918.2953 29 73.90717
603.5027 917.708 29 73.94053
607.3018 914.5941 29 73.9739
612.9513 912.6873 29 74.00727
617.2937 912.5104 29 74.04063
621.1077 909.5228 29 74.074
622.2275 910.2764 29 74.10737
620.99 909.7438 29 74.14073
620.1257 911.6219 29 74.1741
614.6494 912.8272 29 74.20747
611.3227 913.8533 29 74.24083
608.3206 917.02 29 74.2742
603.7543 917.6407 29 74.30757
600.8355 919.3186 29 74.34093
594.9638 920.4823 29 74.3743
590.9799 921.6246 29 74.40767
585.8544 923.235 29 74.44103
581.3203 923.2156 29 74.4744
576.2321 925.6867 29 74.50777
570.7233 926.1183 29 74.54113
566.8074 927.5077 29 74.5745
563.2592 928.1248 29 74.60787
558.0582 928.6161 29 74.64123
555.3581 928.8477 29 74.6746
551.8822 927.9235 29 74.70797
550.1484 929.4328 29 74.74133
549.5465 929.0788 29 74.7747
548.9677 929.7032 29 74.80807
548.8454 929.4377 29 74.84143
550.4779 929.5547 29 74.8748
550.6156 929.8125 29 74.90817
551.3237 929.8812 29 74.94153
553.5251 929.2517 29 74.9749
554.7936 928.9211 29 75.00827
558.253 928.1549 29 75.04163
561.0857 927.7485 29 75.075
561.5503 926.6386 29 75.10837
563.6752 927.0121 29 75.14173
563.4527 927.0842 29 75.1751
564.3113 926.9819 29 75.20847
562.3268 927.4953 29 75.24183
560.0598 927.9434 29 75.2752
556.8565 928.8409 29 75.30857
552.0347 929.33 29 75.34193
545.4134 930.5977 29 75.3753
541.3421 930.0743 29 75.40867
537.5267 931.8817 29 75.44203
532.5816 933.7159 29 75.4754
528.7783 932.7164 29 75.50877
521.9104 933.7402 29 75.54213
518.3896 933.5544 29 75.5755
513.5353 934.0339 29 75.60887
509.9528 934.9399 29 75.64223
507.4442 933.8936 29 75.6756
507.5791 933.2444 29 75.70897
510.7448 933.5169 29 75.74233
512.6513 933.3304 29 75.7757
516.4303 933.3238 29 75.80907
519.478 932.9846 29 75.84243
524.2461 931.2053 29 75.8758
525.9371 932.0575 29 75.90917
529.8562 931.1102 29 75.94253
534.5584 931.4995 29 75.9759
539.1782 930.1259 29 76.00927
544.3737 929.968 29 76.04263
548.7265 928.7526 29 76.076
553.6327 927.5961 29 76.10937
557.3404 927.2123 29 76.14273
560.8269 926.9409 29 76.1761
564.5539 925.2309 29 76.20947
568.5807 925.7592 29 76.24283
574.3729 922.5064 29 76.2762
578.9359 922.014 29 76.30957
585.6346 922.3514 29 76.34293
589.5457 919.3837 29 76.3763
595.5614 915.8108 29 76.40967
602.7014 914.9246 29 76.44303
609.1361 914.9468 29 76.4764
615.9168 912.7647 29 76.50977
620.3171 909.934 29 76.54313
625.9068 908.5658 29 76.5765
630.8139 907.3182 29 76.60987
636.4159 905.1305 29 76.64323
641.9336 904.3071 29 76.6766
648.5772 901.0485 29 76.70997
654.2966 898.0038 29 76.74333
660.7575 894.2572 29 76.7767
666.5753 892.2852 29 76.81007
671.9471 888.7727 29 76.84343
677.4242 887.6492 29 76.8768
681.6204 886.1617 29 76.91017
686.5878 883.3945 29 76.94353
691.4124 880.3731 29 76.9769
695.822 877.3828 29 77.01027
700.0353 875.0338 29 77.04363
704.6448 873.0662 29 77.077
708.4542 871.4889 29 77.11037
711.1931 869.0296 29 77.14373
712.9435 869.2602 29 77.1771
712.5711 868.728 29 77.21047
710.8242 869.7668 29 77.24383
707.911 871.1583 29 77.2772
702.7994 874.5391 29 77.31057
698.5464 877.695 29 77.34393
693.399 879.4678 29 77.3773
688.6593 882.4508 29 77.41067
684.2166 885.0017 29 77.44403
680.3406 886.7135 29 77.4774
675.6598 888.8729 29 77.51077
670.1088 891.5676 29 77.54413
669.4136 893.3761 29 77.5775
669.2681 892.8371 29 77.61087
667.2794 894.2609 29 77.64423
665.4422 894.2773 29 77.6776
663.65 895.5881 29 77.71097
661.4118 895.8617 29 77.74433
658.6343 897.3032 29 77.7777
656.1563 897.7769 29 77.81107
653.6157 900.3658 29 77.84443
647.0993 902.2742 29 77.8778
641.188 902.9808 29 77.91117
640.3465 902.8668 29 77.94453
638.1118 905.6957 29 77.9779
636.64 906.0474 29 78.01127
635.6516 906.7479 29 78.04463
634.3933 907.2871 29 78.078
631.5195 908.3872 29 78.11137
629.4063 909.1425 29 78.14473
624.4888 910.8606 29 78.1781
622.1332 910.1918 29 78.21147
622.1399 911.4584 29 78.24483
622.9309 911.2904 29 78.2782
620.0728 912.1571 29 78.31157
616.7637 911.8588 29 78.34493
615.5918 913.9208 29 78.3783
614.5731 914.0571 29 78.41167
610.2431 915.0998 29 78.44503
607.8614 915.4199 29 78.4784
607.3004 915.784 29 78.51177
604.9834 916.4987 29 78.54513
601.7594 916.828 29 78.5785
600.3741 918.3883 29 78.61187
600.4559 918.4975 29 78.64523
601.1366 918.3171 29 78.6786
599.4882 918.6109 29 78.71197
596.0334 919.2852 29 78.74533
595.0066 919.9862 29 78.7787
594.7358 920.0705 29 78.81207
593.1337 920.3936 29 78.84543
593.3093 920.6743 29 78.8788
590.9777 920.9368 29 78.91217
589.1283 921.4261 29 78.94553
585.5557 920.8294 29 78.9789
584.7461 921.1075 29 79.01227
583.273 922.7063 29 79.04563
581.3386 922.5155 29 79.079
582.4965 923.7194 29 79.11237
580.9294 924.3494 29 79.14573
580.6462 924.1119 29 79.1791
580.1532 923.7053 29 79.21247
579.5536 923.6363 29 79.24583
578.2605 924.1988 29 79.2792
573.3707 924.381 29 79.31257
570.9889 924.1968 29 79.34593
570.0755 925.3313 29 79.3793
568.7357 925.8333 29 79.41267
567.7802 926.744 29 79.44603
567.348 926.9913 29 79.4794
565.0653 927.5466 29 79.51277
562.1396 927.6186 29 79.54613
559.931 928.2862 29 79.5795
560.5768 928.167 29 79.61287
561.074 928.2318 29 79.64623
560.7016 928.0207 29 79.6796
561.5016 928.0377 29 79.71297
561.4451 927.8619 29 79.74633
561.1541 927.7024 29 79.7797
559.5757 927.794 29 79.81307
557.6576 927.8539 29 79.84643
556.5455 927.9258 29 79.8798
554.7028 928.6057 29 79.91317
553.7865 928.8271 29 79.94653
554.0571 928.8696 29 79.9799
553.1932 929.1576 29 80.01327
552.1019 929.4253 29 80.04663
549.7919 929.5182 29 80.08
548.1129 930.162 29 80.11337
546.6754 930.4802 29 80.14673
544.7238 931.3297 29 80.1801
542.6379 930.8654 29 80.21347
540.4633 930.6559 29 80.24683
539.5138 931.3119 29 80.2802
537.3037 930.7992 29 80.31357
535.5102 931.9393 29 80.34693
534.4448 931.9077 29 80.3803
534.373 931.8299 29 80.41367
532.6436 931.722 29 80.44703
528.0254 932.8015 29 80.4804
528.4269 931.5622 29 80.51377
526.653 932.5708 29 80.54713
522.9247 933.3317 29 80.5805
521.6708 932.6669 29 80.61387
521.8658 933.4305 29 80.64723
519.8127 933.8659 29 80.6806
520.1705 933.701 29 80.71397
521.1729 933.6582 29 80.74733
520.3746 933.5218 29 80.7807
520.4846 933.5144 29 80.81407
519.4003 933.6187 29 80.84743
517.9727 933.6314 29 80.8808
517.9914 934.0324 29 80.91417
517.9404 933.9698 29 80.94753
516.6973 933.9841 29 80.9809
515.3053 934.0468 29 81.01427
513.4103 933.1538 29 81.04763
512.1259 934.0251 29 81.081
511.8799 934.7943 29 81.11437
508.9707 934.6835 29 81.14773
508.1625 934.6376 29 81.1811
508.9257 934.8766 29 81.21447
507.1559 934.8674 29 81.24783
508.0647 934.4875 29 81.2812
508.295 934.5394 29 81.31457
509.1661 934.0779 29 81.34793
511.3324 933.872 29 81.3813
510.6069 934.9778 29 81.41467
511.4137 934.4512 29 81.44803
508.8451 935.0328 29 81.4814
