128.8171 221.9183 31 0
129.5583 223.0633 31 0.03336667
131.558 225.6887 31 0.06673333
134.3145 228.1142 31 0.1001
137.5289 231.5414 31 0.1334667
141.8301 235.3598 31 0.1668333
146.9494 238.1843 31 0.2002
153.9801 241.4732 31 0.2335667
162.8968 242.9849 31 0.2669333
169.8692 246.1696 31 0.3003
176.8893 250.1924 31 0.3336667
183.8133 253.9733 31 0.3670333
190.0346 257.9745 31 0.4004
195.8096 261.829 31 0.4337667
201.9571 266.0962 31 0.4671333
208.1035 270.1364 31 0.5005
214.1542 273.6296 31 0.5338667
220.4189 278.0289 31 0.5672333
227.6161 280.593 31 0.6006
233.7317 284.1703 31 0.6339667
240.2364 287.9042 31 0.6673333
246.1441 291.9545 31 0.7007
252.1549 296.0601 31 0.7340667
258.6908 300.2095 31 0.7674333
264.5253 304.112 31 0.8008
270.6992 308.6378 31 0.8341667
276.0916 312.0489 31 0.8675333
282.069 316.9033 31 0.9009
287.6844 321.275 31 0.9342667
293.8251 326.2021 31 0.9676333
298.3726 330.2599 31 1.001
305.1625 334.2651 31 1.034367
311.103 338.2421 31 1.067733
317.5741 343.8609 31 1.1011
324.7465 348.0802 31 1.134467
331.3935 353.0555 31 1.167833
339.2402 358.2628 31 1.2012
344.6138 362.8217 31 1.234567
349.8896 367.3925 31 1.267933
354.8931 371.9528 31 1.3013
356.6363 376.8407 31 1.334667
358.2319 383.3129 31 1.368033
358.9477 390.2551 31 1.4014
357.8133 397.8025 31 1.434767
359.1192 405.516 31 1.468133
358.5828 413.0255 31 1.5015
357.3077 420.0597 31 1.534867
358.1354 423.8517 31 1.568233
359.4565 427.123 31 1.6016
361.179 432.0547 31 1.634967
364.3129 437.4952 31 1.668333
366.8967 442.4371 31 1.7017
368.6914 445.9414 31 1.735067
371.4072 449.4626 31 1.768433
374.9938 454.146 31 1.8018
379.7154 459.1329 31 1.835167
383.4511 463.3141 31 1.868533
387.5596 465.5344 31 1.9019
392.3233 469.3256 31 1.935267
398.6175 473.1516 31 1.968633
403.6652 477.9447 31 2.002
409.3781 482.4764 31 2.035367
415.0943 486.5933 31 2.068733
420.8046 490.8048 31 2.1021
426.6657 494.0849 31 2.135467
431.9815 497.2001 31 2.168833
438.5638 501.2414 31 2.2022
445.0996 505.0903 31 2.235567
450.7226 508.3671 31 2.268933
456.3227 511.5442 31 2.3023
462.0358 514.1399 31 2.335667
468.7118 517.0953 31 2.369033
475.217 519.8712 31 2.4024
480.9376 522.2931 31 2.435767
484.8272 522.7816 31 2.469133
489.3265 523.6676 31 2.5025
495.0361 524.6041 31 2.535867
502.4546 526.3276 31 2.569233
508.5532 527.7585 31 2.6026
514.4748 525.8428 31 2.635967
520.4156 526.0767 31 2.669333
527.3701 525.8198 31 2.7027
533.3932 525.395 31 2.736067
539.0882 524.8688 31 2.769433
546.7652 523.1766 31 2.8028
553.5043 521.2857 31 2.836167
561.056 518.8278 31 2.869533
568.6545 517.6662 31 2.9029
575.6076 515.966 31 2.936267
582.8893 514.1704 31 2.969633
589.7851 513.2566 31 3.003
596.8546 512.6207 31 3.036367
603.587 512.3583 31 3.069733
610.6677 511.8305 31 3.1031
617.151 511.2417 31 3.136467
624.2642 510.1565 31 3.169833
630.7158 509.6579 31 3.2032
637.2053 509.3069 31 3.236567
643.7989 509.224 31 3.269933
648.8055 509.5496 31 3.3033
653.2896 508.7953 31 3.336667
658.3543 508.2756 31 3.370033
664.6857 507.8929 31 3.4034
671.5352 508.1711 31 3.436767
678.6064 508.0884 31 3.470133
684.6245 508.5327 31 3.5035
690.6861 508.4951 31 3.536867
697.421 508.4637 31 3.570233
704.2551 507.9336 31 3.6036
710.6132 506.6614 31 3.636967
717.4608 506.3934 31 3.670333
724.7646 505.2308 31 3.7037
731.1863 504.3853 31 3.737067
737.6234 503.3718 31 3.770433
743.5447 501.3382 31 3.8038
751.4607 499.8535 31 3.837167
757.7657 496.7139 31 3.870533
764.7319 494.3702 31 3.9039
771.2592 491.5081 31 3.937267
777.8741 488.7477 31 3.970633
783.8637 485.8383 31 4.004
790.422 482.5507 31 4.037367
796.6598 479.4349 31 4.070733
802.4373 476.5728 31 4.1041
807.9986 473.5866 31 4.137467
813.8276 470.551 31 4.170833
818.6685 468.472 31 4.2042
822.0496 465.0965 31 4.237567
827.3005 461.3939 31 4.270933
832.3909 457.0291 31 4.3043
836.8901 453.015 31 4.337667
841.4614 447.7546 31 4.371033
846.431 442.5901 31 4.4044
850.8616 437.14 31 4.437767
852.1194 431.1922 31 4.471133
853.1546 423.8796 31 4.5045
855.034 417.897 31 4.537867
857.8743 412.6089 31 4.571233
860.6085 407.8823 31 4.6046
863.0979 401.5695 31 4.637967
867.1676 396.5449 31 4.671333
868.403 390.5361 31 4.7047
869.743 384.9649 31 4.738067
872.4439 380.2444 31 4.771433
873.895 375.8571 31 4.8048
873.4435 374.3091 31 4.838167
873.9223 371.5714 31 4.871533
876.6074 369.2777 31 4.9049
877.7565 368.2607 31 4.938267
878.9504 366.8456 31 4.971633
878.7398 366.8318 31 5.005
878.8937 368.2655 31 5.038367
878.5214 369.6083 31 5.071733
879.5372 370.4426 31 5.1051
880.1506 371.5582 31 5.138467
880.9365 371.1604 31 5.171833
881.1326 370.4812 31 5.2052
881.2323 369.2116 31 5.238567
881.1277 370.4452 31 5.271933
882.0143 371.4988 31 5.3053
882.8262 371.838 31 5.338667
884.5386 369.9494 31 5.372033
882.8811 371.015 31 5.4054
882.0416 371.6983 31 5.438767
880.3238 371.277 31 5.472133
878.4944 369.0312 31 5.5055
876.6477 364.8315 31 5.538867
876.3778 359.9747 31 5.572233
873.9732 354.0743 31 5.6056
872.0833 347.6643 31 5.638967
870.6576 341.2604 31 5.672333
868.5355 334.8839 31 5.7057
865.6098 328.6308 31 5.739067
864.0738 322.086 31 5.772433
861.6552 315.2797 31 5.8058
857.9369 308.2975 31 5.839167
854.6226 301.0582 31 5.872533
851.7759 294.5491 31 5.9059
849.1774 287.6578 31 5.939267
846.8618 280.9801 31 5.972633
843.8766 274.0063 31 6.006
841.0029 267.5287 31 6.039367
838.1425 260.8426 31 6.072733
834.3307 254.3719 31 6.1061
830.7663 248.0468 31 6.139467
827.1224 241.6767 31 6.172833
822.7676 235.24 31 6.2062
818.438 229.4724 31 6.239567
814.1662 222.2703 31 6.272933
810.4682 215.7475 31 6.3063
806.9531 209.3368 31 6.339667
802.858 202.631 31 6.373033
799.1081 196.3218 31 6.4064
794.2689 192.3548 31 6.439767
788.418 188.8476 31 6.473133
782.6427 183.9626 31 6.5065
777.2324 178.5127 31 6.539867
772.5917 173.3521 31 6.573233
769.7582 167.6476 31 6.6066
762.5307 166.3615 31 6.639967
758.9851 161.6993 31 6.673333
753.7661 156.7948 31 6.7067
749.2584 151.0371 31 6.740067
743.4248 147.8588 31 6.773433
740.5363 145.125 31 6.8068
739.6625 145.1529 31 6.840167
738.1683 142.7587 31 6.873533
735.1368 141.254 31 6.9069
732.5657 140.587 31 6.940267
731.0168 138.3122 31 6.973633
728.8042 137.4113 31 7.007
726.5269 135.4755 31 7.040367
725.7381 134.9338 31 7.073733
723.607 133.0427 31 7.1071
719.7004 131.1532 31 7.140467
716.0068 129.6253 31 7.173833
714.6454 126.6164 31 7.2072
711.1996 124.9998 31 7.240567
709.1981 123.3902 31 7.273933
705.4818 121.8544 31 7.3073
703.0424 120.086 31 7.340667
701.647 120.0011 31 7.374033
699.4179 118.122 31 7.4074
696.9691 117.8212 31 7.440767
696.2449 115.3355 31 7.474133
693.1655 113.0668 31 7.5075
691.6459 112.5631 31 7.540867
687.0331 111.0949 31 7.574233
682.489 107.4304 31 7.6076
675.9886 106.6063 31 7.640967
673.1484 104.0711 31 7.674333
670.3371 101.3476 31 7.7077
664.0876 99.56466 31 7.741067
658.2211 96.77661 31 7.774433
652.8277 94.10919 31 7.8078
646.6372 92.41171 31 7.841167
639.7481 89.66333 31 7.874533
634.4557 85.49485 31 7.9079
628.8841 83.90683 31 7.941267
623.6371 82.85749 31 7.974633
620.2743 80.19743 31 8.008
613.6056 80.06987 31 8.041367
609.9008 77.37042 31 8.074733
605.1953 76.09452 31 8.1081
600.0985 75.14086 31 8.141467
593.6477 72.77533 31 8.174833
587.5873 70.12262 31 8.2082
581.0542 69.75612 31 8.241567
574.3938 67.83684 31 8.274933
567.9673 65.98391 31 8.3083
560.9434 65.52992 31 8.341667
559.0816 63.12138 31 8.375033
558.8082 62.6778 31 8.4084
558.2609 65.15894 31 8.441767
557.1652 63.82009 31 8.475133
553.6413 63.59849 31 8.5085
549.4967 64.41016 31 8.541867
543.9103 64.06007 31 8.575233
540.3244 61.8416 31 8.6086
540.4134 60.57714 31 8.641967
541.0836 61.99836 31 8.675333
539.2678 61.90283 31 8.7087
537.3275 60.93202 31 8.742067
535.9226 61.10345 31 8.775433
531.3185 59.21361 31 8.8088
525.8447 58.40734 31 8.842167
523.2997 58.55155 31 8.875533
519.078 57.87517 31 8.9089
515.7674 57.66546 31 8.942267
514.5846 55.96642 31 8.975633
515.7968 56.43447 31 9.009
517.2532 56.34911 31 9.042367
517.5305 56.14399 31 9.075733
517.8515 58.19164 31 9.1091
518.0248 61.01908 31 9.142467
517.7056 60.04155 31 9.175833
519.0857 58.15187 31 9.2092
520.6585 55.40426 31 9.242567
520.8016 57.23168 31 9.275933
522.4358 58.09089 31 9.3093
520.8138 57.87986 31 9.342667
521.0432 56.46548 31 9.376033
523.2138 58.23083 31 9.4094
524.9133 60.10354 31 9.442767
525.0086 63.25638 31 9.476133
526.3108 66.79181 31 9.5095
525.528 68.85195 31 9.542867
527.0591 73.11727 31 9.576233
528.2735 78.23925 31 9.6096
525.8896 81.51811 31 9.642967
526.3396 83.54077 31 9.676333
526.0166 84.68713 31 9.7097
526.8255 87.36466 31 9.743067
527.3981 90.59414 31 9.776433
527.8421 96.18764 31 9.8098
528.127 102.1384 31 9.843167
525.07 104.3768 31 9.876533
523.7965 106.2075 31 9.9099
523.5995 108.1726 31 9.943267
523.4107 109.7219 31 9.976633
521.1157 108.8397 31 10.01
519.8204 111.5 31 10.04337
514.3708 115.697 31 10.07673
511.4783 121.9063 31 10.1101
505.6684 128.6192 31 10.14347
502.2784 136.3726 31 10.17683
500.7284 144.0023 31 10.2102
496.936 150.587 31 10.24357
495.069 158.1694 31 10.27693
493.6359 165.6947 31 10.3103
493.1077 172.6617 31 10.34367
493.7407 179.8584 31 10.37703
493.0878 186.7153 31 10.4104
493.5491 194.8462 31 10.44377
493.7105 203.3349 31 10.47713
494.2242 210.9345 31 10.5105
494.1336 219.2221 31 10.54387
493.5073 226.8266 31 10.57723
493.2845 234.3266 31 10.6106
492.8239 241.4967 31 10.64397
492.8903 248.772 31 10.67733
492.7354 256.5188 31 10.7107
492.789 264.0881 31 10.74407
493.2255 271.5436 31 10.77743
493.2996 279.1936 31 10.8108
493.1339 286.635 31 10.84417
492.7129 293.2564 31 10.87753
491.8311 300.6424 31 10.9109
490.1371 308.1833 31 10.94427
488.3228 315.4709 31 10.97763
485.8619 322.687 31 11.011
483.3755 329.6533 31 11.04437
480.4084 336.3668 31 11.07773
477.8888 342.981 31 11.1111
474.4991 349.4762 31 11.14447
471.8566 355.7351 31 11.17783
469.0791 362.229 31 11.2112
466.2486 368.5954 31 11.24457
463.9056 375.4199 31 11.27793
462.5992 382.5126 31 11.3113
460.1608 389.8908 31 11.34467
458.2778 397.4621 31 11.37803
456.9235 404.3401 31 11.4114
455.5584 411.5733 31 11.44477
453.1441 419.1261 31 11.47813
451.6068 427.0682 31 11.5115
449.9459 434.4797 31 11.54487
448.065 442.1627 31 11.57823
446.593 449.6091 31 11.6116
445.4672 457.2024 31 11.64497
444.906 464.1497 31 11.67833
444.7441 470.7722 31 11.7117
444.3705 479.1619 31 11.74507
443.7071 486.6356 31 11.77843
443.4975 494.379 31 11.8118
443.4168 501.6149 31 11.84517
441.4564 508.3899 31 11.87853
439.6148 515.4576 31 11.9119
437.6304 522.849 31 11.94527
436.1884 530.0153 31 11.97863
434.7924 536.3591 31 12.012
433.9483 542.4175 31 12.04537
433.8149 549.2199 31 12.07873
432.1757 555.906 31 12.1121
430.5038 563.2989 31 12.14547
428.7425 570.5796 31 12.17883
427.649 577.5478 31 12.2122
426.3887 584.6819 31 12.24557
425.1082 592.2191 31 12.27893
424.2806 600.3041 31 12.3123
423.606 607.8666 31 12.34567
423.1733 615.1275 31 12.37903
422.493 622.6254 31 12.4124
422.214 629.8493 31 12.44577
422.0597 636.5275 31 12.47913
422.6089 643.2175 31 12.5125
420.7927 644.3673 31 12.54587
418.9919 645.4657 31 12.57923
417.198 648.5468 31 12.6126
414.583 651.1523 31 12.64597
411.535 655.6019 31 12.67933
410.0172 659.5873 31 12.7127
407.8583 665.9494 31 12.74607
406.6609 673.087 31 12.77943
406.9458 679.1815 31 12.8128
410.1811 683.223 31 12.84617
413.1897 688.579 31 12.87953
415.6512 692.8109 31 12.9129
418.8342 698.1344 31 12.94627
422.1919 702.6745 31 12.97963
425.7195 708.158 31 13.013
429.1511 714.1251 31 13.04637
432.9295 719.8519 31 13.07973
436.8137 726.0928 31 13.1131
441.1524 731.0081 31 13.14647
446.3664 735.3801 31 13.17983
451.3232 741.2574 31 13.2132
456.8484 746.9618 31 13.24657
462.1251 752.4411 31 13.27993
466.9791 757.6007 31 13.3133
472.0364 762.1554 31 13.34667
476.8331 767.0195 31 13.38003
481.786 771.3603 31 13.4134
487.2704 775.4345 31 13.44677
492.9249 779.6948 31 13.48013
500.1627 783.1332 31 13.5135
506.8069 786.2221 31 13.54687
513.6226 789.9093 31 13.58023
520.4339 792.3239 31 13.6136
526.9798 794.346 31 13.64697
534.504 795.6473 31 13.68033
542.54 797.3095 31 13.7137
550.1584 798.5511 31 13.74707
557.7011 799.1669 31 13.78043
564.8461 798.87 31 13.8138
572.2054 799.0257 31 13.84717
579.984 798.5414 31 13.88053
587.5103 797.7678 31 13.9139
594.6406 797.212 31 13.94727
601.8811 796.7407 31 13.98063
608.8868 796.0286 31 14.014
615.8506 795.2224 31 14.04737
622.9443 794.8736 31 14.08073
629.9774 794.4305 31 14.1141
637.2753 794.0219 31 14.14747
644.5332 792.703 31 14.18083
651.7914 791.0519 31 14.2142
659.3183 789.9821 31 14.24757
666.0708 787.8073 31 14.28093
672.6142 785.7571 31 14.3143
678.5969 782.4508 31 14.34767
685.1087 778.5976 31 14.38103
691.6302 774.9776 31 14.4144
697.9408 771.1133 31 14.44777
703.8913 767.6614 31 14.48113
709.7172 763.5061 31 14.5145
715.1476 759.6509 31 14.54787
720.1776 755.4838 31 14.58123
725.4589 750.9348 31 14.6146
730.8073 746.6146 31 14.64797
736.4279 741.6703 31 14.68133
742.0709 736.6722 31 14.7147
747.6759 731.5721 31 14.74807
752.6582 726.3495 31 14.78143
758.2961 721.1151 31 14.8148
764.535 719.2537 31 14.84817
770.55 717.0562 31 14.88153
778.4399 716.76 31 14.9149
786.5057 714.1586 31 14.94827
793.1049 710.1224 31 14.98163
799.209 705.8587 31 15.015
807.4925 702.7476 31 15.04837
815.2679 699.3701 31 15.08173
821.8269 695.4414 31 15.1151
827.8309 691.1817 31 15.14847
833.5938 686.9308 31 15.18183
839.0291 682.8047 31 15.2152
844.2513 678.675 31 15.24857
849.1555 674.2933 31 15.28193
853.9477 670.3205 31 15.3153
859.1262 665.3831 31 15.34867
863.5785 660.5569 31 15.38203
868.3205 655.0267 31 15.4154
873.6229 650.4234 31 15.44877
877.9533 646.3143 31 15.48213
882.8386 642.7565 31 15.5155
888.1885 638.8191 31 15.54887
893.7652 634.511 31 15.58223
896.5824 629.9275 31 15.6156
895.885 625.4148 31 15.64897
898.2744 619.5479 31 15.68233
901.9745 614.2643 31 15.7157
901.8646 608.5084 31 15.74907
902.438 602.897 31 15.78243
904.2745 597.7945 31 15.8158
906.6156 592.2889 31 15.84917
909.2572 586.6674 31 15.88253
908.3591 582.3825 31 15.9159
910.5982 577.6359 31 15.94927
911.3357 572.2772 31 15.98263
911.7468 565.9471 31 16.016
912.4983 560.4426 31 16.04937
914.3238 555.0482 31 16.08273
914.4704 549.236 31 16.1161
914.4823 543.2161 31 16.14947
915.2644 539.2413 31 16.18283
915.5677 539.9101 31 16.2162
916.2939 538.1723 31 16.24957
917.8218 538.2587 31 16.28293
914.6999 538.0018 31 16.3163
912.5674 537.9009 31 16.34967
910.9868 537.464 31 16.38303
910.137 537.689 31 16.4164
909.375 536.7589 31 16.44977
906.1557 536.9744 31 16.48313
903.5683 537.8376 31 16.5165
899.5116 536.8123 31 16.54987
893.9855 536.945 31 16.58323
887.5278 535.7899 31 16.6166
880.9697 533.6812 31 16.64997
880.1687 529.9941 31 16.68333
881.3651 525.4579 31 16.7167
879.9565 520.2757 31 16.75007
877.9739 515.8491 31 16.78343
876.5316 510.7782 31 16.8168
873.4215 506.5824 31 16.85017
872.5959 502.4985 31 16.88353
870.6408 496.7608 31 16.9169
867.7593 490.0252 31 16.95027
865.4492 484.346 31 16.98363
862.0331 479.3173 31 17.017
857.4786 473.8104 31 17.05037
853.5945 469.8379 31 17.08373
848.9588 465.1467 31 17.1171
842.6129 461.3807 31 17.15047
836.8286 457.8514 31 17.18383
831.5466 453.7012 31 17.2172
826.0435 450.3849 31 17.25057
820.3626 448.4941 31 17.28393
814.3851 444.7678 31 17.3173
807.7447 440.4848 31 17.35067
801.3828 437.0662 31 17.38403
795.3718 433.7705 31 17.4174
789.465 430.3949 31 17.45077
783.2715 427.1438 31 17.48413
776.8808 424.031 31 17.5175
771.3233 420.9228 31 17.55087
764.8383 418.243 31 17.58423
757.9323 414.7081 31 17.6176
750.5191 411.7563 31 17.65097
743.835 409.398 31 17.68433
737.3504 406.4341 31 17.7177
731.126 403.9377 31 17.75107
724.7729 401.9446 31 17.78443
718.13 400.5057 31 17.8178
711.9686 398.3557 31 17.85117
704.7078 396.338 31 17.88453
697.4371 394.218 31 17.9179
690.4288 392.5274 31 17.95127
683.5714 390.4788 31 17.98463
677.0117 388.7121 31 18.018
670.2444 387.2582 31 18.05137
667.0472 380.6224 31 18.08473
663.7812 374.8758 31 18.1181
657.6257 369.4816 31 18.15147
652.5723 362.6804 31 18.18483
646.6686 356.4464 31 18.2182
641.7514 352.5827 31 18.25157
638.1466 347.5677 31 18.28493
634.0939 343.7635 31 18.3183
627.9373 341.3913 31 18.35167
622.7879 339.5121 31 18.38503
616.3288 335.9706 31 18.4184
610.5556 334.5817 31 18.45177
604.3393 332.9743 31 18.48513
598.4202 330.0637 31 18.5185
591.7161 327.8593 31 18.55187
584.131 325.553 31 18.58523
577.0849 323.6909 31 18.6186
570.1112 321.468 31 18.65197
562.8112 320.2729 31 18.68533
555.7708 316.9009 31 18.7187
549.3051 314.2765 31 18.75207
542.7352 311.6412 31 18.78543
536.3788 309.4101 31 18.8188
530.0431 308.0731 31 18.85217
523.2365 306.2544 31 18.88553
516.0968 304.5478 31 18.9189
507.7199 303.262 31 18.95227
501.0411 301.9822 31 18.98563
494.5439 300.3524 31 19.019
488.263 298.7999 31 19.05237
480.6771 298.1345 31 19.08573
473.301 297.0953 31 19.1191
466.1015 296.9706 31 19.15247
457.5752 296.0919 31 19.18583
449.9991 295.5909 31 19.2192
442.5798 295.4805 31 19.25257
435.3355 294.7282 31 19.28593
427.8243 294.2678 31 19.3193
420.8264 294.8126 31 19.35267
413.6728 295.5003 31 19.38603
406.3806 296.2922 31 19.4194
400.3507 298.247 31 19.45277
393.1083 299.4536 31 19.48613
385.7546 302.307 31 19.5195
378.0457 305.1382 31 19.55287
371.2117 307.5936 31 19.58623
364.827 309.5375 31 19.6196
357.7904 311.197 31 19.65297
350.7949 313.5596 31 19.68633
343.3724 316.7594 31 19.7197
336.6203 319.0949 31 19.75307
330.494 321.8918 31 19.78643
324.8977 325.7981 31 19.8198
318.5195 329.0661 31 19.85317
312.539 333.2198 31 19.88653
306.9278 337.5264 31 19.9199
300.6296 342.0068 31 19.95327
294.2227 346.2874 31 19.98663
287.9289 350.4114 31 20.02
281.9491 354.6229 31 20.05337
275.7002 359.4413 31 20.08673
269.5092 364.2308 31 20.1201
264.2366 368.6293 31 20.15347
259.0974 372.721 31 20.18683
253.226 376.8652 31 20.2202
247.1272 381.4019 31 20.25357
241.1162 385.655 31 20.28693
235.8441 390.1156 31 20.3203
230.6963 394.9014 31 20.35367
225.7164 399.3723 31 20.38703
220.0281 404.7354 31 20.4204
214.7826 409.7821 31 20.45377
210.5743 414.5632 31 20.48713
205.9125 419.3932 31 20.5205
201.3128 425.1751 31 20.55387
195.6724 430.1819 31 20.58723
190.4807 434.9327 31 20.6206
184.9191 439.4009 31 20.65397
179.3184 444.6737 31 20.68733
173.5371 450.3516 31 20.7207
167.3243 456.587 31 20.75407
162.6947 461.6369 31 20.78743
158.7023 466.6188 31 20.8208
154.3605 472.4738 31 20.85417
150.149 477.9084 31 20.88753
145.4903 483.5772 31 20.9209
142.5723 489.7728 31 20.95427
138.2668 496.9185 31 20.98763
135.5674 504.1061 31 21.021
132.299 509.8107 31 21.05437
128.6811 515.8389 31 21.08773
125.9577 521.7401 31 21.1211
122.8141 527.5129 31 21.15447
119.9827 533.7685 31 21.18783
116.329 540.0912 31 21.2212
112.5865 546.8595 31 21.25457
107.9761 553.0626 31 21.28793
104.2755 559.4634 31 21.3213
99.48117 565.7621 31 21.35467
93.82181 571.1669 31 21.38803
91.28297 577.1041 31 21.4214
86.09282 581.6186 31 21.45477
81.17463 586.3867 31 21.48813
76.01863 591.0908 31 21.5215
70.71036 595.9066 31 21.55487
64.46381 599.4292 31 21.58823
57.9763 599.6496 31 21.6216
51.01303 598.7576 31 21.65497
46.38787 596.4744 31 21.68833
45.80083 595.426 31 21.7217
45.16442 599.0442 31 21.75507
47.35738 602.7968 31 21.78843
48.21174 607.1024 31 21.8218
48.45731 607.2357 31 21.85517
48.14908 605.4828 31 21.88853
47.51766 605.3684 31 21.9219
47.38879 604.2231 31 21.95527
48.06867 604.8451 31 21.98863
45.49575 602.9796 31 22.022
47.29174 603.7363 31 22.05537
46.81932 603.6415 31 22.08873
47.98812 603.9147 31 22.1221
47.95439 605.5459 31 22.15547
48.3051 606.6706 31 22.18883
48.0629 605.737 31 22.2222
47.12436 605.2671 31 22.25557
48.58973 606.4367 31 22.28893
48.16959 607.6451 31 22.3223
48.95895 609.8076 31 22.35567
49.48281 613.4726 31 22.38903
49.54126 616.1263 31 22.4224
53.34219 619.0222 31 22.45577
54.58568 622.4454 31 22.48913
53.24339 625.6871 31 22.5225
57.15804 628.0868 31 22.55587
56.32246 633.1011 31 22.58923
61.34404 638.6989 31 22.6226
63.93425 643.982 31 22.65597
64.74165 650.6927 31 22.68933
67.12954 657.2276 31 22.7227
69.64628 660.4535 31 22.75607
69.85264 663.6742 31 22.78943
69.73325 667.917 31 22.8228
72.41484 672.0481 31 22.85617
75.1966 677.182 31 22.88953
77.02692 683.3647 31 22.9229
79.05181 686.8811 31 22.95627
80.84249 690.375 31 22.98963
82.92262 694.1034 31 23.023
85.81713 697.4916 31 23.05637
87.96384 699.8006 31 23.08973
89.00261 702.5392 31 23.1231
87.71496 704.996 31 23.15647
92.1378 707.8278 31 23.18983
92.3176 709.521 31 23.2232
92.98524 713.6232 31 23.25657
95.86662 720.3113 31 23.28993
95.86662 720.3113 31 23.3233
98.52691 725.0624 31 23.35667
105.3678 735.8159 31 23.39003
105.3678 735.8159 31 23.4234
109.8278 741.8226 31 23.45677
118.8576 752.686 31 23.49013
118.8576 752.686 31 23.5235
124.113 758.3301 31 23.55687
134.1731 769.9615 31 23.59023
134.1731 769.9615 31 23.6236
143.0626 781.7141 31 23.65697
147.2257 787.0647 31 23.69033
147.2257 787.0647 31 23.7237
156.4278 798.1853 31 23.75707
160.5752 804.2317 31 23.79043
160.5752 804.2317 31 23.8238
172.479 810.8892 31 23.85717
176.6985 815.3106 31 23.89053
180.1978 821.0796 31 23.9239
184.8725 826.2302 31 23.95727
190.5486 829.7928 31 23.99063
195.2722 834.4682 31 24.024
201.5201 836.708 31 24.05737
206.771 840.6033 31 24.09073
210.7863 845.4134 31 24.1241
215.6304 850.2462 31 24.15747
221.7114 852.7782 31 24.19083
225.6821 857.529 31 24.2242
232.697 860.2933 31 24.25757
239.0343 862.9169 31 24.29093
243.3751 867.2337 31 24.3243
249.3227 871.6137 31 24.35767
253.8337 875.6673 31 24.39103
260.1831 877.3936 31 24.4244
265.2599 880.932 31 24.45777
270.9284 883.1355 31 24.49113
275.9348 884.8322 31 24.5245
280.8511 888.0461 31 24.55787
285.391 892.0099 31 24.59123
290.7816 894.8738 31 24.6246
295.5497 896.5691 31 24.65797
300.5322 898.307 31 24.69133
306.2463 900.6197 31 24.7247
311.3745 903.3137 31 24.75807
317.8868 905.1196 31 24.79143
323.9154 906.8454 31 24.8248
328.3302 909.328 31 24.85817
332.3771 910.8842 31 24.89153
338.7475 913.1619 31 24.9249
344.6081 915.0687 31 24.95827
350.7958 916.2829 31 24.99163
356.6243 917.9358 31 25.025
361.11 919.6438 31 25.05837
365.6777 921.0647 31 25.09173
371.2622 922.7354 31 25.1251
375.9331 923.5108 31 25.15847
379.5888 924.8289 31 25.19183
382.6574 925.1449 31 25.2252
385.3988 925.6837 31 25.25857
386.9016 926.4081 31 25.29193
388.6359 927.1015 31 25.3253
390.8718 926.8618 31 25.35867
392.1597 926.9548 31 25.39203
392.5241 927.2426 31 25.4254
391.769 927.3432 31 25.45877
391.2812 927.3588 31 25.49213
391.6729 927.3509 31 25.5255
392.7615 928.0912 31 25.55887
393.4443 928.1577 31 25.59223
394.4769 927.3135 31 25.6256
393.424 928.0721 31 25.65897
394.888 926.9364 31 25.69233
393.8929 927.2668 31 25.7257
392.8025 927.4824 31 25.75907
392.2221 927.423 31 25.79243
390.9258 926.8506 31 25.8258
388.1072 926.9464 31 25.85917
386.1281 926.3463 31 25.89253
384.6098 926.0421 31 25.9259
381.2204 925.2864 31 25.95927
378.2113 923.8989 31 25.99263
375.2717 921.7281 31 26.026
373.1831 921.533 31 26.05937
373.0949 921.7898 31 26.09273
375.3213 922.1489 31 26.1261
376.8578 923.6701 31 26.15947
378.3521 924.542 31 26.19283
381.7176 924.9882 31 26.2262
383.8035 925.1146 31 26.25957
386.224 925.1965 31 26.29293
387.9997 925.9584 31 26.3263
390.1575 926.5463 31 26.35967
390.2642 927.0997 31 26.39303
392.4897 927.5225 31 26.4264
391.8518 928.3283 31 26.45977
392.017 927.223 31 26.49313
392.4487 927.2505 31 26.5265
392.9006 927.6015 31 26.55987
393.0589 927.2542 31 26.59323
394.0056 927.2014 31 26.6266
394.8296 927.5516 31 26.65997
397.5706 927.8772 31 26.69333
399.649 927.57 31 26.7267
402.6187 928.7228 31 26.76007
404.567 929.4349 31 26.79343
406.0008 929.3233 31 26.8268
407.5151 929.1103 31 26.86017
409.17 930.2614 31 26.89353
413.3094 929.8821 31 26.9269
415.5701 930.542 31 26.96027
418.2893 930.8909 31 26.99363
420.7794 930.7681 31 27.027
423.0726 931.0387 31 27.06037
425.2404 931.2769 31 27.09373
427.5468 931.7673 31 27.1271
429.997 931.782 31 27.16047
431.4644 930.4426 31 27.19383
432.1719 931.9229 31 27.2272
433.7717 932.276 31 27.26057
435.2038 931.2859 31 27.29393
436.4773 931.3069 31 27.3273
436.8619 932.5151 31 27.36067
438.1258 931.9889 31 27.39403
438.6226 931.7419 31 27.4274
441.4146 932.7152 31 27.46077
444.8148 933.0375 31 27.49413
446.0409 933.5651 31 27.5275
449.1476 933.2025 31 27.56087
452.0211 932.924 31 27.59423
454.0316 932.2384 31 27.6276
456.6089 934.2439 31 27.66097
459.238 934.1349 31 27.69433
459.6948 934.6011 31 27.7277
463.0293 932.8489 31 27.76107
466.5766 934.1957 31 27.79443
471.115 933.2444 31 27.8278
477.1566 932.0887 31 27.86117
484.6837 933.1707 31 27.89453
490.2969 934.6322 31 27.9279
495.8538 932.5764 31 27.96127
502.8176 933.1854 31 27.99463
510.2089 932.97 31 28.028
517.5271 930.8722 31 28.06137
522.9214 933.3208 31 28.09473
528.1203 930.5799 31 28.1281
533.6335 931.1183 31 28.16147
540.6076 929.0606 31 28.19483
545.5107 930.1238 31 28.2282
551.6188 928.2352 31 28.26157
558.1209 927.1352 31 28.29493
562.6227 926.7924 31 28.3283
566.126 924.9129 31 28.36167
568.7764 925.593 31 28.39503
570.3601 924.2658 31 28.4284
572.5869 924.6277 31 28.46177
574.7028 923.059 31 28.49513
576.5589 923.3532 31 28.5285
579.5362 922.1234 31 28.56187
582.134 921.6678 31 28.59523
588.5891 919.9434 31 28.6286
593.6088 919.6454 31 28.66197
599.9132 917.3629 31 28.69533
603.0636 916.0524 31 28.7287
606.4924 915.864 31 28.76207
610.8788 914.7535 31 28.79543
614.8939 914.5761 31 28.8288
621.0466 911.4582 31 28.86217
624.8684 910.2062 31 28.89553
629.5761 908.4846 31 28.9289
632.7349 907.5996 31 28.96227
634.1281 907.5758 31 28.99563
632.2718 908.2175 31 29.029
629.1245 908.761 31 29.06237
625.7385 910.6268 31 29.09573
622.2089 912.304 31 29.1291
617.1352 914.4583 31 29.16247
610.8842 915.6892 31 29.19583
606.7754 916.4314 31 29.2292
604.965 916.4273 31 29.26257
601.3641 918.0515 31 29.29593
600.1305 920.6682 31 29.3293
595.8867 920.3502 31 29.36267
591.4156 921.4678 31 29.39603
584.2086 923.1395 31 29.4294
577.4725 924.1459 31 29.46277
574.2866 926.6975 31 29.49613
570.605 926.3042 31 29.5295
565.7543 928.3726 31 29.56287
560.3716 928.1868 31 29.59623
555.8269 929.621 31 29.6296
551.8405 929.4822 31 29.66297
550.0073 929.2145 31 29.69633
549.9849 928.7559 31 29.7297
550.298 928.3283 31 29.76307
551.6476 928.5496 31 29.79643
555.7557 927.9971 31 29.8298
559.8499 927.0462 31 29.86317
564.9636 926.0732 31 29.89653
572.141 924.2325 31 29.9299
577.6962 922.7421 31 29.96327
583.7138 922.839 31 29.99663
589.2389 920.3278 31 30.03
594.1272 918.9164 31 30.06337
599.3419 917.4404 31 30.09673
604.0036 916.834 31 30.1301
609.1609 914.9423 31 30.16347
614.053 913.0825 31 30.19683
619.8988 911.051 31 30.2302
624.3781 910.8367 31 30.26357
629.0995 909.9084 31 30.29693
633.2764 907.5217 31 30.3303
637.5596 906.3005 31 30.36367
641.5827 905.0149 31 30.39703
643.7693 905.7003 31 30.4304
646.1026 903.4964 31 30.46377
647.467 902.6729 31 30.49713
645.6412 903.4608 31 30.5305
643.642 904.5678 31 30.56387
639.4466 905.5457 31 30.59723
634.3052 908.11 31 30.6306
629.2431 910.3117 31 30.66397
619.8004 911.3512 31 30.69733
615.0873 914.65 31 30.7307
607.8025 916.1112 31 30.76407
601.7206 917.3513 31 30.79743
596.5233 921.0408 31 30.8308
590.2364 921.5996 31 30.86417
584.1108 923.3207 31 30.89753
579.4261 925.9207 31 30.9309
572.322 924.4337 31 30.96427
566.967 927.5681 31 30.99763
560.641 927.101 31 31.031
555.8876 928.1318 31 31.06437
552.7582 929.6314 31 31.09773
548.25 929.8137 31 31.1311
543.6038 931.2654 31 31.16447
538.1509 932.5636 31 31.19783
533.1926 931.6729 31 31.2312
530.8272 931.3672 31 31.26457
532.159 931.2273 31 31.29793
533.1377 930.3512 31 31.3313
536.9786 930.211 31 31.36467
541.4152 930.7397 31 31.39803
547.1369 929.3669 31 31.4314
552.3748 929.1189 31 31.46477
558.0201 926.1313 31 31.49813
563.567 926.1088 31 31.5315
570.5568 925.5658 31 31.56487
575.8252 924.0851 31 31.59823
581.1238 922.521 31 31.6316
586.7128 919.8311 31 31.66497
592.2636 918.8895 31 31.69833
598.6926 918.7062 31 31.7317
602.9581 915.9621 31 31.76507
607.8016 914.8191 31 31.79843
613.9162 914.1824 31 31.8318
617.9584 910.1495 31 31.86517
622.8324 908.2939 31 31.89853
629.3066 907.3992 31 31.9319
635.9431 905.32 31 31.96527
642.6934 902.973 31 31.99863
648.0144 898.9947 31 32.032
654.9754 895.3349 31 32.06537
657.1429 897.2006 31 32.09873
657.654 895.6755 31 32.1321
660.8892 896.1067 31 32.16547
665.3151 891.7501 31 32.19883
669.4454 890.3672 31 32.2322
673.623 888.6597 31 32.26557
677.0907 885.2439 31 32.29893
678.704 884.6395 31 32.3323
682.9548 884.1212 31 32.36567
687.1099 883.2538 31 32.39903
688.1692 880.6506 31 32.4324
691.5456 877.4567 31 32.46577
693.7736 876.34 31 32.49913
695.4089 877.0696 31 32.5325
695.1302 878.1426 31 32.56587
693.6353 879.4002 31 32.59923
694.7582 879.0143 31 32.6326
693.5666 878.4247 31 32.66597
690.3887 878.0406 31 32.69933
686.5387 875.167 31 32.7327
683.1784 871.7395 31 32.76607
679.3418 867.3188 31 32.79943
677.372 864.0777 31 32.8328
672.7661 859.0067 31 32.86617
671.2743 853.5539 31 32.89953
670.6663 847.3641 31 32.9329
670.2874 840.7685 31 32.96627
669.0178 834.0629 31 32.99963
668.4238 827.051 31 33.033
668.1803 820.1779 31 33.06637
667.1115 812.8777 31 33.09973
666.1881 805.6991 31 33.1331
665.5816 798.496 31 33.16647
664.3436 791.5646 31 33.19983
662.2838 784.6029 31 33.2332
660.5585 777.6604 31 33.26657
658.0069 770.8415 31 33.29993
654.8683 765.0865 31 33.3333
651.9819 759.4799 31 33.36667
648.3036 753.4562 31 33.40003
644.4769 748.1314 31 33.4334
640.0173 741.625 31 33.46677
636.342 735.6445 31 33.50013
633.9476 728.4777 31 33.5335
630.1716 722.586 31 33.56687
628.1573 715.967 31 33.60023
624.4194 709.8297 31 33.6336
621.4367 704.1285 31 33.66697
618.0122 698.3026 31 33.70033
614.8662 692.9376 31 33.7337
610.6818 688.0415 31 33.76707
606.8864 682.7765 31 33.80043
601.9474 677.7656 31 33.8338
597.33 672.2253 31 33.86717
592.6701 667.0236 31 33.90053
588.0385 661.6588 31 33.9339
583.0369 656.6769 31 33.96727
578.0608 651.9539 31 34.00063
573.5954 646.6368 31 34.034
568.5192 641.4407 31 34.06737
563.8263 636.9994 31 34.10073
558.7877 633.1251 31 34.1341
553.585 628.4835 31 34.16747
547.3516 624.3163 31 34.20083
541.6877 619.7037 31 34.2342
536.8175 615.227 31 34.26757
531.2302 610.6276 31 34.30093
525.6395 606.3704 31 34.3343
519.9806 601.7203 31 34.36767
514.5671 597.9611 31 34.40103
508.5097 593.1537 31 34.4344
501.3531 589.3566 31 34.46777
495.3529 585.488 31 34.50113
490.3732 581.3813 31 34.5345
483.7618 578.0012 31 34.56787
479.4919 573.3902 31 34.60123
473.1932 569.4303 31 34.6346
468.5803 564.8386 31 34.66797
462.4863 561.0507 31 34.70133
457.4141 557.3886 31 34.7347
451.2351 554.1739 31 34.76807
445.2579 550.3748 31 34.80143
439.571 547.0552 31 34.8348
433.0718 544.3515 31 34.86817
426.7677 541.205 31 34.90153
419.9327 538.4839 31 34.9349
413.5642 535.9939 31 34.96827
407.0847 534.2495 31 35.00163
400.0235 531.9751 31 35.035
392.9118 530.2515 31 35.06837
386.2001 529.2323 31 35.10173
379.1874 527.512 31 35.1351
372.4053 525.6878 31 35.16847
365.0562 524.0309 31 35.20183
357.6755 521.8439 31 35.2352
350.212 520.4335 31 35.26857
343.4659 519.756 31 35.30193
336.5021 519.2989 31 35.3353
329.2354 518.5126 31 35.36867
321.3916 518.1791 31 35.40203
311.7701 520.3592 31 35.4354
302.3789 524.0169 31 35.46877
296.8877 525.7932 31 35.50213
286.3577 528.0098 31 35.5355
278.7854 530.3143 31 35.56887
270.9486 530.3896 31 35.60223
262.8432 530.5099 31 35.6356
256.2313 529.9291 31 35.66897
248.1013 529.0332 31 35.70233
241.9201 528.6153 31 35.7357
234.3059 527.7465 31 35.76907
228.1624 527.7936 31 35.80243
220.7853 527.14 31 35.8358
214.0298 525.7318 31 35.86917
206.8459 525.352 31 35.90253
199.3642 524.0644 31 35.9359
192.8614 523.2877 31 35.96927
185.5454 521.8945 31 36.00263
179.3213 521.1999 31 36.036
173.8599 519.5168 31 36.06937
170.547 518.3466 31 36.10273
165.0642 517.2207 31 36.1361
160.6702 516.0013 31 36.16947
155.9998 516.0953 31 36.20283
150.4433 515.8013 31 36.2362
144.1284 515.4712 31 36.26957
137.3591 515.4258 31 36.30293
130.1039 515.223 31 36.3363
123.1147 515.4591 31 36.36967
115.6604 515.6176 31 36.40303
108.0072 517.5055 31 36.4364
101.7493 517.2626 31 36.46977
92.69486 518.93 31 36.50313
87.15814 520.1533 31 36.5365
79.29052 520.9665 31 36.56987
71.28758 522.3771 31 36.60323
64.18571 523.2926 31 36.6366
55.20696 524.8811 31 36.66997
48.96059 526.0676 31 36.70333
41.17996 527.6863 31 36.7367
34.92127 529.5475 31 36.77007
35.98378 531.0365 31 36.80343
35.17706 535.3441 31 36.8368
35.64959 537.6296 31 36.87017
34.87981 542.399 31 36.90353
35.8646 544.9641 31 36.9369
36.36662 548.5257 31 36.97027
36.2219 551.4658 31 37.00363
36.20168 553.3683 31 37.037
37.09545 555.0349 31 37.07037
35.43039 555.8999 31 37.10373
38.32192 558.1001 31 37.1371
37.86885 559.8791 31 37.17047
37.75038 562.1413 31 37.20383
38.21445 563.8252 31 37.2372
38.99166 565.5664 31 37.27057
38.57288 566.0369 31 37.30393
39.77182 566.8547 31 37.3373
38.42112 566.1289 31 37.37067
38.80229 564.6171 31 37.40403
40.47043 563.4379 31 37.4374
37.40146 562.04 31 37.47077
36.83573 562.2507 31 37.50413
39.38358 561.2698 31 37.5375
37.3764 561.0641 31 37.57087
38.22301 561.1581 31 37.60423
37.734 561.8182 31 37.6376
38.38731 561.0317 31 37.67097
37.36455 559.5901 31 37.70433
36.97401 558.086 31 37.7377
36.66704 555.6711 31 37.77107
35.59005 553.6987 31 37.80443
36.9149 550.877 31 37.8378
35.72721 548.0412 31 37.87117
35.85334 544.6051 31 37.90453
35.30429 542.3169 31 37.9379
33.5959 538.6417 31 37.97127
34.85806 535.0352 31 38.00463
34.70212 532.944 31 38.038
33.57545 531.1916 31 38.07137
34.93844 530.3021 31 38.10473
34.30528 530.5964 31 38.1381
35.45314 532.442 31 38.17147
35.6571 535.713 31 38.20483
37.00727 539.1375 31 38.2382
36.32038 542.8293 31 38.27157
34.8954 546.3375 31 38.30493
37.2127 550.9016 31 38.3383
38.04257 555.1175 31 38.37167
38.19354 558.8927 31 38.40503
38.44139 560.9981 31 38.4384
37.1621 560.8412 31 38.47177
39.20203 560.6916 31 38.50513
36.62605 560.1281 31 38.5385
37.16391 556.4009 31 38.57187
35.77193 554.4006 31 38.60523
36.18579 550.971 31 38.6386
36.48044 548.949 31 38.67197
36.03821 545.4266 31 38.70533
36.24644 542.8475 31 38.7387
34.5661 541.5211 31 38.77207
35.12134 540.0427 31 38.80543
34.05259 538.9095 31 38.8388
35.4187 537.3087 31 38.87217
34.94581 535.9834 31 38.90553
34.58933 534.333 31 38.9389
32.86094 531.9307 31 38.97227
35.02528 529.648 31 39.00563
33.92128 528.1639 31 39.039
34.30977 527.175 31 39.07237
35.02516 527.0446 31 39.10573
33.21612 524.9833 31 39.1391
34.68428 524.884 31 39.17247
34.19722 524.7002 31 39.20583
33.72402 524.2323 31 39.2392
34.22491 524.6944 31 39.27257
33.82355 525.1828 31 39.30593
33.38789 524.9007 31 39.3393
34.24824 525.2774 31 39.37267
32.89845 524.6989 31 39.40603
32.93177 522.9103 31 39.4394
32.48391 521.2231 31 39.47277
30.69591 519.3258 31 39.50613
33.68304 516.7027 31 39.5395
33.04557 515.1271 31 39.57287
32.35227 513.0435 31 39.60623
33.08835 510.2532 31 39.6396
32.57955 509.6839 31 39.67297
32.85214 511.1585 31 39.70633
32.42289 511.634 31 39.7397
33.61493 512.7805 31 39.77307
31.05041 513.6174 31 39.80643
33.02542 517.6457 31 39.8398
33.69084 518.5715 31 39.87317
32.67252 519.8284 31 39.90653
31.25904 518.9321 31 39.9399
33.03802 519.3091 31 39.97327
33.02584 518.2247 31 40.00663
33.62257 517.6312 31 40.04
32.9079 516.1155 31 40.07337
32.68655 512.0413 31 40.10673
33.69586 509.0896 31 40.1401
30.6672 504.0109 31 40.17347
32.94895 501.8095 31 40.20683
32.59948 503.2625 31 40.2402
29.22382 502.6044 31 40.27357
29.90489 504.1359 31 40.30693
30.64732 506.9494 31 40.3403
28.59454 510.5619 31 40.37367
30.04115 513.1504 31 40.40703
29.38385 515.0925 31 40.4404
28.59947 515.6791 31 40.47377
28.00788 517.5945 31 40.50713
27.91413 518.5738 31 40.5405
28.05798 519.8882 31 40.57387
26.77024 521.9869 31 40.60723
25.92155 524.674 31 40.6406
25.84735 526.3915 31 40.67397
25.83862 526.4103 31 40.70733
25.21796 527.2821 31 40.7407
24.00687 527.5716 31 40.77407
24.59783 527.1901 31 40.80743
24.81554 524.8374 31 40.8408
26.10889 522.1855 31 40.87417
25.75504 518.3669 31 40.90753
26.49888 514.2897 31 40.9409
31.11418 510.3762 31 40.97427
34.39797 505.993 31 41.00763
39.24131 501.2727 31 41.041
44.35985 496.2441 31 41.07437
49.12012 491.6734 31 41.10773
53.9885 485.7803 31 41.1411
58.87462 480.2213 31 41.17447
63.20106 474.9063 31 41.20783
67.15134 469.2983 31 41.2412
70.96337 463.3208 31 41.27457
74.88441 457.9882 31 41.30793
79.20952 452.0514 31 41.3413
82.91423 445.7318 31 41.37467
86.90829 439.7626 31 41.40803
90.45 434.266 31 41.4414
94.77299 428.5895 31 41.47477
99.2574 421.4894 31 41.50813
103.5026 415.0729 31 41.5415
107.6765 408.2 31 41.57487
111.8937 401.756 31 41.60823
115.4261 395.2587 31 41.6416
119.2934 388.6074 31 41.67497
122.145 381.6334 31 41.70833
124.9955 374.5822 31 41.7417
127.1793 367.8043 31 41.77507
128.8883 361.1085 31 41.80843
130.1529 354.2619 31 41.8418
131.7388 347.0877 31 41.87517
133.0834 338.9866 31 41.90853
134.1882 331.7275 31 41.9419
135.2349 324.9851 31 41.97527
135.6739 318.0681 31 42.00863
136.0486 311.4047 31 42.042
136.7121 304.2537 31 42.07537
136.9664 297.5982 31 42.10873
136.7646 290.7496 31 42.1421
136.6418 283.1373 31 42.17547
136.6491 276.3496 31 42.20883
136.5891 269.6154 31 42.2422
136.4354 263.0604 31 42.27557
136.7018 255.7223 31 42.30893
136.6864 248.2365 31 42.3423
137.5324 241.162 31 42.37567
138.1126 233.8808 31 42.40903
138.3392 226.8318 31 42.4424
138.4277 220.3395 31 42.47577
135.9195 218.0034 31 42.50913
135.5354 215.8109 31 42.5425
133.2621 212.3163 31 42.57587
131.5682 210.3758 31 42.60923
132.8182 209.6414 31 42.6426
135.3789 208.9312 31 42.67597
136.3401 208.1797 31 42.70933
135.5576 207.2033 31 42.7427
135.7975 207.0534 31 42.77607
136.1673 206.4662 31 42.80943
136.6954 205.9948 31 42.8428
136.3748 205.5313 31 42.87617
136.2961 205.3981 31 42.90953
139.1578 206.0176 31 42.9429
139.3743 207.2859 31 42.97627
140.6407 207.6623 31 43.00963
142.6663 209.3911 31 43.043
143.0824 211.9176 31 43.07637
144.0565 215.0547 31 43.10973
148.2117 218.3479 31 43.1431
152.5621 219.7886 31 43.17647
156.8079 222.7532 31 43.20983
164.1538 225.2573 31 43.2432
171.5498 228.6311 31 43.27657
178.4466 231.7107 31 43.30993
185.9975 233.6509 31 43.3433
193.7928 234.1169 31 43.37667
201.788 234.7817 31 43.41003
209.1945 234.3215 31 43.4434
216.7116 234.1718 31 43.47677
223.8443 233.9262 31 43.51013
230.5677 232.9669 31 43.5435
238.3324 232.045 31 43.57687
239.5855 232.8984 31 43.61023
242.2883 230.9287 31 43.6436
243.7893 232.893 31 43.67697
247.6203 233.8366 31 43.71033
250.6103 234.3856 31 43.7437
254.8566 234.2301 31 43.77707
258.7308 232.235 31 43.81043
263.3215 230.4296 31 43.8438
268.6101 227.566 31 43.87717
273.8402 223.7727 31 43.91053
278.5243 219.2133 31 43.9439
283.8757 216.0391 31 43.97727
288.6431 213.2366 31 44.01063
293.5204 210.8005 31 44.044
297.2169 206.4293 31 44.07737
302.4775 202.5776 31 44.11073
305.9098 197.4115 31 44.1441
309.6909 191.4326 31 44.17747
312.0275 184.7278 31 44.21083
313.716 178.0806 31 44.2442
315.693 171.5423 31 44.27757
317.422 164.5823 31 44.31093
318.3917 157.1803 31 44.3443
317.0064 147.8146 31 44.37767
315.9412 140.9106 31 44.41103
315.6451 134.147 31 44.4444
315.4857 127.6522 31 44.47777
316.0124 120.711 31 44.51113
316.5247 113.482 31 44.5445
316.8331 105.8723 31 44.57787
316.5445 97.97069 31 44.61123
316.5429 89.93191 31 44.6446
317.8847 82.86114 31 44.67797
324.534 83.52666 31 44.71133
329.2992 80.29562 31 44.7447
330.6073 78.0736 31 44.77807
333.6302 79.89566 31 44.81143
333.275 77.84499 31 44.8448
335.1466 77.15714 31 44.87817
337.6798 76.88542 31 44.91153
337.9606 75.25289 31 44.9449
340.3486 76.40267 31 44.97827
341.4104 73.93895 31 45.01163
343.5936 73.24339 31 45.045
346.3473 73.14846 31 45.07837
349.0701 72.07737 31 45.11173
352.3138 71.54083 31 45.1451
352.0449 71.29418 31 45.17847
355.2817 70.75025 31 45.21183
358.0052 69.7059 31 45.2452
360.9001 69.19682 31 45.27857
363.8545 67.43204 31 45.31193
366.2018 66.82761 31 45.3453
368.8507 67.40666 31 45.37867
373.354 65.81461 31 45.41203
376.3072 65.90385 31 45.4454
381.7799 64.88222 31 45.47877
384.0579 63.40518 31 45.51213
388.4748 62.87763 31 45.5455
393.6013 62.50481 31 45.57887
399.5989 61.15496 31 45.61223
404.5041 59.77981 31 45.6456
410.713 59.4429 31 45.67897
416.2557 58.20209 31 45.71233
422.6884 58.82066 31 45.7457
424.6131 59.8073 31 45.77907
425.1914 59.02008 31 45.81243
424.4083 59.66604 31 45.8458
420.4197 59.71585 31 45.87917
415.9475 60.54829 31 45.91253
411.5375 61.53685 31 45.9459
407.0641 61.91107 31 45.97927
401.6213 61.69003 31 46.01263
395.6625 63.27336 31 46.046
389.7516 63.5245 31 46.07937
383.4264 65.08257 31 46.11273
375.7738 68.46469 31 46.1461
370.903 68.75201 31 46.17947
367.6507 68.4303 31 46.21283
363.5777 69.59053 31 46.2462
360.3605 70.32218 31 46.27957
356.8425 70.72048 31 46.31293
352.8162 70.20563 31 46.3463
352.253 72.59965 31 46.37967
351.531 70.65861 31 46.41303
351.6471 71.14525 31 46.4464
355.0208 70.57722 31 46.47977
358.6763 69.72215 31 46.51313
366.3993 68.18643 31 46.5465
370.5183 66.14979 31 46.57987
373.9848 66.32466 31 46.61323
379.2672 64.11365 31 46.6466
384.2824 64.56061 31 46.67997
387.2079 61.86663 31 46.71333
393.7013 62.47784 31 46.7467
399.6926 60.82003 31 46.78007
407.1147 60.34131 31 46.81343
407.5954 60.72502 31 46.8468
402.7965 61.03383 31 46.88017
400.3407 61.78109 31 46.91353
398.632 60.50908 31 46.9469
395.7294 61.67478 31 46.98027
396.0078 61.44975 31 47.01363
395.0538 61.35042 31 47.047
393.6247 61.10012 31 47.08037
391.1418 60.86583 31 47.11373
391.4234 61.37501 31 47.1471
389.7927 59.32927 31 47.18047
393.3166 59.02109 31 47.21383
396.8245 60.78792 31 47.2472
403.4316 61.72912 31 47.28057
411.6059 61.22575 31 47.31393
418.291 60.52495 31 47.3473
425.4989 57.49466 31 47.38067
433.3345 57.50948 31 47.41403
438.8958 55.27603 31 47.4474
446.5793 55.24528 31 47.48077
454.0353 54.09456 31 47.51413
462.7221 53.17048 31 47.5475
470.4692 53.45842 31 47.58087
478.2802 53.05806 31 47.61423
485.4859 53.75289 31 47.6476
491.9071 53.61802 31 47.68097
498.8527 53.48294 31 47.71433
506.2027 53.06599 31 47.7477
514.1303 54.0759 31 47.78107
520.807 56.21424 31 47.81443
529.0659 57.6103 31 47.8478
535.7109 57.01194 31 47.88117
541.2891 59.00108 31 47.91453
548.2617 59.96723 31 47.9479
554.2535 60.29336 31 47.98127
559.7237 61.41055 31 48.01463
565.1193 64.85808 31 48.048
572.0043 64.30578 31 48.08137
579.0578 67.05579 31 48.11473
584.4846 68.4646 31 48.1481
590.2712 69.70969 31 48.18147
596.0227 72.14858 31 48.21483
600.1295 73.88819 31 48.2482
604.7408 76.1561 31 48.28157
608.5842 77.71713 31 48.31493
611.1678 76.78827 31 48.3483
612.0729 79.03378 31 48.38167
610.1678 78.92496 31 48.41503
607.2548 76.2983 31 48.4484
602.3052 76.7907 31 48.48177
596.5556 74.06356 31 48.51513
592.8898 72.9737 31 48.5485
588.4249 71.95461 31 48.58187
583.643 71.64088 31 48.61523
575.6825 68.02996 31 48.6486
570.5329 67.9879 31 48.68197
565.1497 65.26995 31 48.71533
560.2992 64.29138 31 48.7487
556.0531 64.24589 31 48.78207
551.3303 63.0861 31 48.81543
547.7024 63.27965 31 48.8488
543.5081 61.41255 31 48.88217
537.6972 62.67525 31 48.91553
533.721 60.97594 31 48.9489
528.8991 59.92814 31 48.98227
523.588 62.14013 31 49.01563
518.0248 61.7958 31 49.049
510.9433 61.93375 31 49.08237
504.3852 59.71889 31 49.11573
498.0565 57.65877 31 49.1491
491.1372 55.50922 31 49.18247
484.4885 55.58641 31 49.21583
478.0745 55.37565 31 49.2492
471.8921 56.51114 31 49.28257
474.476 56.2089 31 49.31593
471.2712 56.13218 31 49.3493
470.8604 55.20588 31 49.38267
470.2108 59.70653 31 49.41603
467.7059 59.26185 31 49.4494
466.9383 63.17653 31 49.48277
466.6714 65.56548 31 49.51613
466.8746 69.30584 31 49.5495
466.2466 74.76417 31 49.58287
465.7242 79.73228 31 49.61623
465.3422 85.30471 31 49.6496
463.9338 90.37658 31 49.68297
465.88 98.02334 31 49.71633
464.6434 104.5454 31 49.7497
464.2632 111.8505 31 49.78307
461.5988 118.8331 31 49.81643
459.9201 125.7391 31 49.8498
458.6943 132.7005 31 49.88317
457.5526 139.5085 31 49.91653
456.7278 146.3552 31 49.9499
456.1281 154.1079 31 49.98327
455.5749 161.8178 31 50.01663
454.8786 169.6959 31 50.05
454.7951 177.1858 31 50.08337
455.03 184.5855 31 50.11673
455.325 192.1484 31 50.1501
455.2412 199.429 31 50.18347
456.4431 207.1948 31 50.21683
457.701 214.1124 31 50.2502
459.2124 221.55 31 50.28357
461.2916 228.6002 31 50.31693
461.6405 235.7889 31 50.3503
464.2283 243.7073 31 50.38367
464.5578 250.5312 31 50.41703
465.3432 258.1159 31 50.4504
466.595 265.5005 31 50.48377
468.0665 272.5745 31 50.51713
466.7648 275.1512 31 50.5505
463.8876 279.0723 31 50.58387
459.4152 282.5904 31 50.61723
455.0671 284.9101 31 50.6506
450.8333 288.1631 31 50.68397
446.6129 291.1527 31 50.71733
440.505 295.2059 31 50.7507
436.4658 300.1439 31 50.78407
429.947 306.1934 31 50.81743
426.6426 313.7847 31 50.8508
422.1931 320.8566 31 50.88417
418.0286 328.2313 31 50.91753
414.9747 335.4074 31 50.9509
413.5129 343.0605 31 50.98427
411.8682 350.0307 31 51.01763
411.3298 357.5991 31 51.051
409.7845 364.7217 31 51.08437
409.7433 371.9862 31 51.11773
408.9887 379.2804 31 51.1511
408.829 385.8427 31 51.18447
411.0943 383.4588 31 51.21783
413.1511 383.3927 31 51.2512
418.9707 381.6062 31 51.28457
422.3318 379.8715 31 51.31793
428.5577 380.9868 31 51.3513
434.6382 382.3031 31 51.38467
440.93 378.6154 31 51.41803
447.8887 381.1926 31 51.4514
453.3464 383.0522 31 51.48477
460.8429 385.6123 31 51.51813
467.7578 387.1183 31 51.5515
474.5089 389.4787 31 51.58487
481.966 390.4997 31 51.61823
488.6037 389.2827 31 51.6516
496.1115 389.0614 31 51.68497
502.5754 386.5921 31 51.71833
509.808 383.3116 31 51.7517
516.3698 382.2197 31 51.78507
522.6395 381.6009 31 51.81843
528.7409 381.4234 31 51.8518
535.2883 379.6256 31 51.88517
542.1494 376.0807 31 51.91853
549.1608 374.6592 31 51.9519
556.3111 373.3635 31 51.98527
563.3764 371.5048 31 52.01863
570.5081 368.702 31 52.052
578.0116 366.9261 31 52.08537
585.2675 365.9721 31 52.11873
592.2985 365.575 31 52.1521
598.6953 365.5515 31 52.18547
603.8588 363.175 31 52.21883
610.2585 362.8026 31 52.2522
617.0207 360.0941 31 52.28557
623.1791 356.8787 31 52.31893
631.012 356.0033 31 52.3523
637.3067 354.4655 31 52.38567
644.4433 353.3948 31 52.41903
652.9677 352.4897 31 52.4524
658.7306 351.0538 31 52.48577
666.3736 348.9588 31 52.51913
672.8425 347.332 31 52.5525
680.0041 345.2273 31 52.58587
684.8515 340.8594 31 52.61923
690.8878 337.8799 31 52.6526
696.51 333.7249 31 52.68597
702.1081 331.6296 31 52.71933
707.8134 328.4978 31 52.7527
713.1752 324.9919 31 52.78607
719.138 321.5409 31 52.81943
724.8994 317.6697 31 52.8528
730.3874 314.4042 31 52.88617
734.8898 308.4539 31 52.91953
740.0133 303.084 31 52.9529
745.1921 298.8574 31 52.98627
750.1594 295.1255 31 53.01963
755.385 290.9294 31 53.053
757.5529 287.6689 31 53.08637
756.1344 286.0284 31 53.11973
757.4379 281.9206 31 53.1531
760.2255 276.5372 31 53.18647
763.2631 270.4034 31 53.21983
767.0015 264.741 31 53.2532
770.2654 258.3907 31 53.28657
773.1346 253.1917 31 53.31993
775.8838 248.3037 31 53.3533
776.7928 241.545 31 53.38667
778.6733 235.7707 31 53.42003
778.8202 227.2457 31 53.4534
777.8602 218.7865 31 53.48677
777.4957 210.5122 31 53.52013
778.0377 202.7341 31 53.5535
778.491 195.9857 31 53.58687
778.78 187.8781 31 53.62023
779.8849 181.8215 31 53.6536
776.9855 178.0173 31 53.68697
774.2417 176.2372 31 53.72033
770.0207 172.0828 31 53.7537
767.4631 167.3456 31 53.78707
763.5383 164.4642 31 53.82043
757.1169 159.5468 31 53.8538
751.6377 154.6433 31 53.88717
746.9984 150.1245 31 53.92053
741.8526 147.9597 31 53.9539
738.3725 143.3903 31 53.98727
731.0361 139.1026 31 54.02063
723.6503 134.1912 31 54.054
719.1671 130.2964 31 54.08737
713.9852 127.4817 31 54.12073
710.2797 124.3005 31 54.1541
706.8796 122.7676 31 54.18747
700.877 118.7689 31 54.22083
695.9478 115.2303 31 54.2542
691.23 112.4309 31 54.28757
687.9423 109.5448 31 54.32093
683.5768 106.4435 31 54.3543
681.3327 103.5814 31 54.38767
677.7215 102.4866 31 54.42103
677.8526 104.876 31 54.4544
678.3647 102.2309 31 54.48777
677.3399 100.4962 31 54.52113
677.4615 101.5236 31 54.5545
678.3482 100.9638 31 54.58787
679.3165 104.0327 31 54.62123
679.0623 104.3033 31 54.6546
681.1693 107.8165 31 54.68797
683.102 113.1591 31 54.72133
687.3748 116.9878 31 54.7547
688.5191 121.3005 31 54.78807
691.3668 127.8755 31 54.82143
693.4685 134.2746 31 54.8548
695.723 140.959 31 54.88817
697.8439 148.1847 31 54.92153
699.549 154.9452 31 54.9549
700.3263 162.0459 31 54.98827
701.5504 169.3073 31 55.02163
701.805 176.2946 31 55.055
702.3851 183.8069 31 55.08837
702.9123 191.2429 31 55.12173
703.1677 198.5318 31 55.1551
703.7041 204.9678 31 55.18847
703.8884 210.0564 31 55.22183
703.5045 215.4431 31 55.2552
703.4931 221.8547 31 55.28857
703.4589 228.7087 31 55.32193
703.7162 235.9617 31 55.3553
704.6245 243.5384 31 55.38867
704.9659 250.4951 31 55.42203
705.5413 257.3183 31 55.4554
705.8526 265.1116 31 55.48877
706.6049 271.8649 31 55.52213
708.5269 277.8978 31 55.5555
709.4115 284.4284 31 55.58887
710.4079 291.8277 31 55.62223
712.4379 297.641 31 55.6556
713.7567 304.1749 31 55.68897
714.5764 310.8596 31 55.72233
715.4008 317.0612 31 55.7557
716.5277 323.6187 31 55.78907
718.1267 330.5727 31 55.82243
719.8251 337.8288 31 55.8558
721.4992 344.3957 31 55.88917
724.6109 350.796 31 55.92253
727.6014 356.4041 31 55.9559
730.6177 361.6519 31 55.98927
733.5415 367.2131 31 56.02263
736.6597 373.4755 31 56.056
739.9838 380.0572 31 56.08937
743.0867 386.4805 31 56.12273
746.949 392.0544 31 56.1561
749.8492 397.5706 31 56.18947
752.4906 403.3058 31 56.22283
752.8207 407.0336 31 56.2562
755.1746 411.7737 31 56.28957
758.3344 417.4262 31 56.32293
759.7067 423.5787 31 56.3563
762.3565 429.0645 31 56.38967
766.1327 434.3962 31 56.42303
770.9949 440.425 31 56.4564
775.7826 444.6304 31 56.48977
780.5268 449.9575 31 56.52313
784.9393 454.5433 31 56.5565
789.283 458.9067 31 56.58987
793.8574 462.8584 31 56.62323
797.6427 467.7778 31 56.6566
807.706 476.2175 31 56.68997
807.706 476.2175 31 56.72333
812.4941 480.5341 31 56.7567
821.2503 489.9286 31 56.79007
821.2503 489.9286 31 56.82343
826.4994 494.0949 31 56.8568
835.45 503.4713 31 56.89017
835.45 503.4713 31 56.92353
844.919 511.5725 31 56.9569
850.1625 516.048 31 56.99027
850.1625 516.048 31 57.02363
860.0744 524.857 31 57.057
864.7393 528.7511 31 57.09037
864.7393 528.7511 31 57.12373
874.4312 537.572 31 57.1571
879.1973 543.0897 31 57.19047
879.1973 543.0897 31 57.22383
887.8463 552.8539 31 57.2572
891.5909 557.9313 31 57.29057
895.9007 563.2765 31 57.32393
900.935 567.9247 31 57.3573
905.5744 572.7674 31 57.39067
910.1214 578.3305 31 57.42403
911.1966 582.6663 31 57.4574
910.6142 587.2416 31 57.49077
908.9546 591.0791 31 57.52413
909.9601 595.5987 31 57.5575
907.9413 599.9782 31 57.59087
907.2367 604.3087 31 57.62423
904.7066 609.5005 31 57.6576
902.157 615.5351 31 57.69097
901.2618 621.5551 31 57.72433
901.1222 622.5127 31 57.7577
901.8377 622.7168 31 57.79107
902.0314 621.4704 31 57.82443
902.1474 622.4481 31 57.8578
900.4638 622.5947 31 57.89117
902.0433 622.9852 31 57.92453
901.5772 623.1771 31 57.9579
901.3229 623.6846 31 57.99127
900.1951 624.9292 31 58.02463
901.4471 627.5273 31 58.058
901.6102 628.9475 31 58.09137
900.1591 632.2695 31 58.12473
901.3787 631.8987 31 58.1581
900.1147 633.4197 31 58.19147
898.1879 635.5296 31 58.22483
896.7079 636.5986 31 58.2582
896.6714 637.6569 31 58.29157
898.7414 638.2558 31 58.32493
899.2529 639.2309 31 58.3583
897.5959 639.9691 31 58.39167
897.5619 640.177 31 58.42503
897.4551 641.75 31 58.4584
896.0724 639.9975 31 58.49177
894.3964 639.7035 31 58.52513
892.9015 637.7879 31 58.5585
890.438 638.411 31 58.59187
888.4256 636.3718 31 58.62523
885.5599 636.5749 31 58.6586
882.7856 634.5686 31 58.69197
878.3198 634.5927 31 58.72533
872.6999 634.7079 31 58.7587
866.9575 631.9843 31 58.79207
859.2283 629.5895 31 58.82543
852.2097 628.9719 31 58.8588
846.2225 627.148 31 58.89217
839.1932 625.6987 31 58.92553
832.6114 624.861 31 58.9589
826.4399 624.8934 31 58.99227
820.0581 624.6415 31 59.02563
817.695 622.6841 31 59.059
814.0366 619.7418 31 59.09237
809.6089 616.426 31 59.12573
804.3649 612.7252 31 59.1591
800.5978 608.1749 31 59.19247
795.9218 603.9075 31 59.22583
790.8352 600.1742 31 59.2592
785.6185 595.8283 31 59.29257
781.1997 591.4551 31 59.32593
776.6067 586.1842 31 59.3593
771.9061 581.0986 31 59.39267
768.0046 575.8592 31 59.42603
763.4866 570.3353 31 59.4594
759.8322 565.1354 31 59.49277
755.8496 560.1895 31 59.52613
751.79 555.4245 31 59.5595
747.7655 550.1754 31 59.59287
743.5932 545.0956 31 59.62623
739.5132 540.3256 31 59.6596
734.9936 535.538 31 59.69297
730.5948 530.8767 31 59.72633
726.7743 525.6602 31 59.7597
722.7874 520.5506 31 59.79307
718.9906 515.3657 31 59.82643
713.962 510.8991 31 59.8598
709.3913 504.921 31 59.89317
704.0359 500.4343 31 59.92653
699.3732 495.1687 31 59.9599
694.4558 490.4389 31 59.99327
688.996 485.7016 31 60.02663
683.7197 481.3727 31 60.06
678.1766 477.2531 31 60.09337
673.1941 473.4472 31 60.12673
667.6508 469.0388 31 60.1601
661.8431 465.2216 31 60.19347
655.5258 461.649 31 60.22683
649.8314 458.4231 31 60.2602
643.9033 455.1093 31 60.29357
638.0949 452.8521 31 60.32693
631.0683 451.015 31 60.3603
624.2855 447.8138 31 60.39367
617.619 445.4341 31 60.42703
611.4508 443.436 31 60.4604
604.3813 441.683 31 60.49377
597.7799 440.4373 31 60.52713
591.2688 439.3379 31 60.5605
584.5915 437.9441 31 60.59387
578.8013 437.0966 31 60.62723
572.4033 436.6316 31 60.6606
565.9388 436.4576 31 60.69397
558.8332 436.389 31 60.72733
552.5044 437.255 31 60.7607
544.9023 437.4084 31 60.79407
537.8886 438.8213 31 60.82743
530.9325 440.143 31 60.8608
523.5502 441.273 31 60.89417
516.5557 442.884 31 60.92753
509.709 443.8395 31 60.9609
503.3618 445.8174 31 60.99427
496.8785 447.8856 31 61.02763
490.52 450.0524 31 61.061
484.2507 452.4838 31 61.09437
477.7268 454.6633 31 61.12773
471.6637 457.663 31 61.1611
464.4961 461.1058 31 61.19447
458.8522 465.7045 31 61.22783
452.2072 470.6076 31 61.2612
446.9502 475.1278 31 61.29457
441.3693 480.3484 31 61.32793
437.2648 485.528 31 61.3613
431.4099 490.4039 31 61.39467
428.5053 494.9754 31 61.42803
423.7103 500.3365 31 61.4614
419.0655 505.0474 31 61.49477
416.7121 511.2174 31 61.52813
412.1835 516.8417 31 61.5615
409.8068 523.1639 31 61.59487
406.2289 529.8495 31 61.62823
404.0667 535.6142 31 61.6616
397.4789 534.347 31 61.69497
391.2151 536.4147 31 61.72833
391.2709 534.8669 31 61.7617
390.6232 532.7924 31 61.79507
388.1917 527.7366 31 61.82843
389.7805 523.6125 31 61.8618
388.2421 517.7226 31 61.89517
388.2375 514.0746 31 61.92853
386.1331 510.8371 31 61.9619
384.2309 507.1403 31 61.99527
386.7903 504.3985 31 62.02863
383.45 501.8762 31 62.062
383.1337 500.4237 31 62.09537
382.5131 497.5992 31 62.12873
380.4394 499.204 31 62.1621
379.5362 501.8417 31 62.19547
377.5888 505.8748 31 62.22883
373.9217 509.9985 31 62.2622
369.9038 514.8572 31 62.29557
365.8773 515.6912 31 62.32893
360.0388 517.0203 31 62.3623
355.6498 521.2862 31 62.39567
349.699 523.7971 31 62.42903
343.3827 524.5415 31 62.4624
337.6274 527.0357 31 62.49577
330.9899 530.4262 31 62.52913
324.8265 534.2503 31 62.5625
317.8121 538.6825 31 62.59587
312.2594 543.0338 31 62.62923
306.9152 546.8252 31 62.6626
300.4076 550.4551 31 62.69597
294.3497 555.4445 31 62.72933
288.602 559.3457 31 62.7627
283.2882 563.2296 31 62.79607
277.7126 567.4529 31 62.82943
272.2869 572.3969 31 62.8628
267.061 577.181 31 62.89617
262.9381 582.3473 31 62.92953
258.6094 587.7163 31 62.9629
254.5351 593.683 31 62.99627
250.3506 599.9988 31 63.02963
246.4006 605.8258 31 63.063
242.8209 611.477 31 63.09637
238.8282 617.7016 31 63.12973
236.0552 624.1504 31 63.1631
232.4639 630.6444 31 63.19647
229.0811 637.0806 31 63.22983
225.0308 643.8688 31 63.2632
221.0956 649.4976 31 63.29657
213.8916 652.7018 31 63.32993
207.6726 656.4301 31 63.3633
203.4855 661.4487 31 63.39667
199.1389 666.9891 31 63.43003
197.2059 673.0854 31 63.4634
193.8897 679.3643 31 63.49677
191.6919 686.6175 31 63.53013
189.219 693.6707 31 63.5635
186.3625 700.651 31 63.59687
184.8978 707.3064 31 63.63023
182.7529 714.2921 31 63.6636
180.9498 721.0095 31 63.69697
179.324 728.0683 31 63.73033
177.546 734.9789 31 63.7637
178.3658 738.0077 31 63.79707
179.1843 739.8058 31 63.83043
182.6386 741.1041 31 63.8638
179.7896 741.0989 31 63.89717
180.9799 742.0398 31 63.93053
182.0096 741.6248 31 63.9639
181.8822 740.5528 31 63.99727
180.1152 739.5423 31 64.03063
177.9833 737.2667 31 64.064
175.4977 736.3624 31 64.09737
174.6072 734.7941 31 64.13073
169.3422 732.9164 31 64.1641
166.9075 732.3403 31 64.19747
162.4631 732.325 31 64.23083
156.7196 733.7497 31 64.2642
152.2909 734.7937 31 64.29757
147.9466 739.5165 31 64.33093
143.739 744.0483 31 64.3643
140.8962 751.1047 31 64.39767
138.9329 756.7549 31 64.43103
141.7313 760.5859 31 64.4644
145.9779 762.2614 31 64.49777
149.1081 763.994 31 64.53113
153.5348 763.8189 31 64.5645
158.5773 762.3626 31 64.59787
163.0048 760.0169 31 64.63123
167.3177 756.8815 31 64.6646
171.8674 753.5253 31 64.69797
175.7866 750.5863 31 64.73133
179.678 746.8911 31 64.7647
184.6991 742.8354 31 64.79807
189.5915 738.3056 31 64.83143
194.0911 733.9439 31 64.8648
199.1971 732.7815 31 64.89817
204.1225 731.3937 31 64.93153
210.3619 729.5757 31 64.9649
215.8394 727.4384 31 64.99827
223.1766 727.2866 31 65.03163
229.068 723.8254 31 65.065
233.7572 719.3835 31 65.09837
238.6761 714.3681 31 65.13173
242.9524 708.5954 31 65.1651
246.5266 703.374 31 65.19847
249.9758 697.9774 31 65.23183
254.2696 691.9542 31 65.2652
259.0179 686.3375 31 65.29857
263.2425 681.2554 31 65.33193
267.6428 675.6068 31 65.3653
271.801 670.0911 31 65.39867
275.6305 664.5321 31 65.43203
279.7821 659.571 31 65.4654
286.0942 659.3217 31 65.49877
291.984 655.2781 31 65.53213
298.3892 652.4138 31 65.5655
304.2499 649.0876 31 65.59887
310.5667 644.7627 31 65.63223
316.5761 640.1634 31 65.6656
322.1008 636.647 31 65.69897
328.2756 632.4563 31 65.73233
334.1037 628.8315 31 65.7657
339.7744 625.567 31 65.79907
345.6275 622.0477 31 65.83243
351.4048 619.2042 31 65.8658
355.7703 619.1144 31 65.89917
361.5138 619.2753 31 65.93253
368.1191 618.0617 31 65.9659
374.0168 616.8489 31 65.99927
380.6868 615.2398 31 66.03263
387.6932 611.5461 31 66.066
393.2235 608.1428 31 66.09937
399.7909 604.9652 31 66.13273
405.6851 600.511 31 66.1661
410.8958 596.7013 31 66.19947
415.2875 592.5602 31 66.23283
421.8213 588.715 31 66.2662
427.3659 584.7818 31 66.29957
431.6362 580.0998 31 66.33293
437.0392 574.4108 31 66.3663
441.8172 568.8769 31 66.39967
446.0925 563.085 31 66.43303
449.481 557.4465 31 66.4664
453.4467 552.0341 31 66.49977
456.9645 546.6106 31 66.53313
460.0732 540.7563 31 66.5665
464.4425 534.9456 31 66.59987
467.8856 528.6701 31 66.63323
471.9282 522.9104 31 66.6666
475.2633 517.8595 31 66.69997
479.2117 513.0091 31 66.73333
482.3882 507.8497 31 66.7667
486.4545 503.3623 31 66.80007
489.8738 497.4361 31 66.83343
498.7956 496.5503 31 66.8668
504.9529 493.1187 31 66.90017
510.6164 488.5839 31 66.93353
515.9199 481.6267 31 66.9669
522.1903 476.2747 31 67.00027
528.4455 471.4464 31 67.03363
532.5187 465.6697 31 67.067
538.4384 458.5679 31 67.10037
542.456 452.4146 31 67.13373
545.6073 446.2882 31 67.1671
549.3308 440.654 31 67.20047
556.1024 434.9655 31 67.23383
561.1327 429.3005 31 67.2672
564.8668 423.3138 31 67.30057
567.4464 417.0651 31 67.33393
571.6054 410.5041 31 67.3673
575.6013 403.7331 31 67.40067
578.8608 397.143 31 67.43403
581.5506 390.6229 31 67.4674
587.0352 383.3435 31 67.50077
592.2602 378.4775 31 67.53413
596.6843 377.6633 31 67.5675
599.476 373.5376 31 67.60087
602.883 370.2007 31 67.63423
603.4208 365.6732 31 67.6676
605.9668 360.3496 31 67.70097
607.736 354.2355 31 67.73433
607.5366 348.3205 31 67.7677
608.2978 341.7249 31 67.80107
607.9254 334.9663 31 67.83443
609.553 328.8138 31 67.8678
610.2794 323.3207 31 67.90117
609.6107 317.1781 31 67.93453
607.6306 311.5521 31 67.9679
605.8797 304.6842 31 68.00127
603.5728 297.7004 31 68.03463
600.8634 292.1695 31 68.068
598.2398 286.53 31 68.10137
595.3929 280.3706 31 68.13473
592.4473 273.5921 31 68.1681
589.7956 267.3986 31 68.20147
587.2279 261.1554 31 68.23483
584.5404 255.454 31 68.2682
581.5845 249.227 31 68.30157
579.2279 242.7642 31 68.33493
575.884 236.6626 31 68.3683
572.9831 230.2728 31 68.40167
570.3337 224.038 31 68.43503
567.2486 218.0715 31 68.4684
563.5526 211.4563 31 68.50177
559.4375 205.6531 31 68.53513
555.3287 199.1185 31 68.5685
551.9743 192.4846 31 68.60187
547.7929 186.9417 31 68.63523
544.4043 180.8139 31 68.6686
541.8467 174.9235 31 68.70197
542.438 168.3767 31 68.73533
543.1451 160.9276 31 68.7687
543.1247 154.0564 31 68.80207
546.1331 147.6189 31 68.83543
547.9661 140.9635 31 68.8688
546.769 134.3267 31 68.90217
543.9587 127.9299 31 68.93553
545.1627 120.8318 31 68.9689
543.6224 112.0162 31 69.00227
542.1442 103.1995 31 69.03563
538.1812 96.70567 31 69.069
533.9969 90.03656 31 69.10237
529.6646 85.02393 31 69.13573
527.232 81.30286 31 69.1691
527.0719 76.94601 31 69.20247
524.9909 71.90151 31 69.23583
523.0673 68.54298 31 69.2692
522.9638 64.60566 31 69.30257
523.3989 60.64321 31 69.33593
523.4062 58.85786 31 69.3693
522.1164 57.76049 31 69.40267
520.4583 56.91121 31 69.43603
517.6757 60.04171 31 69.4694
515.9381 60.19524 31 69.50277
514.3705 55.98448 31 69.53613
512.8705 60.5135 31 69.5695
512.2161 62.0244 31 69.60287
508.8264 63.40569 31 69.63623
506.4895 63.72018 31 69.6696
504.2307 62.96182 31 69.70297
503.5771 61.97591 31 69.73633
505.2084 61.28086 31 69.7697
507.9319 57.33273 31 69.80307
510.539 57.04421 31 69.83643
511.8219 57.95947 31 69.8698
515.8384 58.0391 31 69.90317
518.1932 58.25403 31 69.93653
520.3422 59.69068 31 69.9699
521.9841 58.8685 31 70.00327
525.9682 57.15835 31 70.03663
530.0333 57.82556 31 70.07
536.4955 59.91913 31 70.10337
542.2512 62.53601 31 70.13673
546.9347 65.98405 31 70.1701
548.5277 72.16071 31 70.20347
550.9045 76.98428 31 70.23683
550.0587 81.91013 31 70.2702
547.3643 87.61235 31 70.30357
543.6529 93.64862 31 70.33693
540.5968 99.30001 31 70.3703
538.9272 104.9811 31 70.40367
536.9727 110.9029 31 70.43703
535.5329 116.7224 31 70.4704
534.3934 122.486 31 70.50377
532.8456 128.3273 31 70.53713
531.9361 134.7313 31 70.5705
531.0305 141.3206 31 70.60387
530.987 148.9165 31 70.63723
530.5165 156.0045 31 70.6706
530.4305 162.4882 31 70.70397
530.5045 168.9352 31 70.73733
530.4602 175.9263 31 70.7707
530.8187 183.159 31 70.80407
530.4958 190.3471 31 70.83743
530.267 196.62 31 70.8708
523.3735 200.5627 31 70.90417
518.843 205.3593 31 70.93753
513.4 211.8016 31 70.9709
509.6736 218.3196 31 71.00427
504.4045 224.5376 31 71.03763
501.0403 230.6969 31 71.071
498.776 236.892 31 71.10437
496.7776 243.4871 31 71.13773
494.815 249.7418 31 71.1711
493.2523 256.5578 31 71.20447
491.9455 263.674 31 71.23783
490.1191 270.8714 31 71.2712
489.435 277.9906 31 71.30457
488.6 284.1747 31 71.33793
488.3076 291.5436 31 71.3713
489.14 298.8496 31 71.40467
489.1166 306.396 31 71.43803
489.3876 313.8706 31 71.4714
489.9671 321.1185 31 71.50477
490.575 328.0569 31 71.53813
491.8624 334.8086 31 71.5715
493.0734 341.921 31 71.60487
494.7596 349.8202 31 71.63823
496.8385 356.3252 31 71.6716
498.9799 362.476 31 71.70497
502.7628 369.1264 31 71.73833
505.3802 375.772 31 71.7717
508.8468 382.2863 31 71.80507
511.5404 388.5413 31 71.83843
514.8773 394.391 31 71.8718
518.301 400.4349 31 71.90517
521.7765 406.7661 31 71.93853
525.1505 412.956 31 71.9719
528.4115 418.6983 31 72.00527
532.0208 424.2143 31 72.03863
535.8944 429.7845 31 72.072
539.7701 434.8423 31 72.10537
545.1129 440.5667 31 72.13873
549.8517 445.7321 31 72.1721
554.7573 450.9089 31 72.20547
560.1028 455.865 31 72.23883
565.4677 460.6497 31 72.2722
570.5293 464.6701 31 72.30557
575.7557 468.7286 31 72.33893
580.995 471.777 31 72.3723
587.0706 475.0941 31 72.40567
593.0433 478.7408 31 72.43903
599.3495 481.1543 31 72.4724
605.7701 484.6247 31 72.50577
611.4887 487.3636 31 72.53913
617.561 490.2155 31 72.5725
623.9138 492.8594 31 72.60587
630.4866 495.5957 31 72.63923
636.6192 498.0775 31 72.6726
642.9263 500.039 31 72.70597
649.5698 502.3845 31 72.73933
656.3093 503.4226 31 72.7727
662.5992 504.7151 31 72.80607
669.3192 505.7074 31 72.83943
675.6993 506.8454 31 72.8728
682.1996 508.1758 31 72.90617
689.7885 509.4004 31 72.93953
696.199 511.2851 31 72.9729
702.6768 512.4662 31 73.00627
708.832 513.543 31 73.03963
715.7406 513.5394 31 73.073
723.0611 514.6542 31 73.10637
730.3358 514.7112 31 73.13973
737.5568 514.7239 31 73.1731
744.3987 514.3847 31 73.20647
751.0356 514.3251 31 73.23983
758.3013 513.8047 31 73.2732
765.5175 513.2587 31 73.30657
772.3285 512.4056 31 73.33993
779.2479 511.0187 31 73.3733
786.3776 509.1338 31 73.40667
792.822 507.0966 31 73.44003
798.9235 505.3461 31 73.4734
805.3605 502.9506 31 73.50677
812.1133 501.1963 31 73.54013
818.0592 498.4177 31 73.5735
824.8154 496.0768 31 73.60687
831.0968 494.2343 31 73.64023
836.9907 492.6008 31 73.6736
842.8535 490.9615 31 73.70697
848.7797 488.7092 31 73.74033
855.1587 486.964 31 73.7737
862.0451 485.2109 31 73.80707
868.5589 483.0697 31 73.84043
875.1442 481.3222 31 73.8738
882.4225 478.8082 31 73.90717
889.7236 477.2174 31 73.94053
895.804 475.8766 31 73.9739
901.7759 474.0686 31 74.00727
907.6436 472.5974 31 74.04063
913.8684 469.4224 31 74.074
916.1892 467.5135 31 74.10737
915.0832 463.6726 31 74.14073
916.0599 460.6338 31 74.1741
914.6302 456.7064 31 74.20747
914.7185 454.2887 31 74.24083
913.3848 450.1166 31 74.2742
915.1228 445.5647 31 74.30757
914.3449 443.0836 31 74.34093
915.008 440.8856 31 74.3743
914.0272 436.8525 31 74.40767
912.2695 431.5729 31 74.44103
912.1756 425.7298 31 74.4744
909.8044 420.0874 31 74.50777
909.7026 413.5816 31 74.54113
908.4222 409.0241 31 74.5745
907.1547 405.41 31 74.60787
906.9351 402.4749 31 74.64123
904.8993 399.0142 31 74.6746
904.7738 393.7374 31 74.70797
902.6925 387.9166 31 74.74133
901.2947 380.9102 31 74.7747
900.3907 375.0617 31 74.80807
897.2444 369.3862 31 74.84143
896.3008 363.4845 31 74.8748
894.2941 358.971 31 74.90817
893.9498 354.5661 31 74.94153
892.3569 350.6018 31 74.9749
891.2473 346.9056 31 75.00827
889.8354 343.9825 31 75.04163
888.8323 340.6271 31 75.075
888.6269 338.2148 31 75.10837
887.5344 336.9415 31 75.14173
888.3439 339.0441 31 75.1751
889.1773 343.1734 31 75.20847
890.5599 346.786 31 75.24183
892.1548 349.4412 31 75.2752
890.94 348.2836 31 75.30857
887.2932 344.9249 31 75.34193
887.6504 342.6334 31 75.3753
887.67 340.5433 31 75.40867
887.2855 336.8576 31 75.44203
884.9938 333.1636 31 75.4754
882.9795 329.957 31 75.50877
881.482 325.5741 31 75.54213
880.3768 321.6657 31 75.5755
879.954 321.3623 31 75.60887
879.2924 322.4437 31 75.64223
879.3896 324.3379 31 75.6756
880.2583 325.921 31 75.70897
881.8935 324.4751 31 75.74233
882.9357 323.1596 31 75.7757
882.5708 321.366 31 75.80907
880.862 319.6188 31 75.84243
879.4298 317.6574 31 75.8758
878.4338 315.9059 31 75.90917
877.1869 312.1172 31 75.94253
875.0874 307.9494 31 75.9759
871.0464 302.9519 31 76.00927
866.7065 298.8741 31 76.04263
862.8151 293.9303 31 76.076
857.7974 288.7682 31 76.10937
853.3254 284.2135 31 76.14273
849.9338 283.7413 31 76.1761
845.9444 284.9926 31 76.20947
841.405 287.8065 31 76.24283
837.0344 289.3315 31 76.2762
832.6179 292.4288 31 76.30957
827.7815 294.0007 31 76.34293
821.5234 297.3253 31 76.3763
815.4178 299.7004 31 76.40967
810.1399 302.5347 31 76.44303
804.4641 304.927 31 76.4764
798.9452 307.4647 31 76.50977
792.7511 310.0487 31 76.54313
786.1698 312.0025 31 76.5765
778.8877 314.5487 31 76.60987
771.2728 315.9625 31 76.64323
764.3774 317.0482 31 76.6766
757.5619 318.8611 31 76.70997
751.2666 320.6611 31 76.74333
745.1734 323.2239 31 76.7767
738.4498 324.5184 31 76.81007
731.7682 326.5468 31 76.84343
725.4113 328.9196 31 76.8768
718.9121 331.8649 31 76.91017
712.6531 332.6905 31 76.94353
706.4443 334.0878 31 76.9769
700.5579 335.1493 31 77.01027
694.2724 336.3631 31 77.04363
687.5667 337.7427 31 77.077
679.8955 338.675 31 77.11037
673.7957 340.0981 31 77.14373
666.0784 341.4574 31 77.1771
658.8229 341.0202 31 77.21047
651.9323 341.2625 31 77.24383
644.9245 340.9738 31 77.2772
638.2444 340.3015 31 77.31057
631.2571 339.5015 31 77.34393
625.0638 338.963 31 77.3773
618.0402 338.2841 31 77.41067
611.1288 338.4254 31 77.44403
603.7204 338.2234 31 77.4774
595.9953 337.5633 31 77.51077
589.169 337.2645 31 77.54413
581.8915 337.0789 31 77.5775
575.3935 337.0328 31 77.61087
568.3947 337.0536 31 77.64423
562.1013 337.3825 31 77.6776
554.8586 337.7708 31 77.71097
547.5457 339.1048 31 77.74433
540.3606 340.5744 31 77.7777
533.5838 341.4658 31 77.81107
526.9633 342.8682 31 77.84443
520.2595 344.2152 31 77.8778
513.2263 345.7373 31 77.91117
506.8901 347.3523 31 77.94453
500.0107 347.7375 31 77.9779
494.3533 346.6574 31 78.01127
488.3607 346.3697 31 78.04463
482.439 346.6783 31 78.078
475.1976 347.1147 31 78.11137
468.1475 346.4057 31 78.14473
461.2458 345.7656 31 78.1781
454.2182 344.8654 31 78.21147
447.2457 343.8536 31 78.24483
440.4479 342.2645 31 78.2782
433.4752 341.5454 31 78.31157
426.2273 339.8641 31 78.34493
419.5007 337.6677 31 78.3783
412.1353 335.7384 31 78.41167
405.1457 333.4722 31 78.44503
398.3485 331.263 31 78.4784
391.7171 328.9835 31 78.51177
385.1191 326.6516 31 78.54513
378.4514 324.6103 31 78.5785
371.4411 322.6322 31 78.61187
364.7645 320.8482 31 78.64523
357.3675 319.0056 31 78.6786
350.6483 317.6298 31 78.71197
343.6891 316.0086 31 78.74533
336.7113 314.0719 31 78.7787
329.6129 312.5825 31 78.81207
322.7853 311.4032 31 78.84543
315.786 310.3846 31 78.8788
308.5992 308.8644 31 78.91217
300.976 308.0451 31 78.94553
293.4669 307.3769 31 78.9789
286.5478 306.8668 31 79.01227
278.9532 306.5551 31 79.04563
271.2102 305.995 31 79.079
264.3231 305.9452 31 79.11237
257.1737 305.8767 31 79.14573
250.3836 306.0474 31 79.1791
243.0712 305.9962 31 79.21247
236.3974 306.1815 31 79.24583
228.8639 307.4372 31 79.2792
221.0008 308.9074 31 79.31257
213.4865 310.9606 31 79.34593
208.4911 317.1289 31 79.3793
203.5519 323.5467 31 79.41267
197.3097 328.2629 31 79.44603
191.0634 332.1981 31 79.4794
184.2139 335.4699 31 79.51277
177.9333 339.0747 31 79.54613
171.6463 343.6069 31 79.5795
166.1615 348.0706 31 79.61287
161.9791 346.1546 31 79.64623
159.6165 348.1309 31 79.6796
155.6608 347.549 31 79.71297
149.6598 347.1307 31 79.74633
143.7112 345.7253 31 79.7797
136.353 342.6411 31 79.81307
129.7314 342.2245 31 79.84643
122.6197 342.1939 31 79.8798
115.7772 342.5496 31 79.91317
109.2094 342.6713 31 79.94653
102.0051 342.9456 31 79.9799
94.96476 342.8297 31 80.01327
87.60363 342.9202 31 80.04663
80.33994 343.527 31 80.08
73.3547 343.5024 31 80.11337
65.79474 344.0244 31 80.14673
58.99837 345.0877 31 80.1801
59.21301 350.0122 31 80.21347
56.92783 354.2847 31 80.24683
55.34589 358.3578 31 80.2802
53.19689 361.6108 31 80.31357
50.53688 366.7647 31 80.34693
49.68005 372.8644 31 80.3803
47.90748 378.7161 31 80.41367
47.25461 384.9685 31 80.44703
45.78971 391.1394 31 80.4804
42.80636 396.1543 31 80.51377
42.57314 402.6337 31 80.54713
40.87932 409.5255 31 80.5805
38.29738 417.115 31 80.61387
38.1374 423.7637 31 80.64723
36.78665 428.9692 31 80.6806
36.57994 433.3175 31 80.71397
36.22605 433.1099 31 80.74733
37.36632 429.7037 31 80.7807
35.43493 423.6288 31 80.81407
36.15765 417.4808 31 80.84743
37.06423 410.9394 31 80.8808
38.03593 405.0327 31 80.91417
41.44645 399.6047 31 80.94753
43.35371 394.1496 31 80.9809
43.86276 388.1064 31 81.01427
46.04184 382.3576 31 81.04763
46.97524 376.1048 31 81.081
48.10985 369.8128 31 81.11437
49.76876 363.0901 31 81.14773
52.96225 355.6121 31 81.1811
56.86549 348.3957 31 81.21447
59.43915 341.1436 31 81.24783
62.59835 334.3127 31 81.2812
65.5348 327.4446 31 81.31457
66.11489 322.5919 31 81.34793
70.16884 320.2212 31 81.3813
69.441 319.0228 31 81.41467
68.10624 317.6118 31 81.44803
