331.3313 253.2264 5 0
208.2407 246.395 5 0.03336667
207.7174 254.4279 5 0.06673333
207.0756 262.633 5 0.1001
207.102 270.59 5 0.1334667
207.0057 278.2127 5 0.1668333
206.4121 286.0391 5 0.2002
206.8388 293.7768 5 0.2335667
207.1447 301.7111 5 0.2669333
207.8246 309.9023 5 0.3003
208.3105 317.7002 5 0.3336667
209.3779 325.6331 5 0.3670333
209.6436 333.1968 5 0.4004
210.4264 340.9114 5 0.4337667
211.0101 348.8268 5 0.4671333
211.7535 357.0391 5 0.5005
213.5751 365.1594 5 0.5338667
214.6983 373.9037 5 0.5672333
216.8852 382.0859 5 0.6006
218.9742 389.9344 5 0.6339667
221.0211 397.7497 5 0.6673333
223.2154 405.5011 5 0.7007
225.5464 413.5726 5 0.7340667
227.7043 421.6121 5 0.7674333
230.8837 429.7728 5 0.8008
233.7279 437.6204 5 0.8341667
236.951 445.7706 5 0.8675333
239.8447 453.1632 5 0.9009
243.4712 461.361 5 0.9342667
246.4741 468.7284 5 0.9676333
250.0718 476.2173 5 1.001
253.2799 483.1024 5 1.034367
257.3819 489.9609 5 1.067733
261.2385 496.8653 5 1.1011
265.0638 502.9127 5 1.134467
269.5245 508.2591 5 1.167833
272.8316 510.4403 5 1.2012
277.5831 510.4965 5 1.234567
281.0716 512.3538 5 1.267933
286.2916 515.5664 5 1.3013
293.5571 519.1139 5 1.334667
300.7399 522.949 5 1.368033
307.9718 526.429 5 1.4014
315.2381 529.3267 5 1.434767
322.4877 532.5822 5 1.468133
329.5324 535.1844 5 1.5015
336.4585 539.6797 5 1.534867
343.8139 544.3477 5 1.568233
350.3497 548.3535 5 1.6016
357.5752 552.0453 5 1.634967
364.0096 554.9699 5 1.668333
371.256 557.7561 5 1.7017
378.6176 560.6556 5 1.735067
385.8877 565.5186 5 1.768433
394.331 570.1576 5 1.8018
400.6951 574.7955 5 1.835167
407.343 578.8409 5 1.868533
413.3552 583.0722 5 1.9019
419.9047 587.1219 5 1.935267
425.7048 592.1645 5 1.968633
432.2875 598.5284 5 2.002
439.6868 603.4767 5 2.035367
446.9073 607.3383 5 2.068733
454.3235 610.3209 5 2.1021
461.8893 613.37 5 2.135467
469.9615 615.0718 5 2.168833
477.6886 617.255 5 2.2022
485.0493 621.1315 5 2.235567
493.0521 623.6077 5 2.268933
500.8924 624.7595 5 2.3023
509.6177 624.8976 5 2.335667
518.0863 626.5935 5 2.369033
527.7817 626.1603 5 2.4024
537.4171 625.6464 5 2.435767
545.7834 624.8237 5 2.469133
553.102 622.383 5 2.5025
563.0854 622.2479 5 2.535867
572.0153 621.1577 5 2.569233
580.3641 619.7406 5 2.6026
587.9327 619.6266 5 2.635967
596.3457 619.1665 5 2.669333
605.1192 620.251 5 2.7027
614.2934 622.2716 5 2.736067
622.3409 623.0056 5 2.769433
629.585 624.0136 5 2.8028
637.3398 623.748 5 2.836167
644.476 623.1651 5 2.869533
651.2927 622.4024 5 2.9029
658.0228 620.8937 5 2.936267
665.5014 619.906 5 2.969633
673.246 617.7202 5 3.003
680.2907 616.2989 5 3.036367
687.596 614.6528 5 3.069733
693.4789 613.5125 5 3.1031
700.2364 611.4764 5 3.136467
706.8496 609.4873 5 3.169833
713.4239 607.3212 5 3.2032
719.2498 605.1923 5 3.236567
725.2995 602.8641 5 3.269933
731.668 600.9121 5 3.3033
737.2809 598.4338 5 3.336667
743.416 594.6725 5 3.370033
748.6775 591.3601 5 3.4034
754.0326 587.897 5 3.436767
759.6851 584.0086 5 3.470133
765.3117 579.5946 5 3.5035
770.6964 574.9738 5 3.536867
775.2907 569.7837 5 3.570233
780.6536 565.7913 5 3.6036
785.8544 563.1985 5 3.636967
791.7182 560.0901 5 3.670333
796.6628 558.7559 5 3.7037
802.2063 554.7884 5 3.737067
807.2075 552.3245 5 3.770433
813.1483 549.6875 5 3.8038
818.4188 545.6509 5 3.837167
824.2364 542.0333 5 3.870533
830.0382 538.0111 5 3.9039
835.5136 536.2918 5 3.937267
838.7269 535.3665 5 3.970633
842.0626 533.932 5 4.004
845.952 532.7911 5 4.037367
850.8018 531.1906 5 4.070733
853.9828 528.9749 5 4.1041
857.3466 526.322 5 4.137467
860.8743 523.9574 5 4.170833
864.5965 520.9582 5 4.2042
868.5239 518.1566 5 4.237567
872.5065 515.6773 5 4.270933
877.2979 512.6284 5 4.3043
880.5517 509.9339 5 4.337667
883.8323 507.6078 5 4.371033
886.5269 503.8274 5 4.4044
886.3085 502.33 5 4.437767
886.022 497.7937 5 4.471133
886.1678 496.2711 5 4.5045
885.5168 494.9816 5 4.537867
882.4965 491.3827 5 4.571233
880.586 487.3827 5 4.6046
880.348 483.014 5 4.637967
878.9222 479.0191 5 4.671333
877.5083 475.3618 5 4.7047
876.8209 472.7374 5 4.738067
875.613 468.0193 5 4.771433
875.2046 465.6239 5 4.8048
873.6907 463.3035 5 4.838167
873.1744 461.7297 5 4.871533
872.0767 459.5634 5 4.9049
872.6957 457.4585 5 4.938267
872.5646 455.0489 5 4.971633
871.653 452.0882 5 5.005
871.4708 448.6369 5 5.038367
870.7703 444.8401 5 5.071733
869.6762 441.8944 5 5.1051
868.8937 439.6147 5 5.138467
867.7325 438.1821 5 5.171833
866.9503 436.6614 5 5.2052
863.9591 431.8504 5 5.238567
862.739 429.4374 5 5.271933
861.139 427.8999 5 5.3053
860.237 427.5745 5 5.338667
858.984 430.6284 5 5.372033
856.1823 432.8816 5 5.4054
855.3869 436.4289 5 5.438767
855.796 441.0999 5 5.472133
854.9168 445.4519 5 5.5055
852.9173 451.2106 5 5.538867
850.2618 456.6694 5 5.572233
847.424 461.7546 5 5.6056
844.3303 466.4858 5 5.638967
842.3221 472.4345 5 5.672333
839.1036 478.4764 5 5.7057
835.62 485.0979 5 5.739067
832.3281 491.4882 5 5.772433
829.5856 497.5347 5 5.8058
826.5357 503.734 5 5.839167
823.6814 510.5659 5 5.872533
820.4517 516.7001 5 5.9059
818.1977 523.3027 5 5.939267
815.3864 529.38 5 5.972633
812.5119 535.5601 5 6.006
810.1542 541.6966 5 6.039367
807.4241 547.6881 5 6.072733
805.5213 553.8915 5 6.1061
803.1246 560.462 5 6.139467
801.3438 567.1319 5 6.172833
800.2475 573.6389 5 6.2062
798.8598 581.1036 5 6.239567
798.4913 588.9373 5 6.272933
798.1507 596.6162 5 6.3063
798.3628 604.1318 5 6.339667
798.7502 611.0951 5 6.373033
799.1042 618.3442 5 6.4064
797.1833 625.1453 5 6.439767
795.1266 630.5836 5 6.473133
793.6589 636.4797 5 6.5065
792.0778 640.5202 5 6.539867
788.1399 646.5977 5 6.573233
785.7004 653.1454 5 6.6066
782.1164 659.1773 5 6.639967
779.2341 665.8787 5 6.673333
775.4663 672.8607 5 6.7067
771.2946 679.1491 5 6.740067
767.6169 685.6226 5 6.773433
763.6689 691.8408 5 6.8068
759.1885 698.9082 5 6.840167
755.3353 705.327 5 6.873533
751.4256 712.3917 5 6.9069
747.948 719.2209 5 6.940267
744.489 725.7791 5 6.973633
740.8884 732.8546 5 7.007
737.2825 739.6323 5 7.040367
733.4499 746.6073 5 7.073733
729.185 753.4977 5 7.1071
725.5152 759.9158 5 7.140467
721.7969 766.1462 5 7.173833
717.7886 772.9225 5 7.2072
714.3505 779.0534 5 7.240567
711.3859 785.0573 5 7.273933
708.5355 791.7724 5 7.3073
705.5157 799.1426 5 7.340667
702.8598 807.1391 5 7.374033
701.0031 814.3823 5 7.4074
699.3639 821.9995 5 7.440767
698.2282 829.0682 5 7.474133
697.2572 836.6595 5 7.5075
696.8687 844.3141 5 7.540867
696.4817 852.2159 5 7.574233
696.3841 860.1027 5 7.6076
696.5076 868.3011 5 7.640967
696.7932 876.1086 5 7.674333
695.1981 877.1323 5 7.7077
693.5065 878.1817 5 7.741067
692.953 878.7544 5 7.774433
695.5449 876.6633 5 7.8078
698.5726 875.4678 5 7.841167
698.3522 875.05 5 7.874533
697.6955 876.7465 5 7.9079
693.9936 878.0047 5 7.941267
692.8188 878.967 5 7.974633
690.282 880.0963 5 8.008
689.1435 881.5718 5 8.041367
686.3402 882.6136 5 8.074733
682.6133 884.4543 5 8.1081
680.1236 885.3163 5 8.141467
678.5718 886.6837 5 8.174833
678.9301 884.6962 5 8.2082
680.9049 885.1685 5 8.241567
684.7573 886.0379 5 8.274933
685.2596 886.4608 5 8.3083
684.364 884.2354 5 8.341667
687.4994 881.7426 5 8.375033
691.0576 881.1692 5 8.4084
694.1172 880.3285 5 8.441767
696.3131 881.9786 5 8.475133
695.8829 880.0191 5 8.5085
695.4932 879.0348 5 8.541867
696.0719 877.7418 5 8.575233
695.716 877.1578 5 8.6086
695.1652 877.3457 5 8.641967
694.5177 877.3142 5 8.675333
694.3466 877.609 5 8.7087
694.3064 878.1443 5 8.742067
693.9596 878.2546 5 8.775433
692.2812 878.4221 5 8.8088
690.55 875.6035 5 8.842167
686.7453 871.582 5 8.875533
681.9044 867.0591 5 8.9089
677.296 862.6198 5 8.942267
672.1116 857.6768 5 8.975633
666.7583 852.6899 5 9.009
660.583 847.7071 5 9.042367
654.9297 842.4416 5 9.075733
649.0537 836.9358 5 9.1091
643.1021 831.7805 5 9.142467
637.3276 826.5198 5 9.175833
632.0458 821.3422 5 9.2092
625.8663 816.6521 5 9.242567
620.2968 811.2346 5 9.275933
614.3791 805.6139 5 9.3093
608.3945 800.5974 5 9.342667
603.131 795.6701 5 9.376033
596.8985 790.4093 5 9.4094
590.8973 785.3486 5 9.442767
590.2274 781.8033 5 9.476133
590.1783 777.6733 5 9.5095
592.3754 773.1774 5 9.542867
595.2167 767.4581 5 9.576233
598.3464 760.6877 5 9.6096
600.3716 754.0132 5 9.642967
605.5391 746.7841 5 9.676333
607.5815 739.2843 5 9.7097
611.67 732.5251 5 9.743067
615.0017 725.8513 5 9.776433
618.088 718.5177 5 9.8098
619.2563 710.7761 5 9.843167
623.5182 703.469 5 9.876533
627.7829 696.262 5 9.9099
631.3365 688.7255 5 9.943267
634.6585 681.3213 5 9.976633
637.8932 674.0844 5 10.01
640.729 667.2436 5 10.04337
643.5834 660.0933 5 10.07673
645.7339 653.2126 5 10.1101
647.3182 646.0433 5 10.14347
648.4699 638.0277 5 10.17683
649.7409 630.2942 5 10.2102
650.2656 622.5001 5 10.24357
650.339 614.282 5 10.27693
650.1354 606.1151 5 10.3103
650.0313 597.5687 5 10.34367
649.4518 589.5931 5 10.37703
648.9678 581.7085 5 10.4104
648.4217 574.0685 5 10.44377
647.3417 566.6843 5 10.47713
646.5779 559.4422 5 10.5105
645.4134 552.4837 5 10.54387
643.8765 545.4479 5 10.57723
642.0423 538.3945 5 10.6106
639.8731 531.592 5 10.64397
636.9471 524.8598 5 10.67733
633.4729 517.264 5 10.7107
630.4351 510.7462 5 10.74407
631.4655 509.1175 5 10.77743
630.4125 505.6723 5 10.8108
631.9476 503.1744 5 10.84417
630.2998 499.3314 5 10.87753
629.4306 496.8249 5 10.9109
627.5693 494.7649 5 10.94427
625.3997 493.1974 5 10.97763
622.5383 490.7864 5 11.011
619.5654 488.0833 5 11.04437
618.2584 485.9011 5 11.07773
614.4313 482.671 5 11.1111
610.7887 479.8868 5 11.14447
605.3226 478.0835 5 11.17783
598.4194 476.7137 5 11.2112
590.9904 475.1424 5 11.24457
583.6231 473.8803 5 11.27793
576.3784 472.8918 5 11.3113
572.8913 472.3995 5 11.34467
570.682 472.8627 5 11.37803
566.7799 473.5104 5 11.4114
562.177 475.4855 5 11.44477
556.037 476.2038 5 11.47813
550.4379 478.4725 5 11.5115
545.8413 480.187 5 11.54487
540.3487 483.2834 5 11.57823
535.1578 485.8487 5 11.6116
529.3627 489.6681 5 11.64497
524.529 493.8922 5 11.67833
519.7841 498.1251 5 11.7117
515.204 502.6806 5 11.74507
510.2049 507.9993 5 11.77843
505.8084 513.6628 5 11.8118
501.8445 519.4295 5 11.84517
497.9777 525.9692 5 11.87853
496.8418 532.9639 5 11.9119
495.7571 539.6956 5 11.94527
493.3761 546.819 5 11.97863
492.1035 554.1351 5 12.012
490.3817 561.5075 5 12.04537
488.6221 568.6562 5 12.07873
487.7825 576.2757 5 12.1121
486.8449 583.547 5 12.14547
486.5766 590.9905 5 12.17883
485.8869 598.3408 5 12.2122
485.6757 605.6105 5 12.24557
485.5 612.5276 5 12.27893
485.3703 619.5167 5 12.3123
485.1753 627.1909 5 12.34567
485.3616 634.6838 5 12.37903
485.9695 642.1488 5 12.4124
486.7551 649.4493 5 12.44577
487.5079 656.3163 5 12.47913
488.1815 663.3718 5 12.5125
489.2166 670.6253 5 12.54587
490.6546 678.0604 5 12.57923
494.6464 684.614 5 12.6126
500.5097 690.8991 5 12.64597
505.7087 697.8587 5 12.67933
510.1013 704.9849 5 12.7127
514.602 712.207 5 12.74607
518.5717 718.9302 5 12.77943
522.6394 725.4514 5 12.8128
527.2434 731.5897 5 12.84617
531.9471 737.3321 5 12.87953
536.587 742.6806 5 12.9129
541.5909 747.6507 5 12.94627
547.1545 751.9763 5 12.97963
552.433 756.604 5 13.013
559.2191 761.1316 5 13.04637
566.7028 765.2074 5 13.07973
573.4575 769.6064 5 13.1131
580.2718 773.8478 5 13.14647
587.1087 777.5994 5 13.17983
593.888 781.5107 5 13.2132
601.077 785.126 5 13.24657
608.0927 788.7519 5 13.27993
614.7998 792.0691 5 13.3133
621.0373 795.8238 5 13.34667
626.8917 798.8725 5 13.38003
632.8239 802.1544 5 13.4134
638.5259 805.4869 5 13.44677
645.4598 809.1741 5 13.48013
651.9105 812.6086 5 13.5135
658.9176 816.0585 5 13.54687
665.7023 819.7981 5 13.58023
672.1006 824.2843 5 13.6136
678.7205 828.5753 5 13.64697
685.1673 833.5292 5 13.68033
691.4616 838.3454 5 13.7137
697.1759 843.4189 5 13.74707
702.2723 848.9243 5 13.78043
707.6655 853.6632 5 13.8138
713.0945 859.1183 5 13.84717
718.0158 863.9847 5 13.88053
719.0099 862.3951 5 13.9139
721.4813 860.5142 5 13.94727
723.3573 858.0904 5 13.98063
726.3243 857.3144 5 14.014
729.453 855.5668 5 14.04737
731.1377 853.7509 5 14.08073
736.129 851.8464 5 14.1141
739.3988 848.5343 5 14.14747
743.6861 845.7969 5 14.18083
748.7518 841.1118 5 14.2142
751.4322 837.4882 5 14.24757
754.7728 837.6919 5 14.28093
754.423 836.5306 5 14.3143
757.2078 835.2872 5 14.34767
759.0731 834.4874 5 14.38103
761.5768 831.3221 5 14.4144
764.4188 828.4214 5 14.44777
766.6184 826.9218 5 14.48113
767.2859 825.6462 5 14.5145
768.0364 825.7398 5 14.54787
767.1001 827.0276 5 14.58123
766.0781 827.4215 5 14.6146
763.1675 828.9949 5 14.64797
759.2829 831.5246 5 14.68133
754.9798 836.6889 5 14.7147
753.0814 840.477 5 14.74807
748.5203 843.0066 5 14.78143
742.3429 846.4276 5 14.8148
736.4644 850.3504 5 14.84817
731.221 854.6876 5 14.88153
727.3108 857.6288 5 14.9149
724.5936 859.5471 5 14.94827
721.7909 862.204 5 14.98163
719.532 863.2489 5 15.015
718.5624 863.7688 5 15.04837
720.6315 863.0898 5 15.08173
721.3575 861.1344 5 15.1151
724.0436 856.3602 5 15.14847
728.2537 852.2951 5 15.18183
732.4302 850.8088 5 15.2152
737.7965 851.1463 5 15.24857
742.0596 848.6122 5 15.28193
744.9523 844.5098 5 15.3153
748.7235 840.3367 5 15.34867
753.6803 836.3714 5 15.38203
759.7583 833.0846 5 15.4154
766.111 830.2456 5 15.44877
768.6891 824.7142 5 15.48213
772.3114 819.811 5 15.5155
776.7633 815.4751 5 15.54887
783.1628 813.7851 5 15.58223
786.3083 811.0626 5 15.6156
787.2542 805.2615 5 15.64897
791.1274 801.7573 5 15.68233
796.3581 798.2872 5 15.7157
802.786 797.8363 5 15.74907
805.4342 793.3609 5 15.78243
807.7031 789.657 5 15.8158
810.3822 787.4191 5 15.84917
812.9328 784.7999 5 15.88253
816.093 780.8939 5 15.9159
817.9684 779.0076 5 15.94927
820.3528 777.0142 5 15.98263
823.3662 772.2217 5 16.016
826.6429 769.6787 5 16.04937
827.0359 769.4199 5 16.08273
827.3286 767.3726 5 16.1161
825.6603 767.3381 5 16.14947
826.4764 764.3358 5 16.18283
827.2674 761.7949 5 16.2162
828.3132 759.7582 5 16.24957
829.6688 759.5 5 16.28293
831.4537 760.0463 5 16.3163
833.7871 759.3855 5 16.34967
833.9068 758.2429 5 16.38303
836.7333 756.7632 5 16.4164
837.4514 753.8622 5 16.44977
838.7707 751.9035 5 16.48313
839.2274 750.3208 5 16.5165
840.0813 750.0496 5 16.54987
840.5518 751.2453 5 16.58323
841.1699 750.5665 5 16.6166
843.4771 749.2079 5 16.64997
845.6736 749.2144 5 16.68333
845.2907 747.2081 5 16.7167
849.2464 742.8915 5 16.75007
850.4711 738.32 5 16.78343
848.9025 738.193 5 16.8168
850.4256 736.6544 5 16.85017
851.4037 734.2526 5 16.88353
849.6339 732.2904 5 16.9169
849.1388 726.4167 5 16.95027
845.0825 722.862 5 16.98363
842.0867 715.4589 5 17.017
835.9381 710.043 5 17.05037
828.9356 704.8306 5 17.08373
822.2362 700.2578 5 17.1171
815.7085 695.7423 5 17.15047
808.9044 691.6558 5 17.18383
802.4704 687.4102 5 17.2172
796.3956 683.8813 5 17.25057
790.5678 680.3366 5 17.28393
784.2818 676.7526 5 17.3173
777.7609 673.5191 5 17.35067
770.7169 671.3934 5 17.38403
763.3042 669.6195 5 17.4174
755.3146 669.4662 5 17.45077
747.1173 668.2188 5 17.48413
739.172 668.0303 5 17.5175
735.2757 667.8345 5 17.55087
732.367 667.1769 5 17.58423
727.8482 666.8322 5 17.6176
722.1479 666.1067 5 17.65097
718.4923 665.8049 5 17.68433
715.8112 668.4682 5 17.7177
710.3466 667.3553 5 17.75107
703.5586 667.0942 5 17.78443
696.875 666.1014 5 17.8178
689.1937 666.1771 5 17.85117
681.755 665.9689 5 17.88453
673.3948 665.7336 5 17.9179
664.9766 665.6298 5 17.95127
656.9704 665.536 5 17.98463
649.1469 665.644 5 18.018
641.4982 665.6048 5 18.05137
633.7444 666.0281 5 18.08473
625.8073 666.8714 5 18.1181
618.6693 667.4253 5 18.15147
610.8485 667.7023 5 18.18483
603.5762 667.8146 5 18.2182
595.5837 668.3241 5 18.25157
587.2381 668.6737 5 18.28493
579.2912 668.9574 5 18.3183
571.5838 669.4119 5 18.35167
563.643 670.4802 5 18.38503
555.9392 671.9145 5 18.4184
548.2113 673.2257 5 18.45177
540.0511 674.7343 5 18.48513
532.6594 676.4662 5 18.5185
524.5117 678.7906 5 18.55187
517.2606 681.2862 5 18.58523
509.8603 683.8622 5 18.6186
502.8658 686.5004 5 18.65197
495.6171 689.6264 5 18.68533
487.8128 691.8484 5 18.7187
480.4106 693.4937 5 18.75207
472.9831 695.6222 5 18.78543
465.7506 698.4212 5 18.8188
457.9677 701.7309 5 18.85217
450.7851 704.9831 5 18.88553
443.619 707.8388 5 18.9189
436.3282 711.0909 5 18.95227
428.9475 714.2151 5 18.98563
421.7619 716.7035 5 19.019
415.0812 719.2138 5 19.05237
408.3103 721.9141 5 19.08573
401.1534 725.6954 5 19.1191
394.1648 729.229 5 19.15247
387.6847 732.487 5 19.18583
381.3658 735.3992 5 19.2192
374.8985 738.5788 5 19.25257
368.5127 742.268 5 19.28593
361.7915 746.3684 5 19.3193
355.4669 750.1346 5 19.35267
348.6717 753.8325 5 19.38603
342.8846 757.9201 5 19.4194
336.8265 761.9759 5 19.45277
330.7284 766.4771 5 19.48613
325.233 770.6374 5 19.5195
319.4832 775.1485 5 19.55287
312.4252 778.9329 5 19.58623
305.8638 782.7826 5 19.6196
299.6616 786.7671 5 19.65297
294.0866 791.723 5 19.68633
287.7972 796.3198 5 19.7197
280.9649 799.858 5 19.75307
275.2106 804.022 5 19.78643
269.5453 808.8062 5 19.8198
263.6286 813.6965 5 19.85317
257.0967 817.6825 5 19.88653
250.1466 821.4544 5 19.9199
243.5494 825.4653 5 19.95327
236.9935 830.0592 5 19.98663
230.2728 834.7889 5 20.02
224.5809 839.6983 5 20.05337
218.4911 844.2791 5 20.08673
213.8605 847.0766 5 20.1201
210.0609 844.5606 5 20.15347
207.1278 842.348 5 20.18683
204.7607 840.3183 5 20.2202
201.9698 837.7239 5 20.25357
199.0217 836.1187 5 20.28693
197.0743 832.5069 5 20.3203
191.3082 829.1693 5 20.35367
187.1916 825.5195 5 20.38703
183.2307 822.5119 5 20.4204
177.0149 816.5628 5 20.45377
172.3292 812.549 5 20.48713
171.1043 808.739 5 20.5205
170.4071 805.5779 5 20.55387
164.5247 805.0721 5 20.58723
161.9384 801.9867 5 20.6206
157.7884 800.9364 5 20.65397
156.6416 798.5576 5 20.68733
154.5285 796.357 5 20.7207
153.2324 795.5802 5 20.75407
151.0218 792.2402 5 20.78743
148.4985 790.2713 5 20.8208
146.3737 788.8566 5 20.85417
145.4007 786.2408 5 20.88753
142.1879 784.2808 5 20.9209
142.3908 782.2196 5 20.95427
141.7004 778.3873 5 20.98763
140.6995 777.5929 5 21.021
136.0994 777.0757 5 21.05437
132.9433 775.3054 5 21.08773
127.1176 770.6651 5 21.1211
122.8223 766.0251 5 21.15447
119.6321 760.365 5 21.18783
115.4577 754.2191 5 21.2212
110.5927 746.9149 5 21.25457
106.6355 739.7353 5 21.28793
102.1734 735.5621 5 21.3213
98.10847 731.8228 5 21.35467
96.87432 727.0468 5 21.38803
98.7971 721.9205 5 21.4214
99.18865 716.6638 5 21.45477
98.56356 711.3949 5 21.48813
99.92634 707.7531 5 21.5215
100.8595 703.0917 5 21.55487
103.0179 698.5264 5 21.58823
103.4804 692.3355 5 21.6216
106.1139 689.1502 5 21.65497
108.5934 686.3223 5 21.68833
110.7442 681.8814 5 21.7217
114.2574 676.4235 5 21.75507
118.1357 671.2571 5 21.78843
121.9495 666.6982 5 21.8218
126.1655 665.3542 5 21.85517
131.9002 665.9332 5 21.88853
139.6411 666.8247 5 21.9219
148.2866 667.5879 5 21.95527
156.2212 668.0512 5 21.98863
164.0039 668.0478 5 22.022
172.2714 667.9053 5 22.05537
179.5696 667.073 5 22.08873
186.7522 665.7951 5 22.1221
194.3702 664.8098 5 22.15547
201.9865 663.5758 5 22.18883
209.1591 662.2597 5 22.2222
216.1502 661.4109 5 22.25557
223.5265 660.4119 5 22.28893
230.799 658.9297 5 22.3223
238.123 657.7483 5 22.35567
245.4236 655.9982 5 22.38903
253.3618 654.6938 5 22.4224
260.8583 653.0015 5 22.45577
268.4708 651.2023 5 22.48913
276.0466 648.9481 5 22.5225
283.1162 646.3788 5 22.55587
289.7413 643.9342 5 22.58923
296.5954 640.8398 5 22.6226
303.0108 637.3993 5 22.65597
310.1251 633.2825 5 22.68933
316.6709 629.4587 5 22.7227
322.9023 625.1737 5 22.75607
329.6704 620.2493 5 22.78943
335.9833 615.6215 5 22.8228
342.2898 611.5452 5 22.85617
347.8403 606.2448 5 22.88953
353.479 598.0301 5 22.9229
358.9668 591.5818 5 22.95627
364.6532 586.1157 5 22.98963
370.2988 580.945 5 23.023
375.5898 576.2059 5 23.05637
381.3141 570.973 5 23.08973
387.0926 565.7915 5 23.1231
392.9195 560.8965 5 23.15647
398.4046 556.0768 5 23.18983
403.7574 551.0402 5 23.2232
408.7804 544.8875 5 23.25657
413.9106 538.3676 5 23.28993
421.8231 523.4365 5 23.3233
421.8231 523.4365 5 23.35667
424.5221 515.8888 5 23.39003
427.9832 501.4912 5 23.4234
427.9832 501.4912 5 23.45677
429.8326 494.3132 5 23.49013
432.1776 481.3003 5 23.5235
432.1776 481.3003 5 23.55687
433.695 474.6674 5 23.59023
436.4932 460.617 5 23.6236
436.4932 460.617 5 23.65697
438.4405 447.3036 5 23.69033
434.0659 448.3389 5 23.7237
434.0659 448.3389 5 23.75707
428.322 444.5891 5 23.79043
422.8832 442.2225 5 23.8238
422.8832 442.2225 5 23.85717
415.8298 439.7152 5 23.89053
413.0256 439.3781 5 23.9239
409.9763 439.3584 5 23.95727
406.1399 439.101 5 23.99063
401.3368 439.1319 5 24.024
396.5969 437.0868 5 24.05737
389.9022 434.0517 5 24.09073
383.1063 432.5281 5 24.1241
377.414 432.8654 5 24.15747
373.1255 434.1325 5 24.19083
368.5103 435.4461 5 24.2242
364.144 436.9704 5 24.25757
360.0131 436.9288 5 24.29093
357.9716 433.3245 5 24.3243
354.5481 429.8968 5 24.35767
350.4251 429.0213 5 24.39103
345.5334 426.8386 5 24.4244
338.7287 424.3378 5 24.45777
331.072 422.8336 5 24.49113
323.8479 424.316 5 24.5245
316.0637 426.0218 5 24.55787
308.6652 429.2569 5 24.59123
301.3196 432.4188 5 24.6246
294.5715 436.2718 5 24.65797
288.1454 440.5344 5 24.69133
281.4939 445.3308 5 24.7247
275.1 450.2919 5 24.75807
268.4996 455.3499 5 24.79143
262.3433 460.4625 5 24.8248
256.3926 465.5264 5 24.85817
250.8939 470.4922 5 24.89153
245.453 475.5673 5 24.9249
240.1044 480.7283 5 24.95827
234.8212 486.0885 5 24.99163
229.8331 490.904 5 25.025
224.4279 495.562 5 25.05837
219.2763 500.6611 5 25.09173
213.2582 506.1627 5 25.1251
208.478 511.2858 5 25.15847
202.8392 516.0973 5 25.19183
197.0648 521.6305 5 25.2252
191.9935 523.1337 5 25.25857
187.5437 523.5709 5 25.29193
182.781 525.3883 5 25.3253
179.0863 529.0895 5 25.35867
175.3775 529.6017 5 25.39203
173.2544 529.7076 5 25.4254
170.2714 532.1899 5 25.45877
169.2403 534.9615 5 25.49213
166.9351 537.602 5 25.5255
165.7471 541.8814 5 25.55887
165.5523 548.3322 5 25.59223
165.2609 555.3622 5 25.6256
165.4231 562.5508 5 25.65897
165.7293 570.0225 5 25.69233
166.5829 577.2979 5 25.7257
167.5203 584.579 5 25.75907
169.5319 592.176 5 25.79243
171.8712 600.6653 5 25.8258
174.8793 608.6323 5 25.85917
177.5657 616.3474 5 25.89253
181.1335 623.9444 5 25.9259
184.4579 630.7325 5 25.95927
188.134 637.4702 5 25.99263
191.6012 644.167 5 26.026
195.708 650.5819 5 26.05937
200.2199 656.6178 5 26.09273
204.0643 663.4784 5 26.1261
208.5425 669.8813 5 26.15947
212.1891 676.6501 5 26.19283
216.0902 682.8484 5 26.2262
219.3701 689.1852 5 26.25957
223.0935 695.4561 5 26.29293
226.7351 702.393 5 26.3263
230.6593 709.6951 5 26.35967
234.4935 716.537 5 26.39303
237.6384 722.9848 5 26.4264
240.9177 729.9819 5 26.45977
244.3934 737.0867 5 26.49313
247.5133 743.805 5 26.5265
250.9727 750.7657 5 26.55987
254.3226 757.6661 5 26.59323
258.1268 764.5135 5 26.6266
261.6315 771.1492 5 26.65997
265.2671 778.0314 5 26.69333
269.8142 784.6639 5 26.7267
273.7075 790.9155 5 26.76007
278.1819 797.0727 5 26.79343
283.1158 803.451 5 26.8268
287.3348 809.3295 5 26.86017
292.778 815.1953 5 26.89353
298.0118 820.9741 5 26.9269
303.719 826.4921 5 26.96027
309.1042 832.282 5 26.99363
315.0387 837.7452 5 27.027
321.054 843.1868 5 27.06037
326.9155 848.1542 5 27.09373
332.7227 853.4541 5 27.1271
338.6613 858.3627 5 27.16047
345.0504 863.5707 5 27.19383
351.5339 868.0403 5 27.2272
358.4609 872.1233 5 27.26057
365.0036 876.1409 5 27.29393
372.2242 879.4055 5 27.3273
378.834 881.8732 5 27.36067
385.6965 883.8662 5 27.39403
392.7316 885.5513 5 27.4274
401.1437 887.6625 5 27.46077
406.3288 885.0244 5 27.49413
412.4929 882.3769 5 27.5275
419.4883 880.5527 5 27.56087
427.4319 878.9524 5 27.59423
434.9233 876.7249 5 27.6276
443.1923 874.242 5 27.66097
450.7483 871.5287 5 27.69433
457.9795 868.6596 5 27.7277
464.7593 865.9214 5 27.76107
471.1291 863.0073 5 27.79443
477.5558 859.5341 5 27.8278
483.4261 855.9825 5 27.86117
487.9062 851.9841 5 27.89453
487.384 846.2157 5 27.9279
487.227 839.4372 5 27.96127
489.7645 833.3385 5 27.99463
492.0308 827.6533 5 28.028
495.4237 822.0319 5 28.06137
499.7858 817.1101 5 28.09473
503.684 812.8528 5 28.1281
509.147 808.2315 5 28.16147
513.8709 803.4056 5 28.19483
519.2214 797.9451 5 28.2282
524.3707 792.6768 5 28.26157
530.4471 787.2701 5 28.29493
535.8149 781.8201 5 28.3283
541.4424 776.6336 5 28.36167
546.7713 771.67 5 28.39503
552.1358 766.8365 5 28.4284
557.0682 762.1 5 28.46177
561.8609 756.6813 5 28.49513
567.0961 750.9871 5 28.5285
571.4817 745.5286 5 28.56187
575.6528 739.9441 5 28.59523
580.3446 734.2075 5 28.6286
584.8268 727.5577 5 28.66197
588.4274 721.6446 5 28.69533
592.4297 714.6745 5 28.7287
595.0677 708.408 5 28.76207
598.7037 700.5509 5 28.79543
601.1886 693.1708 5 28.8288
603.5799 686.2781 5 28.86217
605.7798 678.9092 5 28.89553
608.711 671.8636 5 28.9289
611.8787 664.3298 5 28.96227
615.0735 656.9633 5 28.99563
617.768 649.6001 5 29.029
620.8251 642.255 5 29.06237
623.4701 634.8241 5 29.09573
626.0813 627.0544 5 29.1291
628.441 619.2499 5 29.16247
630.2382 611.9418 5 29.19583
631.6862 604.6818 5 29.2292
632.871 597.0483 5 29.26257
633.3685 589.1459 5 29.29593
634.1277 580.9079 5 29.3293
633.5104 572.1485 5 29.36267
632.7705 564.1792 5 29.39603
631.5915 556.4118 5 29.4294
630.2396 549.1508 5 29.46277
628.6162 542.3278 5 29.49613
626.7027 535.3419 5 29.5295
624.6366 527.6396 5 29.56287
622.0622 520.2789 5 29.59623
620.1823 512.3979 5 29.6296
616.7979 505.8762 5 29.66297
614.3776 498.8181 5 29.69633
610.2125 491.4629 5 29.7297
607.5099 485.0641 5 29.76307
604.5114 478.2646 5 29.79643
602.0983 472.4187 5 29.8298
599.0639 466.1263 5 29.86317
595.755 459.4112 5 29.89653
592.8028 452.9531 5 29.9299
589.4184 446.0798 5 29.96327
586.9389 439.9532 5 29.99663
583.4138 433.6695 5 30.03
580.1353 427.3282 5 30.06337
576.866 420.5297 5 30.09673
573.0663 414.3086 5 30.1301
569.1787 408.837 5 30.16347
564.8607 402.4556 5 30.19683
560.244 396.7576 5 30.2302
555.1755 390.9197 5 30.26357
550.4321 385.5298 5 30.29693
544.4623 380.8408 5 30.3303
538.9406 375.5156 5 30.36367
532.4748 370.6875 5 30.39703
525.1612 365.6215 5 30.4304
518.5012 360.9621 5 30.46377
511.8623 356.9778 5 30.49713
505.4457 353.1906 5 30.5305
498.6895 349.6084 5 30.56387
492.4866 345.7138 5 30.59723
484.1663 341.9534 5 30.6306
477.6947 338.4403 5 30.66397
469.4321 335.5147 5 30.69733
462.7018 333.4975 5 30.7307
454.9383 330.7464 5 30.76407
447.7315 328.291 5 30.79743
441.0817 325.4922 5 30.8308
433.7716 322.9356 5 30.86417
427.2874 320.4902 5 30.89753
419.681 317.8798 5 30.9309
412.862 315.488 5 30.96427
405.8633 312.7632 5 30.99763
398.8044 310.9601 5 31.031
391.3328 308.5555 5 31.06437
384.6859 306.1725 5 31.09773
377.9869 303.4993 5 31.1311
371.6529 301.1648 5 31.16447
365.0286 298.8654 5 31.19783
358.2336 296.2666 5 31.2312
350.9376 294.7866 5 31.26457
343.7636 292.3603 5 31.29793
336.0745 290.4643 5 31.3313
328.1274 288.8478 5 31.36467
319.5663 287.9911 5 31.39803
311.2829 287.1538 5 31.4314
302.8171 286.781 5 31.46477
294.838 287.5222 5 31.49813
286.0023 287.7679 5 31.5315
278.5214 288.7595 5 31.56487
270.8711 290.2065 5 31.59823
263.3044 290.7913 5 31.6316
256.515 293.1016 5 31.66497
248.1376 294.2896 5 31.69833
241.2646 296.6083 5 31.7317
232.9702 298.862 5 31.76507
225.7394 301.5237 5 31.79843
217.8355 304.1556 5 31.8318
210.0274 306.5249 5 31.86517
202.4049 309.7148 5 31.89853
195.0987 312.8119 5 31.9319
187.4228 316.3438 5 31.96527
180.2129 320.1505 5 31.99863
173.0989 323.7684 5 32.032
165.6894 328.6398 5 32.06537
159.2106 333.3199 5 32.09873
152.6732 338.7349 5 32.1321
146.5811 344.4291 5 32.16547
140.6134 349.9073 5 32.19883
135.1675 355.7648 5 32.2322
129.9636 361.7557 5 32.26557
125.1637 367.8413 5 32.29893
120.2487 374.0604 5 32.3323
115.6029 380.5954 5 32.36567
111.434 387.5133 5 32.39903
107.153 394.2382 5 32.4324
103.6423 401.192 5 32.46577
99.67028 407.5502 5 32.49913
96.41908 415.2017 5 32.5325
94.9391 423.6808 5 32.56587
90.48912 430.6604 5 32.59923
89.17924 438.979 5 32.6326
86.57023 446.2256 5 32.66597
84.16587 453.6441 5 32.69933
82.24786 461.0343 5 32.7327
80.1065 468.1164 5 32.76607
79.15099 475.813 5 32.79943
77.44038 482.8667 5 32.8328
76.28241 490.3473 5 32.86617
75.07659 497.8539 5 32.89953
74.97291 505.5719 5 32.9329
75.00905 512.9773 5 32.96627
75.42416 520.1321 5 32.99963
76.61654 527.6456 5 33.033
78.2255 535.4077 5 33.06637
80.6878 543.3358 5 33.09973
85.10725 546.824 5 33.1331
89.73903 551.6208 5 33.16647
93.16667 556.7788 5 33.19983
96.84144 562.2954 5 33.2332
100.6023 568.4353 5 33.26657
104.2704 574.2478 5 33.29993
108.4444 580.3542 5 33.3333
112.7615 586.1918 5 33.36667
117.2448 591.7347 5 33.40003
122.3006 595.8472 5 33.4334
128.818 601.4008 5 33.46677
133.5057 606.049 5 33.50013
141.0115 610.9076 5 33.5335
149.0447 614.7477 5 33.56687
154.8163 618.7563 5 33.60023
163.4553 622.5508 5 33.6336
169.2147 625.6028 5 33.66697
177.2093 628.5972 5 33.70033
183.6926 630.9481 5 33.7337
191.5654 633.2698 5 33.76707
198.9389 635.287 5 33.80043
205.6387 636.7183 5 33.8338
212.6433 637.9678 5 33.86717
219.5011 639.0971 5 33.90053
227.019 640.7551 5 33.9339
234.0192 642.4338 5 33.96727
241.4339 644.0846 5 34.00063
247.7833 646.0684 5 34.034
254.8868 647.1376 5 34.06737
261.5216 649.3716 5 34.10073
268.5109 650.8302 5 34.1341
275.2186 654.1289 5 34.16747
279.8622 663.2778 5 34.20083
286.2173 671.2278 5 34.2342
292.7263 677.5682 5 34.26757
299.9426 682.6247 5 34.30093
306.6049 687.0938 5 34.3343
313.7043 690.8333 5 34.36767
320.4193 695.9412 5 34.40103
327.2344 701.4372 5 34.4344
333.9241 705.182 5 34.46777
339.9261 709.8149 5 34.50113
345.8289 714.1189 5 34.5345
353.5673 718.006 5 34.56787
358.6804 722.7812 5 34.60123
365.8865 726.0857 5 34.6346
371.9353 730.348 5 34.66797
378.6196 733.76 5 34.70133
385.6886 736.8694 5 34.7347
392.0047 739.431 5 34.76807
399.4348 741.3234 5 34.80143
405.4216 743.7279 5 34.8348
412.7234 744.9254 5 34.86817
419.374 746.8817 5 34.90153
426.8558 747.3134 5 34.9349
433.8832 747.3799 5 34.96827
440.6992 747.3609 5 35.00163
447.957 746.7211 5 35.035
456.0972 745.2613 5 35.06837
464.3449 743.1198 5 35.10173
472.4653 740.7463 5 35.1351
480.5942 737.2526 5 35.16847
487.6141 733.5051 5 35.20183
494.2895 729.8154 5 35.2352
501.1847 725.9372 5 35.26857
507.5427 721.6542 5 35.30193
514.4323 717.0731 5 35.3353
520.6378 712.4294 5 35.36867
526.5506 707.2982 5 35.40203
532.6599 702.6014 5 35.4354
538.0538 696.7893 5 35.46877
542.309 691.3711 5 35.50213
548.4979 685.1174 5 35.5355
553.3184 678.3063 5 35.56887
557.748 671.9156 5 35.60223
562.7886 665.0928 5 35.6356
566.0094 659.1984 5 35.66897
569.4325 652.6774 5 35.70233
571.9811 646.3915 5 35.7357
575.5516 639.7213 5 35.76907
577.8804 632.9739 5 35.80243
580.0934 626.1357 5 35.8358
582.3364 619.4055 5 35.86917
584.4124 612.4256 5 35.90253
586.4791 605.7437 5 35.9359
588.5396 598.4475 5 35.96927
590.6464 590.9989 5 36.00263
592.3995 583.3659 5 36.036
593.9772 575.4843 5 36.06937
594.6651 568.1186 5 36.10273
595.7322 560.8044 5 36.1361
596.1745 553.5782 5 36.16947
596.0747 545.1871 5 36.20283
595.8613 538.0119 5 36.2362
595.6948 530.2117 5 36.26957
594.7009 523.2148 5 36.30293
593.415 515.8836 5 36.3363
591.7497 509.0795 5 36.36967
589.688 502.4095 5 36.40303
587.1609 495.6 5 36.4364
584.0975 489.6949 5 36.46977
583.7683 484.3655 5 36.50313
581.5198 479.3892 5 36.5365
579.7929 473.8964 5 36.56987
577.4064 467.1941 5 36.60323
575.3267 461.1271 5 36.6366
573.6617 454.7996 5 36.66997
570.5088 448.6925 5 36.70333
567.8664 441.791 5 36.7367
564.3798 434.9444 5 36.77007
561.4607 427.6497 5 36.80343
557.6414 420.898 5 36.8368
554.256 414.1319 5 36.87017
550.456 406.8606 5 36.90353
547.1082 400.119 5 36.9369
543.89 393.3355 5 36.97027
541.0654 386.5909 5 37.00363
538.2975 379.8612 5 37.037
535.4944 372.4981 5 37.07037
532.6437 365.3242 5 37.10373
529.8212 358.0078 5 37.1371
527.1319 350.7535 5 37.17047
524.0156 343.419 5 37.20383
520.9562 336.0452 5 37.2372
517.5413 328.822 5 37.27057
514.1918 322.0666 5 37.30393
510.5044 315.2799 5 37.3373
508.0174 308.8035 5 37.37067
504.5066 302.705 5 37.40403
500.0055 297.4111 5 37.4374
495.9926 292.3748 5 37.47077
489.4378 286.2811 5 37.50413
485.3354 281.8926 5 37.5375
479.4393 275.8757 5 37.57087
473.8227 270.9575 5 37.60423
468.4721 265.3871 5 37.6376
462.318 260.0409 5 37.67097
456.9004 255.4603 5 37.70433
450.0303 249.6326 5 37.7377
443.9953 245.3326 5 37.77107
437.1955 240.5366 5 37.80443
430.8191 236.5475 5 37.8378
423.7334 232.8088 5 37.87117
417.0318 229.2419 5 37.90453
409.967 225.8223 5 37.9379
402.6687 221.7954 5 37.97127
396.1101 218.2168 5 38.00463
389.5961 213.9658 5 38.038
383.0496 209.9461 5 38.07137
376.2855 205.8456 5 38.10473
369.7605 201.5861 5 38.1381
362.8291 198.7045 5 38.17147
355.9517 194.5738 5 38.20483
348.4039 192.0337 5 38.2382
340.2637 189.6095 5 38.27157
332.3262 186.933 5 38.30493
324.2686 184.7291 5 38.3383
316.4185 182.7173 5 38.37167
307.9872 181.0321 5 38.40503
300.7242 179.5537 5 38.4384
291.8741 178.7928 5 38.47177
285.3657 178.3278 5 38.50513
277.0368 178.8035 5 38.5385
268.4498 178.4345 5 38.57187
261.3148 179.7574 5 38.60523
253.0694 180.7096 5 38.6386
252.7809 185.712 5 38.67197
250.0884 190.2903 5 38.70533
248.1752 196.4346 5 38.7387
243.0833 201.3457 5 38.77207
235.995 206.624 5 38.80543
228.7394 210.63 5 38.8388
221.1202 214.6445 5 38.87217
214.3762 217.6115 5 38.90553
207.0563 220.8345 5 38.9389
200.2851 224.2506 5 38.97227
192.6913 227.7301 5 39.00563
186.4486 231.8195 5 39.039
179.6281 235.7043 5 39.07237
173.7208 240.0037 5 39.10573
167.2002 244.1399 5 39.1391
160.6285 248.515 5 39.17247
154.1715 252.3759 5 39.20583
147.4267 255.9991 5 39.2392
141.3345 260.1731 5 39.27257
134.1835 264.1378 5 39.30593
127.5008 268.5781 5 39.3393
121.2296 272.6715 5 39.37267
118.2198 276.1417 5 39.40603
113.4882 280.4794 5 39.4394
109.0573 284.6116 5 39.47277
106.1727 289.6577 5 39.50613
99.93411 294.8735 5 39.5395
99.93117 298.8945 5 39.57287
97.05156 302.5714 5 39.60623
99.06039 305.6044 5 39.6396
99.18231 309.4841 5 39.67297
103.2732 313.0686 5 39.70633
108.725 318.0796 5 39.7397
113.2847 323.4409 5 39.77307
116.7479 327.1228 5 39.80643
118.4269 330.3882 5 39.8398
122.8439 334.725 5 39.87317
126.9141 339.5301 5 39.90653
132.8244 344.7736 5 39.9399
137.5387 350.2154 5 39.97327
143.5762 355.5034 5 40.00663
149.9378 360.4752 5 40.04
156.8659 365.1374 5 40.07337
163.623 368.9589 5 40.10673
170.5001 372.1798 5 40.1401
178.594 375.9779 5 40.17347
186.794 378.4668 5 40.20683
195.2529 380.7237 5 40.2402
203.8585 382.5673 5 40.27357
208.2179 384.4547 5 40.30693
212.9305 386.6709 5 40.3403
215.5655 389.0204 5 40.37367
217.1738 392.6815 5 40.40703
219.0274 394.131 5 40.4404
221.2423 397.889 5 40.47377
224.4188 401.0598 5 40.50713
227.1341 405.1052 5 40.5405
229.3394 409.8209 5 40.57387
231.9127 414.3797 5 40.60723
234.6149 419.5824 5 40.6406
237.8086 424.8508 5 40.67397
239.3323 430.541 5 40.70733
240.6061 434.4119 5 40.7407
243.1572 439.1706 5 40.77407
245.8014 443.6628 5 40.80743
249.8781 448.8061 5 40.8408
254.6396 453.7485 5 40.87417
260.2122 458.8114 5 40.90753
266.0561 462.9134 5 40.9409
271.9815 467.766 5 40.97427
278.5004 471.9413 5 41.00763
285.7436 476.1395 5 41.041
292.586 480.1713 5 41.07437
296.4047 482.4889 5 41.10773
300.6368 484.6793 5 41.1411
304.3624 487.6943 5 41.17447
308.9949 490.5276 5 41.20783
314.814 494.6614 5 41.2412
320.2176 498.5917 5 41.27457
323.1561 501.2732 5 41.30793
327.8075 503.9156 5 41.3413
333.8642 506.1402 5 41.37467
338.9143 508.8272 5 41.40803
342.3634 510.9211 5 41.4414
345.7178 514.6135 5 41.47477
351.3106 518.4227 5 41.50813
357.3759 521.2282 5 41.5415
363.5658 524.3955 5 41.57487
368.2783 526.183 5 41.60823
372.3103 526.6332 5 41.6416
376.9043 528.1026 5 41.67497
382.8169 529.0858 5 41.70833
389.6532 531.1261 5 41.7417
397.2901 532.7074 5 41.77507
405.3833 533.2905 5 41.80843
413.728 533.9573 5 41.8418
421.2377 534.7843 5 41.87517
428.2742 534.5353 5 41.90853
435.542 534.7751 5 41.9419
442.8985 534.6125 5 41.97527
450.0511 533.1133 5 42.00863
457.4024 531.6377 5 42.042
464.6663 529.8858 5 42.07537
472.6447 527.8539 5 42.10873
479.8158 525.1639 5 42.1421
487.298 523.3018 5 42.17547
494.1723 520.8386 5 42.20883
501.4467 518.6444 5 42.2422
508.2562 516.5351 5 42.27557
515.2427 514.0401 5 42.30893
522.4942 511.7776 5 42.3423
529.49 510.1075 5 42.37567
536.2007 508.3838 5 42.40903
543.2835 506.4867 5 42.4424
550.3535 504.4381 5 42.47577
557.5274 502.674 5 42.50913
564.5902 500.3758 5 42.5425
571.7321 498.3487 5 42.57587
579.2076 495.9205 5 42.60923
586.2097 494.2576 5 42.6426
593.3944 492.8896 5 42.67597
600.209 491.8808 5 42.70933
607.7198 490.732 5 42.7427
615.0231 489.7151 5 42.77607
621.8288 489.1368 5 42.80943
628.3872 488.9169 5 42.8428
634.7652 488.722 5 42.87617
641.0103 488.3788 5 42.90953
647.6318 488.3788 5 42.9429
654.2929 488.5606 5 42.97627
660.7819 488.8275 5 43.00963
667.5469 488.8287 5 43.043
674.2656 488.3728 5 43.07637
681.3309 488.0734 5 43.10973
688.1562 487.5748 5 43.1431
693.958 486.1197 5 43.17647
696.7981 479.3387 5 43.20983
701.6728 475.0333 5 43.2432
708.1789 470.4572 5 43.27657
715.4875 466.9488 5 43.30993
722.2167 460.9313 5 43.3433
728.3533 457.1927 5 43.37667
735.0072 452.1759 5 43.41003
741.9772 449.2584 5 43.4434
750.6907 446.8392 5 43.47677
757.7782 444.174 5 43.51013
762.594 439.7179 5 43.5435
767.363 436.2306 5 43.57687
772.6385 433.8383 5 43.61023
778.235 430.9522 5 43.6436
785.3822 429.348 5 43.67697
792.6143 427.9819 5 43.71033
799.7044 423.6375 5 43.7437
806.6214 420.1754 5 43.77707
813.039 416.9657 5 43.81043
819.549 413.3019 5 43.8438
825.7064 409.2817 5 43.87717
831.8337 405.4362 5 43.91053
837.8084 401.2658 5 43.9439
843.5292 397.3058 5 43.97727
849.1639 392.5227 5 44.01063
854.7516 387.7728 5 44.044
859.9158 383.0931 5 44.07737
864.5681 378.1852 5 44.11073
869.1156 373.222 5 44.1441
873.3441 368.2271 5 44.17747
876.3793 361.9584 5 44.21083
878.1601 354.3383 5 44.2442
881.779 347.2888 5 44.27757
884.6992 338.8201 5 44.31093
886.7751 331.6438 5 44.3443
880.8948 326.8551 5 44.37767
879.6733 322.0656 5 44.41103
878.3263 314.8862 5 44.4444
877.6114 306.5735 5 44.47777
872.1528 303.0673 5 44.51113
867.7489 297.2704 5 44.5445
865.6284 290.5604 5 44.57787
863.2315 283.1723 5 44.61123
857.1052 277.2418 5 44.6446
852.1169 270.7856 5 44.67797
848.3893 263.5061 5 44.71133
845.0714 256.1458 5 44.7447
842.6255 249.85 5 44.77807
836.3005 246.2655 5 44.81143
832.4234 241.1573 5 44.8448
827.7307 235.1104 5 44.87817
824.532 228.2068 5 44.91153
820.8677 221.5799 5 44.9449
817.446 215.0449 5 44.97827
812.9679 211.465 5 45.01163
806.8626 207.5556 5 45.045
802.5385 202.6631 5 45.07837
799.0916 196.6416 5 45.11173
795.3064 190.2581 5 45.1451
788.9534 187.727 5 45.17847
784.0917 183.1836 5 45.21183
782.0931 177.0832 5 45.2452
777.9591 175.5431 5 45.27857
775.5602 172.3569 5 45.31193
771.5538 169.9185 5 45.3453
766.2984 166.0929 5 45.37867
762.8703 161.3075 5 45.41203
759.6082 159.8523 5 45.4454
756.9835 156.4994 5 45.47877
751.7742 153.0493 5 45.51213
746.3459 150.5742 5 45.5455
743.2884 148.003 5 45.57887
739.1235 142.6137 5 45.61223
734.059 139.3681 5 45.6456
729.3648 136.1825 5 45.67897
724.4794 131.6372 5 45.71233
719.3998 127.1725 5 45.7457
712.5854 125.7691 5 45.77907
705.5348 122.6308 5 45.81243
699.1883 118.9795 5 45.8458
692.5231 114.9835 5 45.87917
685.7933 110.9394 5 45.91253
679.0112 107.408 5 45.9459
671.9706 104.0419 5 45.97927
665.0816 101.0314 5 46.01263
657.8008 98.58903 5 46.046
649.8748 96.17166 5 46.07937
642.1806 94.03437 5 46.11273
634.5588 91.56674 5 46.1461
627.4006 89.37142 5 46.17947
619.8881 87.20104 5 46.21283
612.5897 84.43198 5 46.2462
605.0684 81.49712 5 46.27957
597.9556 78.87361 5 46.31293
591.2622 76.83783 5 46.3463
583.5355 73.62362 5 46.37967
577.6057 73.74237 5 46.41303
569.5512 70.59485 5 46.4464
562.3165 70.76459 5 46.47977
555.3254 68.8196 5 46.51313
546.8141 68.2416 5 46.5465
539.7442 67.8714 5 46.57987
531.3769 67.07476 5 46.61323
524.398 68.72632 5 46.6466
516.4632 67.25559 5 46.67997
509.0515 68.36774 5 46.71333
501.6587 68.26158 5 46.7467
493.6699 69.37261 5 46.78007
485.4225 69.83489 5 46.81343
477.2152 70.30316 5 46.8468
471.7454 71.42591 5 46.88017
469.6479 70.75821 5 46.91353
465.3274 70.10695 5 46.9469
462.7466 69.50282 5 46.98027
461.451 68.62221 5 47.01363
460.8053 70.12143 5 47.047
460.2485 69.01977 5 47.08037
458.2098 69.22576 5 47.11373
459.1402 68.68609 5 47.1471
458.1174 71.86193 5 47.18047
457.6259 73.74968 5 47.21383
456.711 76.06528 5 47.2472
455.7479 82.33113 5 47.28057
455.2034 88.49272 5 47.31393
456.4465 95.03433 5 47.3473
458.4604 103.2949 5 47.38067
459.4269 109.662 5 47.41403
461.0319 116.7311 5 47.4474
458.306 121.3236 5 47.48077
455.9373 128.0275 5 47.51413
452.5365 135.437 5 47.5475
449.4486 142.4378 5 47.58087
446.716 150.3869 5 47.61423
443.6527 157.5395 5 47.6476
441.6723 165.4174 5 47.68097
438.8724 172.4648 5 47.71433
437.7648 179.9699 5 47.7477
436.0907 187.2182 5 47.78107
435.8694 194.9315 5 47.81443
435.3711 202.8575 5 47.8478
436.6827 211.6835 5 47.88117
437.3479 220.1447 5 47.91453
439.1761 228.62 5 47.9479
441.2349 236.0836 5 47.98127
443.6911 243.9119 5 48.01463
447.5106 251.1392 5 48.048
450.9928 257.7232 5 48.08137
454.92 263.8111 5 48.11473
459.5864 269.389 5 48.1481
464.4201 275.9386 5 48.18147
470.7181 281.5271 5 48.21483
476.2922 287.233 5 48.2482
482.2706 292.6599 5 48.28157
487.7413 297.8995 5 48.31493
494.2858 303.3897 5 48.3483
499.7812 308.0584 5 48.38167
506.2173 313.6269 5 48.41503
513.1006 318.3837 5 48.4484
518.547 323.1429 5 48.48177
525.4399 328.1976 5 48.51513
531.1521 333.449 5 48.5485
537.1889 338.7726 5 48.58187
542.4942 343.7485 5 48.61523
548.4388 350.0088 5 48.6486
553.6647 355.5374 5 48.68197
558.2536 361.7556 5 48.71533
563.2012 368.1802 5 48.7487
567.0522 374.6125 5 48.78207
570.737 380.954 5 48.81543
573.8647 386.8939 5 48.8488
576.9441 393.3339 5 48.88217
580.2026 399.7221 5 48.91553
583.7994 406.3215 5 48.9489
587.4598 413.063 5 48.98227
591.2386 420.208 5 49.01563
595.3183 427.0655 5 49.049
599.0144 433.0146 5 49.08237
601.123 433.5317 5 49.11573
604.4763 435.7111 5 49.1491
608.1201 438.2012 5 49.18247
612.3755 441.8495 5 49.21583
611.5753 445.042 5 49.2492
612.4883 449.9019 5 49.28257
612.9805 454.8528 5 49.31593
613.5858 458.646 5 49.3493
613.9535 464.2803 5 49.38267
613.5696 468.9405 5 49.41603
614.0372 476.1022 5 49.4494
613.31 481.7784 5 49.48277
616.2331 487.4528 5 49.51613
616.9387 493.0625 5 49.5495
617.3433 497.0578 5 49.58287
619.3996 502.247 5 49.61623
621.7929 507.3081 5 49.6496
625.0045 511.1383 5 49.68297
628.508 513.6323 5 49.71633
633.1379 516.9946 5 49.7497
638.3174 521.151 5 49.78307
644.4514 524.8009 5 49.81643
650.6923 528.533 5 49.8498
656.858 531.5705 5 49.88317
663.8784 535.3662 5 49.91653
671.1293 539.0819 5 49.9499
678.3158 542.1987 5 49.98327
684.8359 545.1711 5 50.01663
691.3992 548.3053 5 50.05
697.2257 551.6134 5 50.08337
703.0338 554.6197 5 50.11673
708.6196 557.7072 5 50.1501
714.6011 561.0768 5 50.18347
720.6151 564.4824 5 50.21683
726.7874 567.1152 5 50.2502
732.6262 570.3491 5 50.28357
738.7597 573.3406 5 50.31693
745.1519 576.2013 5 50.3503
751.7203 578.3322 5 50.38367
758.1368 580.8927 5 50.41703
765.6673 583.2853 5 50.4504
771.9451 585.4656 5 50.48377
779.1207 586.2664 5 50.51713
785.9982 587.8127 5 50.5505
793.3637 588.4715 5 50.58387
800.1917 589.0588 5 50.61723
806.8478 588.9017 5 50.6506
813.5337 588.7683 5 50.68397
820.5417 587.8468 5 50.71733
827.6702 586.7815 5 50.7507
835.1449 586.0687 5 50.78407
842.6225 584.2949 5 50.81743
849.7231 582.4864 5 50.8508
856.6061 580.3579 5 50.88417
861.3328 578.8775 5 50.91753
858.3304 580.9264 5 50.9509
857.3716 581.0096 5 50.98427
856.3825 579.5638 5 51.01763
856.0904 578.5505 5 51.051
852.4192 576.6639 5 51.08437
851.5382 573.9497 5 51.11773
853.057 570.0898 5 51.1511
854.9018 566.2301 5 51.18447
856.7535 561.5524 5 51.21783
859.3446 556.8516 5 51.2512
863.0867 551.3876 5 51.28457
866.6549 545.8807 5 51.31793
869.9953 539.3129 5 51.3513
872.7118 533.0734 5 51.38467
876.4359 527.1827 5 51.41803
879.3607 520.9693 5 51.4514
882.4017 515.8056 5 51.48477
885.5825 509.3431 5 51.51813
888.4432 503.8551 5 51.5515
891.2341 497.8547 5 51.58487
894.6034 492.4635 5 51.61823
897.288 486.6456 5 51.6516
900.133 479.6115 5 51.68497
902.6831 473.5307 5 51.71833
905.1135 466.918 5 51.7517
907.6713 461.1725 5 51.78507
909.2071 454.4303 5 51.81843
911.3551 447.6456 5 51.8518
912.3663 439.4968 5 51.88517
913.6768 431.3172 5 51.91853
914.2192 424.2677 5 51.9519
914.2547 416.7462 5 51.98527
911.5635 411.0411 5 52.01863
908.4726 405.2889 5 52.052
909.161 396.4135 5 52.08537
906.9905 388.6739 5 52.11873
903.2633 382.296 5 52.1521
903.6189 378.3136 5 52.18547
904.5177 376.9437 5 52.21883
902.841 373.7208 5 52.2522
900.9984 370.433 5 52.28557
899.2674 366.0439 5 52.31893
897.3108 361.6392 5 52.3523
898.0092 357.2705 5 52.38567
893.961 352.9617 5 52.41903
892.6799 348.7602 5 52.4524
892.7694 342.1793 5 52.48577
889.5652 337.4607 5 52.51913
885.7681 332.9925 5 52.5525
882.5121 327.8637 5 52.58587
880.1655 322.5117 5 52.61923
876.6123 316.1496 5 52.6526
873.8506 310.5219 5 52.68597
870.7992 302.4799 5 52.71933
867.4002 295.9213 5 52.7527
863.0529 288.8862 5 52.78607
858.5516 282.7493 5 52.81943
853.9422 277.6688 5 52.8528
847.6104 272.6464 5 52.88617
842.2614 267.873 5 52.91953
835.9939 263.5803 5 52.9529
829.5251 259.6928 5 52.98627
823.2947 255.8674 5 53.01963
816.7818 252.0381 5 53.053
810.377 248.753 5 53.08637
805.7264 242.5927 5 53.11973
803.6719 234.2709 5 53.1531
799.7717 226.6545 5 53.18647
796.0053 219.8267 5 53.21983
791.6273 213.017 5 53.2532
786.995 206.8794 5 53.28657
782.2744 200.0859 5 53.31993
778.0155 191.9506 5 53.3533
774.495 185.4661 5 53.38667
770.3777 176.8598 5 53.42003
767.6158 171.1735 5 53.4534
763.719 163.2321 5 53.48677
759.5973 158.7775 5 53.52013
753.9413 157.1538 5 53.5535
746.5357 153.7191 5 53.58687
740.6328 149.6353 5 53.62023
735.8713 143.5687 5 53.6536
731.3324 138.6932 5 53.68697
726.4122 132.3081 5 53.72033
721.0473 128.0414 5 53.7537
714.9721 123.3804 5 53.78707
709.4118 119.8038 5 53.82043
702.6116 116.2781 5 53.8538
695.4035 113.539 5 53.88717
687.7285 110.889 5 53.92053
680.2397 108.5586 5 53.9539
672.8701 107.2039 5 53.98727
665.3919 106.1398 5 54.02063
658.4214 106.1182 5 54.054
650.9439 106.2053 5 54.08737
643.9566 107.6899 5 54.12073
636.1295 108.8639 5 54.1541
632.4189 112.3934 5 54.18747
631.5844 119.0027 5 54.22083
627.4801 124.5431 5 54.2542
624.9056 131.983 5 54.28757
623.7827 140.2917 5 54.32093
620.8548 147.6482 5 54.3543
617.4751 154.7004 5 54.38767
613.9481 161.1731 5 54.42103
610.3827 167.7823 5 54.4544
606.8404 175.0717 5 54.48777
603.2954 183.0096 5 54.52113
600.2193 190.7129 5 54.5545
597.0463 197.4305 5 54.58787
594.7831 205.22 5 54.62123
591.4988 213.1767 5 54.6546
589.2286 221.3274 5 54.68797
586.9191 229.3687 5 54.72133
586.0319 234.6144 5 54.7547
587.3752 238.3376 5 54.78807
591.3272 241.9017 5 54.82143
593.81 247.2906 5 54.8548
597.7238 254.8963 5 54.88817
602.464 259.989 5 54.92153
608.2867 265.5823 5 54.9549
613.5993 269.7961 5 54.98827
620.27 274.1849 5 55.02163
626.756 278.7664 5 55.055
630.2583 284.7759 5 55.08837
633.2959 292.0847 5 55.12173
638.9961 296.6924 5 55.1551
643.6916 302.0975 5 55.18847
648.6839 305.6146 5 55.22183
652.8026 311.8606 5 55.2552
657.0201 317.6773 5 55.28857
662.603 321.7025 5 55.32193
664.5243 328.3815 5 55.3553
668.7774 332.515 5 55.38867
673.0208 338.2307 5 55.42203
677.0671 344.0375 5 55.4554
681.7313 349.1809 5 55.48877
687.2512 354.75 5 55.52213
692.5504 359.5094 5 55.5555
698.1855 365.1485 5 55.58887
702.3213 372.2223 5 55.62223
707.9269 377.7976 5 55.6556
712.6711 384.0142 5 55.68897
717.2737 390.3871 5 55.72233
722.2159 396.5737 5 55.7557
726.5522 402.5273 5 55.78907
730.9933 408.014 5 55.82243
736.0172 413.4145 5 55.8558
741.4613 418.457 5 55.88917
746.1452 423.8277 5 55.92253
751.9638 428.665 5 55.9559
757.1408 433.9321 5 55.98927
762.7601 438.4846 5 56.02263
768.336 443.0502 5 56.056
774.9628 446.3359 5 56.08937
778.465 448.0793 5 56.12273
781.1729 448.7105 5 56.1561
783.6839 449.572 5 56.18947
787.3689 449.0482 5 56.22283
790.8371 446.8749 5 56.2562
797.0472 447.0054 5 56.28957
802.9777 445.3354 5 56.32293
809.525 443.5567 5 56.3563
816.0392 441.3269 5 56.38967
823.4053 437.7596 5 56.42303
831.0774 434.84 5 56.4564
838.6475 430.9846 5 56.48977
845.4132 426.3353 5 56.52313
851.9178 423.0463 5 56.5565
858.8038 418.0142 5 56.58987
865.7034 412.9879 5 56.62323
871.4417 407.606 5 56.6566
873.6173 401.329 5 56.68997
882.0863 390.8418 5 56.72333
882.0863 390.8418 5 56.7567
885.6861 385.4587 5 56.79007
891.395 370.2367 5 56.82343
891.395 370.2367 5 56.8568
896.571 366.3323 5 56.89017
891.5277 360.105 5 56.92353
891.5277 360.105 5 56.9569
892.9101 352.0578 5 56.99027
892.5435 351.3176 5 57.02363
892.5435 351.3176 5 57.057
890.2358 343.5992 5 57.09037
888.7752 341.3686 5 57.12373
888.7752 341.3686 5 57.1571
888.1612 335.7216 5 57.19047
887.0877 332.3122 5 57.22383
887.0877 332.3122 5 57.2572
884.9067 330.3276 5 57.29057
883.0413 330.2108 5 57.32393
881.7682 327.0025 5 57.3573
880.4652 328.5201 5 57.39067
878.2487 327.6233 5 57.42403
876.1991 329.2535 5 57.4574
874.7841 333.7959 5 57.49077
872.6849 339.5512 5 57.52413
870.8041 343.3776 5 57.5575
868.4693 347.8136 5 57.59087
865.5919 352.3599 5 57.62423
863.3305 357.6841 5 57.6576
860.7451 363.0597 5 57.69097
858.6378 368.889 5 57.72433
857.2794 375.1397 5 57.7577
855.8914 381.2825 5 57.79107
854.9834 387.8956 5 57.82443
855.6907 395.5976 5 57.8578
856.0283 403.7383 5 57.89117
856.5635 411.5243 5 57.92453
858.0004 418.96 5 57.9579
859.5694 426.1814 5 57.99127
861.7781 433.0229 5 58.02463
864.0641 439.5879 5 58.058
867.29 446.1055 5 58.09137
870.5619 452.5521 5 58.12473
873.9322 458.9113 5 58.1581
877.2333 465.1276 5 58.19147
881.0733 471.1481 5 58.22483
884.8436 477.4546 5 58.2582
888.8458 483.1565 5 58.29157
892.9679 488.8807 5 58.32493
896.8886 494.2575 5 58.3583
900.9602 499.538 5 58.39167
905.2652 505.1409 5 58.42503
909.2634 510.7597 5 58.4584
912.9038 516.9906 5 58.49177
917.4003 522.6439 5 58.52513
916.2555 527.7773 5 58.5585
915.3295 533.053 5 58.59187
916.187 538.158 5 58.62523
915.5481 543.6038 5 58.6586
914.0509 549.2082 5 58.69197
914.5554 556.0563 5 58.72533
912.6781 563.398 5 58.7587
910.7554 572.6066 5 58.79207
909.1446 581.4921 5 58.82543
908.0526 588.3994 5 58.8588
906.3953 595.0914 5 58.89217
905.7107 601.2794 5 58.92553
903.6112 606.5563 5 58.9589
903.9999 608.3773 5 58.99227
902.4221 609.6306 5 59.02563
902.3717 610.4622 5 59.059
901.9711 610.69 5 59.09237
902.7684 606.2955 5 59.12573
905.3782 602.9278 5 59.1591
905.8458 600.4061 5 59.19247
907.4131 596.8982 5 59.22583
909.4278 592.8156 5 59.2592
911.8484 588.7365 5 59.29257
910.4719 584.36 5 59.32593
910.8247 580.3188 5 59.3593
911.4893 575.7694 5 59.39267
912.9825 571.3509 5 59.42603
915.0667 566.0099 5 59.4594
916.7968 559.4933 5 59.49277
917.8036 552.9186 5 59.52613
918.9234 546.5347 5 59.5595
918.0262 540.2262 5 59.59287
916.6004 533.7553 5 59.62623
916.8868 527.2269 5 59.6596
918.236 520.7022 5 59.69297
918.635 513.5672 5 59.72633
919.2508 506.2941 5 59.7597
920.1351 499.6767 5 59.79307
920.4615 492.8692 5 59.82643
921.291 485.5285 5 59.8598
921.383 478.6682 5 59.89317
920.3768 472.2538 5 59.92653
916.7018 465.6177 5 59.9599
914.3989 458.3539 5 59.99327
914.5408 451.1102 5 60.02663
914.383 443.9288 5 60.06
914.9463 437.2096 5 60.09337
915.7179 433.746 5 60.12673
914.8712 432.4374 5 60.1601
913.5269 431.7451 5 60.19347
914.4408 429.1889 5 60.22683
915.2221 427.1318 5 60.2602
913.7016 424.8172 5 60.29357
911.6415 423.0194 5 60.32693
910.6415 422.7529 5 60.3603
909.5208 420.6857 5 60.39367
908.5974 419.7656 5 60.42703
907.6263 418.6056 5 60.4604
905.7493 416.6398 5 60.49377
903.2191 414.629 5 60.52713
900.2008 413.959 5 60.5605
896.4949 411.7353 5 60.59387
892.3917 411.9003 5 60.62723
888.1537 410.9066 5 60.6606
882.9733 409.5954 5 60.69397
877.8632 407.7534 5 60.72733
871.7655 405.972 5 60.7607
865.639 404.7741 5 60.79407
858.6624 403.2641 5 60.82743
852.3177 402.7081 5 60.8608
845.6791 402.2373 5 60.89417
838.414 401.529 5 60.92753
831.4687 400.7256 5 60.9609
824.3168 400.3028 5 60.99427
817.1802 400.1676 5 61.02763
809.9296 399.5377 5 61.061
802.4221 399.386 5 61.09437
795.2283 399.1088 5 61.12773
788.2861 399.3196 5 61.1611
781.3455 399.8024 5 61.19447
774.306 400.9912 5 61.22783
767.3409 402.57 5 61.2612
760.4448 403.9492 5 61.29457
753.6953 405.7538 5 61.32793
746.3715 407.9387 5 61.3613
739.5305 410.555 5 61.39467
732.1059 412.5598 5 61.42803
725.5845 414.9085 5 61.4614
717.9409 417.5749 5 61.49477
711.381 419.9525 5 61.52813
705.025 423.3194 5 61.5615
697.8934 426.8421 5 61.59487
691.3669 431.6766 5 61.62823
684.448 436.5507 5 61.6616
678.8881 441.8519 5 61.69497
672.5166 447.4519 5 61.72833
667.4578 452.8036 5 61.7617
661.963 458.3991 5 61.79507
657.0955 464.5093 5 61.82843
652.0786 469.9693 5 61.8618
647.3933 475.5258 5 61.89517
642.3854 481.4598 5 61.92853
637.2544 487.1364 5 61.9619
632.5241 492.4333 5 61.99527
627.342 497.5028 5 62.02863
621.9098 503.1391 5 62.062
616.4264 508.6462 5 62.09537
610.9116 514.4314 5 62.12873
605.4236 520.1587 5 62.1621
599.9043 525.5915 5 62.19547
594.9675 531.0071 5 62.22883
590.0408 536.9143 5 62.2622
584.9356 543.4882 5 62.29557
580.4224 549.0876 5 62.32893
576.429 555.4701 5 62.3623
571.4697 561.0941 5 62.39567
567.3225 567.2818 5 62.42903
563.0352 572.6866 5 62.4624
558.1917 578.302 5 62.49577
554.1314 584.0914 5 62.52913
549.3362 589.4424 5 62.5625
545.0784 595.1849 5 62.59587
540.2089 601.5446 5 62.62923
535.6046 607.57 5 62.6626
531.5862 613.1153 5 62.69597
527.4157 618.686 5 62.72933
525.825 624.1627 5 62.7627
526.5203 629.2209 5 62.79607
527.3203 634.2858 5 62.82943
526.9566 640.2227 5 62.8628
525.3732 646.5289 5 62.89617
525.4734 654.9585 5 62.92953
523.1024 662.1367 5 62.9629
520.3932 669.4387 5 62.99627
518.1684 676.6544 5 63.02963
515.012 683.3167 5 63.063
511.8452 690.369 5 63.09637
509.7112 697.4196 5 63.12973
507.018 704.7656 5 63.1631
504.8299 711.9982 5 63.19647
502.852 719.8238 5 63.22983
501.5413 727.5081 5 63.2632
500.0883 735.8916 5 63.29657
499.5703 744.2637 5 63.32993
499.1956 751.863 5 63.3633
498.3286 759.2876 5 63.39667
498.7323 766.5243 5 63.43003
498.9918 773.7993 5 63.4634
499.0949 780.904 5 63.49677
499.7622 788.2519 5 63.53013
499.93 795.7003 5 63.5635
500.4529 802.9438 5 63.59687
500.4457 809.9479 5 63.63023
501.234 816.841 5 63.6636
501.5205 823.5574 5 63.69697
502.3776 829.7008 5 63.73033
503.2559 836.053 5 63.7637
504.3317 842.4388 5 63.79707
505.1716 849.2127 5 63.83043
506.4938 855.9331 5 63.8638
508.0349 863.3401 5 63.89717
509.5353 870.7136 5 63.93053
511.2363 877.8877 5 63.9639
513.2743 884.6429 5 63.99727
515.8133 890.7641 5 64.03063
518.2291 897.3534 5 64.064
521.0733 903.435 5 64.09737
524.3134 909.5038 5 64.13073
527.4555 915.3334 5 64.1641
530.1122 920.9696 5 64.19747
534.1685 926.2128 5 64.23083
537.6452 930.43 5 64.2642
539.5316 928.6591 5 64.29757
543.453 929.4426 5 64.33093
546.5641 928.9038 5 64.3643
546.7933 929.2496 5 64.39767
547.6514 929.3631 5 64.43103
543.7451 929.9774 5 64.4644
542.7039 929.8055 5 64.49777
540.5256 930.3336 5 64.53113
537.3818 930.9729 5 64.5645
531.6118 931.9089 5 64.59787
526.5908 930.632 5 64.63123
520.4286 933.0036 5 64.6646
513.4287 931.9465 5 64.69797
507.3116 932.7751 5 64.73133
502.2855 934.2014 5 64.7647
497.7325 934.1972 5 64.79807
491.9164 933.9735 5 64.83143
486.4491 934.2112 5 64.8648
481.216 934.852 5 64.89817
475.8172 935.1554 5 64.93153
469.4862 934.646 5 64.9649
464.0652 935.151 5 64.99827
457.8391 934.671 5 65.03163
452.4979 933.9407 5 65.065
447.5448 933.7115 5 65.09837
441.6805 931.8624 5 65.13173
440.1256 932.1665 5 65.1651
437.8624 930.661 5 65.19847
437.7417 932.434 5 65.23183
437.7519 932.374 5 65.2652
440.8828 932.0594 5 65.29857
444.1477 934.3652 5 65.33193
446.9677 934.7374 5 65.3653
452.0778 933.7422 5 65.39867
458.4494 933.8785 5 65.43203
464.9307 933.9166 5 65.4654
467.993 934.2286 5 65.49877
469.8529 934.7283 5 65.53213
471.7477 934.4842 5 65.5655
472.5295 934.2176 5 65.59887
473.8076 935.083 5 65.63223
474.8573 934.3963 5 65.6656
476.4795 934.8149 5 65.69897
478.5709 935.2398 5 65.73233
480.367 934.8339 5 65.7657
482.594 933.3727 5 65.79907
483.998 934.8898 5 65.83243
486.4132 934.6627 5 65.8658
488.8535 934.8891 5 65.89917
487.5173 934.5564 5 65.93253
489.4814 934.9283 5 65.9659
489.458 935.1564 5 65.99927
490.5891 935.2272 5 66.03263
491.9431 934.972 5 66.066
494.5235 933.8144 5 66.09937
498.0923 934.4404 5 66.13273
502.5462 933.2847 5 66.1661
504.7286 934.0399 5 66.19947
506.027 934.391 5 66.23283
509.9849 933.4841 5 66.2662
514.7534 934.6286 5 66.29957
519.0407 932.5985 5 66.33293
523.6791 932.966 5 66.3663
528.3927 932.9821 5 66.39967
532.507 930.4362 5 66.43303
537.277 929.5955 5 66.4664
542.8297 929.5824 5 66.49977
549.1211 930.3116 5 66.53313
556.7045 930.4047 5 66.5665
561.814 928.2085 5 66.59987
568.3771 923.7568 5 66.63323
576.5387 920.5607 5 66.6666
584.2273 919.0132 5 66.69997
592.4268 918.4172 5 66.73333
600.2774 917.693 5 66.7667
608.5232 916.922 5 66.80007
614.0738 914.3716 5 66.83343
619.3322 910.9258 5 66.8668
624.9043 908.8642 5 66.90017
629.8844 908.61 5 66.93353
630.1614 908.5157 5 66.9669
630.4469 907.5996 5 67.00027
632.3322 906.9541 5 67.03363
634.598 907.0699 5 67.067
636.6051 907.4362 5 67.10037
640.6211 907.0004 5 67.13373
644.4362 904.8504 5 67.1671
648.6907 901.218 5 67.20047
651.8504 897.4309 5 67.23383
655.0247 892.8003 5 67.2672
655.7336 888.2273 5 67.30057
657.3978 881.5202 5 67.33393
659.5135 875.6363 5 67.3673
662.0376 869.8261 5 67.40067
663.9877 861.9926 5 67.43403
664.8073 854.1811 5 67.4674
665.8781 846.5873 5 67.50077
666.1277 839.105 5 67.53413
666.2011 830.3796 5 67.5675
665.2904 820.0481 5 67.60087
665.2409 809.829 5 67.63423
665.7462 800.2737 5 67.6676
665.8121 791.4702 5 67.70097
665.8406 783.3131 5 67.73433
665.8573 775.2858 5 67.7677
665.7199 767.6817 5 67.80107
665.2161 759.8126 5 67.83443
664.7359 752.0924 5 67.8678
663.7826 744.894 5 67.90117
662.9302 737.6788 5 67.93453
661.3354 730.7034 5 67.9679
659.2088 724.4513 5 68.00127
656.7361 717.6365 5 68.03463
653.4138 711.5066 5 68.068
650.0188 704.5818 5 68.10137
646.3877 698.0787 5 68.13473
642.2057 691.9979 5 68.1681
638.0481 685.6864 5 68.20147
633.5397 679.3592 5 68.23483
629.5477 673.7173 5 68.2682
625.1995 668.0053 5 68.30157
621.0355 662.3977 5 68.33493
616.5098 657.1055 5 68.3683
612.0666 651.4607 5 68.40167
607.2765 645.9115 5 68.43503
601.9836 640.809 5 68.4684
596.0518 635.9871 5 68.50177
589.6059 630.7026 5 68.53513
582.4203 625.7283 5 68.5685
575.7247 621.3541 5 68.60187
568.478 617.3369 5 68.63523
561.7077 614.1431 5 68.6686
555.09 610.8217 5 68.70197
548.5775 607.8913 5 68.73533
541.584 604.8187 5 68.7687
534.7682 602.0806 5 68.80207
527.9402 599.1394 5 68.83543
521.029 596.6366 5 68.8688
514.1163 594.1872 5 68.90217
506.7302 592.0777 5 68.93553
499.2261 589.5804 5 68.9689
491.9567 586.7475 5 69.00227
484.4182 584.0267 5 69.03563
477.026 581.6082 5 69.069
469.2791 578.9883 5 69.10237
462.0475 576.8211 5 69.13573
454.5971 574.8756 5 69.1691
446.8466 573.4716 5 69.20247
438.4163 569.7235 5 69.23583
430.168 566.7937 5 69.2692
422.744 567.0868 5 69.30257
415.7632 568.6137 5 69.33593
409.828 570.49 5 69.3693
402.9483 571.2982 5 69.40267
396.5211 573.5688 5 69.43603
389.2657 575.6571 5 69.4694
379.989 578.6174 5 69.50277
372.5598 581.7984 5 69.53613
365.0278 584.8706 5 69.5695
358.0726 587.6072 5 69.60287
351.6107 590.3058 5 69.63623
344.3789 593.0805 5 69.6696
336.2093 596.8566 5 69.70297
328.9773 601.4468 5 69.73633
322.1348 606.3772 5 69.7697
315.6481 611.4168 5 69.80307
309.9002 617.4872 5 69.83643
303.9954 622.7693 5 69.8698
298.4509 628.9657 5 69.90317
292.9809 635.1675 5 69.93653
288.1379 641.0866 5 69.9699
283.4951 646.9955 5 70.00327
279.2908 652.986 5 70.03663
275.4382 658.9134 5 70.07
272.1357 665.4787 5 70.10337
269.5759 672.1287 5 70.13673
266.5342 679.8981 5 70.1701
263.7359 687.1372 5 70.20347
261.7969 694.9213 5 70.23683
259.7321 702.8058 5 70.2702
258.2031 710.5592 5 70.30357
256.7133 717.9399 5 70.33693
255.4095 725.4231 5 70.3703
254.1871 732.5109 5 70.40367
252.5856 740.0036 5 70.43703
251.7579 747.5106 5 70.4704
250.3316 755.1317 5 70.50377
249.1593 762.5797 5 70.53713
248.1297 770.2743 5 70.5705
247.1065 777.9575 5 70.60387
246.2961 785.8344 5 70.63723
245.6023 794.1822 5 70.6706
245.4001 802.1352 5 70.70397
250.218 806.1223 5 70.73733
254.5491 810.4567 5 70.7707
258.6247 816.2362 5 70.80407
260.6847 823.2838 5 70.83743
264.5554 830.2771 5 70.8708
268.0573 837.9857 5 70.90417
271.3123 845.327 5 70.93753
274.473 852.5022 5 70.9709
276.8001 858.5617 5 71.00427
276.8468 858.6662 5 71.03763
276.6656 862.6663 5 71.071
278.7442 864.0187 5 71.10437
280.2717 863.9771 5 71.13773
281.5284 864.1934 5 71.1711
286.4711 863.2566 5 71.20447
291.2523 861.2412 5 71.23783
295.0159 857.9001 5 71.2712
299.9476 853.9785 5 71.30457
305.555 846.5439 5 71.33793
312.5192 840.1661 5 71.3713
319.0067 833.9355 5 71.40467
325.1086 828.5918 5 71.43803
330.5221 823.4878 5 71.4714
335.7308 817.8837 5 71.50477
340.8317 811.5596 5 71.53813
345.7443 805.6267 5 71.5715
350.5929 799.6318 5 71.60487
355.1912 793.2853 5 71.63823
359.5711 787.2639 5 71.6716
364.4644 781.0322 5 71.70497
369.3101 774.4862 5 71.73833
374.0248 767.8043 5 71.7717
378.3121 761.3875 5 71.80507
382.4735 755.0894 5 71.83843
386.8724 748.2645 5 71.8718
390.2231 741.7138 5 71.90517
393.1103 735.3311 5 71.93853
395.6967 728.4856 5 71.9719
398.4627 721.5834 5 72.00527
401.1737 714.6882 5 72.03863
403.494 707.7745 5 72.072
405.9061 700.5186 5 72.10537
407.8988 693.4549 5 72.13873
409.8259 686.8501 5 72.1721
411.5842 679.9475 5 72.20547
413.3855 672.8519 5 72.23883
415.2015 666.2454 5 72.2722
416.8395 658.6166 5 72.30557
419.0367 650.7157 5 72.33893
420.8077 643.7477 5 72.3723
422.4796 636.2867 5 72.40567
425.0455 628.8996 5 72.43903
427.5527 621.6628 5 72.4724
430.3323 613.9439 5 72.50577
433.6334 606.8386 5 72.53913
436.301 599.6163 5 72.5725
439.0856 592.7106 5 72.60587
440.9334 585.3594 5 72.63923
443.0552 577.5974 5 72.6726
444.4635 569.4969 5 72.70597
444.9834 560.4481 5 72.73933
445.6496 552.9432 5 72.7727
445.6993 545.2613 5 72.80607
445.2505 537.8826 5 72.83943
444.0375 530.4302 5 72.8728
442.6112 522.9719 5 72.90617
440.9426 515.9624 5 72.93953
439.7793 508.4166 5 72.9729
437.906 501.0991 5 73.00627
435.4189 494.0093 5 73.03963
432.3134 488.181 5 73.073
427.6071 485.0311 5 73.10637
427.4 483.4712 5 73.13973
426.4106 482.18 5 73.1731
426.2294 481.1092 5 73.20647
424.8895 478.9125 5 73.23983
423.8558 475.8382 5 73.2732
426.6003 470.6759 5 73.30657
429.2641 465.4644 5 73.33993
430.9693 460.2211 5 73.3733
435.3333 455.0444 5 73.40667
439.1961 449.964 5 73.44003
444.1759 445.257 5 73.4734
449.1222 440.7819 5 73.50677
453.8361 436.2892 5 73.54013
459.9583 431.3986 5 73.5735
464.2276 425.9177 5 73.60687
469.5204 420.353 5 73.64023
473.6279 414.6921 5 73.6736
478.0782 408.8027 5 73.70697
482.256 402.241 5 73.74033
487.4068 395.9482 5 73.7737
491.1791 388.6161 5 73.80707
495.2097 381.4001 5 73.84043
498.7431 374.1725 5 73.8738
501.9406 367.9422 5 73.90717
505.1326 361.2138 5 73.94053
507.9563 354.4221 5 73.9739
510.9421 347.4912 5 74.00727
514.6893 340.2481 5 74.04063
517.5675 333.8175 5 74.074
520.9732 327.2281 5 74.10737
524.5307 320.8881 5 74.14073
527.2925 314.7467 5 74.1741
529.9164 307.9024 5 74.20747
532.7594 300.7235 5 74.24083
535.888 293.9105 5 74.2742
539.1591 286.6581 5 74.30757
542.2879 279.0746 5 74.34093
545.5777 272.1345 5 74.3743
547.8196 264.676 5 74.40767
550.9336 257.818 5 74.44103
552.7852 250.4924 5 74.4744
554.8175 243.9999 5 74.50777
556.417 237.2519 5 74.54113
558.0952 230.0827 5 74.5745
560.2812 223.188 5 74.60787
561.7863 215.7992 5 74.64123
563.4663 208.5747 5 74.6746
562.4218 202.6433 5 74.70797
558.913 199.3848 5 74.74133
555.423 193.2245 5 74.7747
554.1649 186.5001 5 74.80807
549.1135 182.436 5 74.84143
543.9098 180.1049 5 74.8748
539.7626 179.0904 5 74.90817
536.7109 176.509 5 74.94153
534.2598 172.3275 5 74.9749
532.2268 166.7355 5 75.00827
528.5332 162.2757 5 75.04163
521.6875 160.0589 5 75.075
514.9705 156.7217 5 75.10837
508.0904 152.3764 5 75.14173
500.8388 147.5536 5 75.1751
494.0085 142.2734 5 75.20847
488.1713 137.424 5 75.24183
480.2307 133.3866 5 75.2752
471.7658 130.4024 5 75.30857
463.3049 127.5967 5 75.34193
455.6617 124.5028 5 75.3753
447.6272 119.2196 5 75.40867
441.18 115.3741 5 75.44203
435.4133 111.3126 5 75.4754
427.9577 107.1794 5 75.50877
420.7369 107.1726 5 75.54213
412.2407 106.3331 5 75.5755
405.7496 105.0022 5 75.60887
398.0896 102.796 5 75.64223
391.6304 100.5761 5 75.6756
384.2923 98.38156 5 75.70897
377.4038 95.52319 5 75.74233
371.1852 93.33874 5 75.7757
365.0829 90.72369 5 75.80907
358.2829 89.54498 5 75.84243
350.6757 87.13391 5 75.8758
343.3031 85.6816 5 75.90917
335.7896 84.40619 5 75.94253
328.4647 83.54491 5 75.9759
321.0458 83.15041 5 76.00927
313.4007 83.68849 5 76.04263
309.1264 89.37855 5 76.076
302.857 92.55187 5 76.10937
296.8858 94.51342 5 76.14273
290.1885 96.02176 5 76.1761
284.8208 96.14318 5 76.20947
282.0678 100.0713 5 76.24283
277.1442 102.1386 5 76.2762
271.5705 105.3453 5 76.30957
262.4249 106.6606 5 76.34293
257.2546 111.7426 5 76.3763
250.5353 114.249 5 76.40967
245.1461 116.5309 5 76.44303
240.7879 120.2949 5 76.4764
236.1941 124.7921 5 76.50977
231.7113 128.0792 5 76.54313
224.7798 130.5152 5 76.5765
222.362 134.8053 5 76.60987
216.9663 134.89 5 76.64323
213.3395 140.2793 5 76.6766
208.9746 143.9263 5 76.70997
206.6282 146.3917 5 76.74333
202.5392 147.9589 5 76.7767
199.0787 151.9642 5 76.81007
194.1632 154.6925 5 76.84343
189.7171 157.2579 5 76.8768
184.1141 159.2008 5 76.91017
179.6224 164.0808 5 76.94353
175.7876 166.8641 5 76.9769
173.6477 171.3623 5 77.01027
168.9019 172.221 5 77.04363
167.1093 175.0608 5 77.077
164.6783 177.1214 5 77.11037
162.2139 179.8762 5 77.14373
159.9105 182.8098 5 77.1771
157.1496 186.5747 5 77.21047
154.1147 188.4159 5 77.24383
152.0343 190.4357 5 77.2772
150.1425 193.5707 5 77.31057
148.2278 194.934 5 77.34393
147.2398 196.6427 5 77.3773
147.1632 197.2677 5 77.41067
145.2555 197.3078 5 77.44403
145.2378 198.3355 5 77.4774
145.3266 198.843 5 77.51077
144.3015 198.6472 5 77.54413
144.2859 199.6282 5 77.5775
142.2002 200.9728 5 77.61087
142.0996 203.2361 5 77.64423
140.4348 204.5818 5 77.6776
139.9096 206.7289 5 77.71097
137.7716 207.8202 5 77.74433
135.2193 207.8467 5 77.7777
134.2396 209.7061 5 77.81107
132.7915 212.8337 5 77.84443
131.7202 217.7396 5 77.8778
129.8254 220.1447 5 77.91117
127.0041 222.1332 5 77.94453
126.6989 225.7876 5 77.9779
122.8301 228.5845 5 78.01127
118.7409 230.5896 5 78.04463
116.6502 231.675 5 78.078
113.9144 234.9478 5 78.11137
113.8872 239.2631 5 78.14473
110.486 241.9106 5 78.1781
108.2656 243.6588 5 78.21147
108.2897 247.9194 5 78.24483
106.7205 249.7991 5 78.2782
104.6174 254.2092 5 78.31157
102.0653 257.0022 5 78.34493
99.97267 260.6547 5 78.3783
97.95404 263.5152 5 78.41167
95.75717 267.1304 5 78.44503
93.9828 272.3798 5 78.4784
91.067 276.2114 5 78.51177
89.39281 278.2662 5 78.54513
87.30841 280.238 5 78.5785
86.21551 286.0187 5 78.61187
82.87187 289.8885 5 78.64523
81.84111 294.5966 5 78.6786
80.08666 297.4656 5 78.71197
76.62588 300.9924 5 78.74533
75.4959 306.9854 5 78.7787
72.76211 313.718 5 78.81207
68.92202 319.8137 5 78.84543
67.70793 323.1431 5 78.8788
66.14146 329.2272 5 78.91217
64.31381 333.5124 5 78.94553
62.0696 337.3815 5 78.9789
61.14204 340.7314 5 79.01227
60.72085 345.3743 5 79.04563
58.94733 348.8886 5 79.079
57.79997 348.5581 5 79.11237
59.5673 349.025 5 79.14573
60.53447 349.5793 5 79.1791
61.06282 350.1761 5 79.21247
58.3129 350.9096 5 79.24583
59.1654 351.1441 5 79.2792
58.05758 351.9765 5 79.31257
56.43803 355.219 5 79.34593
55.30225 358.1897 5 79.3793
53.45639 361.6257 5 79.41267
52.59477 367.1683 5 79.44603
51.74985 372.9004 5 79.4794
50.68767 378.4614 5 79.51277
50.16304 384.9345 5 79.54613
50.54356 392.2389 5 79.5795
51.26515 399.6532 5 79.61287
52.08064 407.2254 5 79.64623
53.58541 414.5253 5 79.6796
55.18082 421.9298 5 79.71297
56.80061 429.5495 5 79.74633
58.20796 437.074 5 79.7797
59.93471 445.2218 5 79.81307
61.04266 452.982 5 79.84643
62.77713 460.9453 5 79.8798
63.86513 468.356 5 79.91317
65.37558 473.843 5 79.94653
66.68185 478.882 5 79.9799
68.69096 484.961 5 80.01327
70.0996 491.966 5 80.04663
72.01341 497.5997 5 80.08
75.62658 503.8653 5 80.11337
80.14092 506.6661 5 80.14673
84.43356 510.9051 5 80.1801
88.67288 514.3135 5 80.21347
93.19524 518.8164 5 80.24683
97.91178 522.8003 5 80.2802
103.1677 525.5987 5 80.31357
109.0068 527.1913 5 80.34693
113.9738 529.5427 5 80.3803
120.8175 530.5476 5 80.41367
127.6148 531.0974 5 80.44703
134.8949 533.8021 5 80.4804
141.6381 537.6093 5 80.51377
145.8069 536.8863 5 80.54713
150.4502 537.9556 5 80.5805
154.5689 541.1237 5 80.61387
157.5085 544.6181 5 80.64723
162.1593 550.3929 5 80.6806
164.7898 556.4135 5 80.71397
166.3204 562.6852 5 80.74733
167.3409 569.8766 5 80.7807
169.9595 575.8699 5 80.81407
172.2939 582.2437 5 80.84743
173.6605 589.9249 5 80.8808
170.0882 597.5491 5 80.91417
168.3171 605.0487 5 80.94753
167.0997 611.6342 5 80.9809
165.3065 618.1199 5 81.01427
162.2613 624.9709 5 81.04763
161.1692 631.6017 5 81.081
160.5279 638.0395 5 81.11437
158.3429 645.7098 5 81.14773
158.7499 652.5643 5 81.1811
159.0203 658.8405 5 81.21447
159.0328 664.1932 5 81.24783
159.7937 670.2036 5 81.2812
160.0197 677.2988 5 81.31457
159.4913 684.4819 5 81.34793
160.3251 691.6974 5 81.3813
161.3866 697.2797 5 81.41467
159.8171 704.2897 5 81.44803
158.9582 711.6224 5 81.4814
