332.6267 341.7532 7 0
269.5216 322.5955 7 0.03336667
270.6028 315.5433 7 0.06673333
271.2944 308.739 7 0.1001
272.9423 302.2452 7 0.1334667
273.8735 295.6503 7 0.1668333
276.3348 289.3257 7 0.2002
278.7975 282.6355 7 0.2335667
281.2823 276.0736 7 0.2669333
283.756 270.1143 7 0.3003
286.9166 264.4834 7 0.3336667
290.9601 257.6885 7 0.3670333
294.8317 251.5512 7 0.4004
298.4728 246.7856 7 0.4337667
302.3878 241.3374 7 0.4671333
306.859 235.8435 7 0.5005
311.4715 230.3789 7 0.5338667
315.7134 225.6221 7 0.5672333
320.9182 220.605 7 0.6006
326.4331 215.7122 7 0.6339667
331.7496 211.3673 7 0.6673333
338.0046 207.2051 7 0.7007
343.6549 203.3319 7 0.7340667
349.1578 200.0272 7 0.7674333
355.3205 196.9188 7 0.8008
361.2809 193.2266 7 0.8341667
367.8462 190.7985 7 0.8675333
374.2699 187.4991 7 0.9009
380.5356 185.5361 7 0.9342667
386.7303 183.9574 7 0.9676333
393.6558 184.9221 7 1.001
399.7601 183.9077 7 1.034367
406.9967 183.5873 7 1.067733
405.5096 180.7294 7 1.1011
407.8805 179.5615 7 1.134467
408.0315 176.8647 7 1.167833
411.2358 177.4768 7 1.2012
413.8712 175.3651 7 1.234567
419.3888 173.3194 7 1.267933
422.1588 169.4138 7 1.3013
424.3571 166.8767 7 1.334667
427.5477 165.6253 7 1.368033
431.848 162.3443 7 1.4014
437.8543 161.5708 7 1.434767
444.4935 161.4802 7 1.468133
450.8647 161.4174 7 1.5015
457.6222 161.9987 7 1.534867
464.3572 163.0791 7 1.568233
471.0433 164.7231 7 1.6016
477.7061 166.7588 7 1.634967
483.84 168.5567 7 1.668333
491.037 171.2182 7 1.7017
496.5843 173.4186 7 1.735067
503.2689 176.776 7 1.768433
509.0626 179.1768 7 1.8018
515.0691 182.1592 7 1.835167
521.0529 185.8245 7 1.868533
527.0687 188.9455 7 1.9019
532.9076 192.5491 7 1.935267
538.6107 196.9257 7 1.968633
543.9651 200.9961 7 2.002
549.4654 205.7333 7 2.035367
554.5936 210.8168 7 2.068733
555.3384 213.1669 7 2.1021
554.7719 216.5423 7 2.135467
554.564 219.9241 7 2.168833
554.0882 222.8825 7 2.2022
553.4522 228.5167 7 2.235567
551.0861 233.3656 7 2.268933
550.1329 238.454 7 2.3023
549.1603 244.3332 7 2.335667
547.2583 251.1765 7 2.369033
545.1611 257.107 7 2.4024
542.6206 262.0322 7 2.435767
539.4538 268.1563 7 2.469133
535.7587 274.3112 7 2.5025
531.6664 280.4217 7 2.535867
528.3299 285.314 7 2.569233
524.3152 290.4763 7 2.6026
519.6412 296.5879 7 2.635967
515.213 301.806 7 2.669333
509.7662 306.4545 7 2.7027
505.7574 311.3242 7 2.736067
500.748 316.5054 7 2.769433
495.4214 321.0378 7 2.8028
490.2771 325.1321 7 2.836167
484.7868 328.2235 7 2.869533
479.9851 331.2468 7 2.9029
473.5809 334.7144 7 2.936267
467.0468 338.0589 7 2.969633
460.4512 340.6269 7 3.003
454.2224 343.4133 7 3.036367
447.1809 346.4403 7 3.069733
440.8217 348.8013 7 3.1031
433.782 350.8496 7 3.136467
426.5881 351.6962 7 3.169833
420.8338 352.2604 7 3.2032
413.2047 352.3993 7 3.236567
406.3258 352.8084 7 3.269933
400.3576 353.2428 7 3.3033
393.3138 353.4291 7 3.336667
386.6184 352.3083 7 3.370033
378.8164 351.1168 7 3.4034
371.4001 350.5104 7 3.436767
364.8565 350.1603 7 3.470133
358.472 349.0206 7 3.5035
351.6158 347.8209 7 3.536867
344.815 346.2768 7 3.570233
337.9394 344.064 7 3.6036
332.6267 341.7532 7 3.636967
324.1542 338.2599 7 3.670333
317.8115 335.6416 7 3.7037
311.2207 332.6357 7 3.737067
304.8568 329.2795 7 3.770433
298.7478 325.8407 7 3.8038
292.3084 321.4997 7 3.837167
286.7902 317.4138 7 3.870533
280.4853 312.8026 7 3.9039
276.3554 308.5864 7 3.937267
270.0868 303.1836 7 3.970633
266.4424 298.1468 7 4.004
261.1231 292.3305 7 4.037367
257.3507 287.0538 7 4.070733
253.4585 281.7876 7 4.1041
249.0544 275.606 7 4.137467
245.5547 269.8421 7 4.170833
242.0266 263.7616 7 4.2042
239.174 257.5036 7 4.237567
236.8605 251.3652 7 4.270933
234.8761 244.8587 7 4.3043
232.5812 238.8072 7 4.337667
231.6344 232.936 7 4.371033
230.4085 226.4301 7 4.4044
230.3625 220.0903 7 4.437767
230.1207 212.9091 7 4.471133
230.0325 206.0844 7 4.5045
230.7191 199.1458 7 4.537867
231.51 191.2066 7 4.571233
233.2447 185.404 7 4.6046
233.7291 178.8113 7 4.637967
236.5918 171.8059 7 4.671333
238.3269 165.6036 7 4.7047
241.1808 159.1968 7 4.738067
245.1201 152.4805 7 4.771433
248.6294 146.9766 7 4.8048
251.1763 142.1609 7 4.838167
255.8224 136.3846 7 4.871533
260.7049 131.4633 7 4.9049
265.112 126.3792 7 4.938267
270.0812 121.4994 7 4.971633
275.0341 117.2786 7 5.005
276.7645 115.0078 7 5.038367
279.1108 113.7859 7 5.071733
281.1775 112.7163 7 5.1051
284.6602 111.8002 7 5.138467
285.6909 113.4717 7 5.171833
290.7981 114.1833 7 5.2052
294.6686 116.8311 7 5.238567
299.3727 119.6585 7 5.271933
304.7362 124.0082 7 5.3053
309.5458 128.8155 7 5.338667
314.0293 135.5201 7 5.372033
319.3051 140.7592 7 5.4054
324.8029 145.2168 7 5.438767
331.0072 148.8734 7 5.472133
336.5549 152.7688 7 5.5055
342.238 156.3837 7 5.538867
347.4799 159.8329 7 5.572233
353.2835 163.7878 7 5.6056
358.4232 167.9536 7 5.638967
363.6559 172.0016 7 5.672333
368.8306 176.3384 7 5.7057
373.3439 180.8529 7 5.739067
378.5623 185.6344 7 5.772433
382.2986 190.2768 7 5.8058
383.0464 195.1991 7 5.839167
381.8141 200.7795 7 5.872533
380.8587 205.4946 7 5.9059
380.9086 211.6569 7 5.939267
379.5989 218.4051 7 5.972633
379.869 225.1265 7 6.006
378.43 232.8627 7 6.039367
378.3806 239.9105 7 6.072733
378.4895 247.0779 7 6.1061
378.1629 253.9972 7 6.139467
377.9473 260.9992 7 6.172833
378.0787 267.5097 7 6.2062
376.5156 274.6582 7 6.239567
376.8616 282.1275 7 6.272933
375.6438 288.2089 7 6.3063
374.6942 294.6076 7 6.339667
372.7874 300.9878 7 6.373033
372.3746 305.4352 7 6.4064
372.3875 309.8756 7 6.439767
371.2241 314.5907 7 6.473133
369.529 319.5392 7 6.5065
367.1295 323.958 7 6.539867
363.8243 329.6613 7 6.573233
359.5206 335.3442 7 6.6066
354.4705 339.9286 7 6.639967
349.1687 344.5831 7 6.673333
343.0845 348.3233 7 6.7067
336.948 351.1995 7 6.740067
330.3789 354.2782 7 6.773433
323.4563 356.3893 7 6.8068
317.4139 357.9506 7 6.840167
310.8011 359.1142 7 6.873533
304.2066 360.4964 7 6.9069
297.3815 361.1277 7 6.940267
290.4078 361.7045 7 6.973633
283.7235 362.1896 7 7.007
276.867 362.8665 7 7.040367
270.0036 362.9041 7 7.073733
263.1092 362.828 7 7.1071
256.2862 362.7277 7 7.140467
249.3694 362.1115 7 7.173833
242.8215 361.0647 7 7.2072
236.8629 359.9146 7 7.240567
230.3538 358.2342 7 7.273933
224.4286 356.2115 7 7.3073
218.2878 353.4879 7 7.340667
212.9448 350.715 7 7.374033
207.3185 347.3893 7 7.4074
202.3447 343.6135 7 7.440767
197.2243 339.3936 7 7.474133
192.3974 334.5418 7 7.5075
187.8122 329.8421 7 7.540867
183.4192 325.0261 7 7.574233
179.4023 319.9985 7 7.6076
175.6463 314.3504 7 7.640967
172.5697 308.8261 7 7.674333
169.405 303.0887 7 7.7077
166.7364 297.2771 7 7.741067
164.4923 291.0558 7 7.774433
162.6879 284.8726 7 7.8078
161.5214 278.489 7 7.841167
160.8011 272.1772 7 7.874533
160.4846 265.3932 7 7.9079
160.4659 258.7384 7 7.941267
160.7387 252.4133 7 7.974633
161.6543 246.2529 7 8.008
162.66 239.293 7 8.041367
164.4359 233.2788 7 8.074733
166.3793 226.7012 7 8.1081
168.7348 219.9262 7 8.141467
171.0365 213.5877 7 8.174833
173.9778 207.3254 7 8.2082
177.2878 201.7517 7 8.241567
180.748 196.2685 7 8.274933
184.3892 191.2862 7 8.3083
188.6314 185.6031 7 8.341667
192.9632 180.619 7 8.375033
197.9025 175.799 7 8.4084
203.6682 171.0782 7 8.441767
209.3748 166.4348 7 8.475133
214.4729 162.2555 7 8.5085
219.9312 158.249 7 8.541867
225.427 154.5226 7 8.575233
231.4799 150.975 7 8.6086
237.6512 148.0198 7 8.641967
243.9173 145.3197 7 8.675333
250.8746 143.1673 7 8.7087
257.835 141.2325 7 8.742067
264.5581 140.1005 7 8.775433
271.7779 139.0328 7 8.8088
278.6301 138.4206 7 8.842167
285.6594 138.2026 7 8.875533
292.6329 137.9951 7 8.9089
299.4041 138.3949 7 8.942267
306.2055 138.9927 7 8.975633
312.9132 140.2367 7 9.009
320.3082 142.0958 7 9.042367
326.9653 143.9177 7 9.075733
333.5891 146.5993 7 9.1091
339.7343 149.6483 7 9.142467
345.6348 152.3387 7 9.175833
350.9716 155.7063 7 9.2092
356.439 159.9324 7 9.242567
362.6911 164.7547 7 9.275933
367.8032 168.6711 7 9.3093
373.5137 172.6876 7 9.342667
378.1742 176.7595 7 9.376033
382.4649 183.0328 7 9.4094
384.9162 190.5492 7 9.442767
387.5537 196.245 7 9.476133
391.2249 201.763 7 9.5095
394.9964 206.7896 7 9.542867
398.9464 211.8178 7 9.576233
402.4192 217.0268 7 9.6096
406.3006 222.6485 7 9.642967
409.9318 228.7256 7 9.676333
413.5124 234.3136 7 9.7097
416.7526 239.8557 7 9.743067
420.1676 246.1973 7 9.776433
422.5064 252.3633 7 9.8098
424.905 259.402 7 9.843167
427.0913 266.066 7 9.876533
429.04 272.6613 7 9.9099
430.3484 278.3407 7 9.943267
432.0093 284.6471 7 9.976633
434.0283 291.6496 7 10.01
434.3379 297.5008 7 10.04337
430.9599 299.8375 7 10.07673
428.0192 303.3702 7 10.1101
425.7685 306.3826 7 10.14347
421.9632 310.8881 7 10.17683
418.6257 317.1409 7 10.2102
415.0563 323.1886 7 10.24357
410.8702 329.2143 7 10.27693
408.3318 336.101 7 10.3103
404.5764 342.8 7 10.34367
401.9479 350.2385 7 10.37703
401.0718 357.3529 7 10.4104
400.3593 364.0024 7 10.44377
399.1626 370.4618 7 10.47713
399.3007 377.5352 7 10.5105
398.2172 383.7894 7 10.54387
397.3228 391.371 7 10.57723
395.6542 398.0225 7 10.6106
394.0624 404.1469 7 10.64397
392.5621 410.669 7 10.67733
390.3454 417.0701 7 10.7107
387.829 424.0114 7 10.74407
384.9003 430.2992 7 10.77743
383.1551 436.4202 7 10.8108
380.3 442.6513 7 10.84417
377.4945 448.7777 7 10.87753
374.7871 454.7859 7 10.9109
371.1961 460.9785 7 10.94427
367.9987 467.176 7 10.97763
364.3051 473.4601 7 11.011
359.9141 479.1655 7 11.04437
355.9877 484.3044 7 11.07773
350.6314 490.1519 7 11.1111
346.1168 494.9891 7 11.14447
340.5998 499.6449 7 11.17783
334.9228 504.4393 7 11.2112
329.3433 508.3173 7 11.24457
324.0183 512.0294 7 11.27793
317.8856 515.667 7 11.3113
311.181 518.7337 7 11.34467
305.1851 521.7852 7 11.37803
298.5806 524.2623 7 11.4114
292.2354 526.4295 7 11.44477
285.9776 528.3578 7 11.47813
279.5301 530.095 7 11.5115
272.493 531.2218 7 11.54487
265.3132 532.238 7 11.57823
258.7229 532.8722 7 11.6116
252.0288 533.5482 7 11.64497
245.4632 533.9877 7 11.67833
237.928 534.0406 7 11.7117
231.2333 533.9605 7 11.74507
224.6818 533.6584 7 11.77843
217.891 532.9941 7 11.8118
211.3552 532.0209 7 11.84517
204.8152 531.1205 7 11.87853
198.2123 529.7926 7 11.9119
191.6901 528.4522 7 11.94527
184.7177 526.718 7 11.97863
178.0362 524.7395 7 12.012
171.7517 522.6818 7 12.04537
165.2675 524.6588 7 12.07873
158.1999 526.0055 7 12.1121
149.8919 526.3026 7 12.14547
146.9689 526.2737 7 12.17883
145.7305 528.3747 7 12.2122
145.7601 530.5717 7 12.24557
147.0124 530.1017 7 12.27893
145.8558 530.2524 7 12.3123
145.4633 530.0095 7 12.34567
141.3304 530.0941 7 12.37903
137.4243 526.6975 7 12.4124
134.3395 522.196 7 12.44577
133.5642 518.0469 7 12.47913
130.9285 514.4349 7 12.5125
128.3466 511.3115 7 12.54587
123.3845 508.2901 7 12.57923
118.695 504.6624 7 12.6126
112.2742 502.6517 7 12.64597
106.1724 500.5233 7 12.67933
99.38066 498.8928 7 12.7127
92.39646 497.207 7 12.74607
85.77296 495.5329 7 12.77943
79.67775 494.1723 7 12.8128
73.33662 492.6512 7 12.84617
67.0726 490.2874 7 12.87953
60.53979 488.3861 7 12.9129
55.00018 486.4554 7 12.94627
49.11591 483.6627 7 12.97963
42.87117 480.6416 7 13.013
37.181 477.7316 7 13.04637
32.94408 475.1972 7 13.07973
32.53287 473.1315 7 13.1131
30.73353 469.6453 7 13.14647
32.32912 467.0505 7 13.17983
31.98636 464.2443 7 13.2132
32.40795 464.0983 7 13.24657
32.61739 463.7483 7 13.27993
30.47526 466.6635 7 13.3133
31.43805 468.3904 7 13.34667
30.602 471.2534 7 13.38003
31.24698 474.5123 7 13.4134
30.46355 477.6217 7 13.44677
31.31752 482.0563 7 13.48013
31.29596 485.4828 7 13.5135
32.44513 489.6544 7 13.54687
32.00513 493.3127 7 13.58023
31.42793 495.1755 7 13.6136
30.9297 496.843 7 13.64697
32.47156 497.6002 7 13.68033
31.83493 496.9544 7 13.7137
31.9479 495.6208 7 13.74707
32.21183 495.1927 7 13.78043
31.70848 494.7103 7 13.8138
32.54734 494.7412 7 13.84717
32.69185 496.7684 7 13.88053
31.98155 500.3229 7 13.9139
31.98748 501.3468 7 13.94727
32.71159 503.5465 7 13.98063
31.2083 505.8053 7 14.014
30.61554 506.4395 7 14.04737
30.35735 508.4241 7 14.08073
32.54693 511.8531 7 14.1141
32.46615 514.1855 7 14.14747
32.08596 517.4601 7 14.18083
31.91201 520.9348 7 14.2142
34.12538 523.2883 7 14.24757
34.26778 524.1689 7 14.28093
31.73744 524.3906 7 14.3143
30.67931 525.8025 7 14.34767
31.93456 526.115 7 14.38103
30.94122 525.8096 7 14.4144
32.26229 525.1327 7 14.44777
32.92833 524.5115 7 14.48113
35.76434 526.3929 7 14.5145
39.90546 525.3791 7 14.54787
44.85516 525.589 7 14.58123
50.12913 522.6889 7 14.6146
56.9361 521.6455 7 14.64797
64.94131 521.1622 7 14.68133
72.92455 522.0801 7 14.7147
79.35602 524.1304 7 14.74807
85.13003 526.3238 7 14.78143
91.20199 529.5627 7 14.8148
96.61263 533.4427 7 14.84817
101.6233 537.4429 7 14.88153
106.6971 542.0415 7 14.9149
112.1049 546.814 7 14.94827
117.0678 551.825 7 14.98163
121.7355 556.8078 7 15.015
126.2953 562.1253 7 15.04837
130.4592 567.1354 7 15.08173
135.0349 572.5472 7 15.1151
139.0509 578.5275 7 15.14847
143.0575 583.918 7 15.18183
146.7163 588.6526 7 15.2152
151.1662 592.1528 7 15.24857
155.3088 597.3254 7 15.28193
158.6158 603.3882 7 15.3153
161.3492 610.0083 7 15.34867
163.4884 616.9458 7 15.38203
165.1442 624.3376 7 15.4154
166.0409 631.0748 7 15.44877
166.3384 637.2379 7 15.48213
166.6023 643.2012 7 15.5155
166.0306 649.5464 7 15.54887
165.3035 656.7407 7 15.58223
164.3863 663.392 7 15.6156
163.7272 670.5001 7 15.64897
163.05 677.0476 7 15.68233
161.8555 683.7687 7 15.7157
160.4541 690.6008 7 15.74907
158.9452 697.1563 7 15.78243
156.6736 703.5791 7 15.8158
154.1526 710.5274 7 15.84917
151.9455 716.9917 7 15.88253
149.3892 723.2161 7 15.9159
146.3367 729.2476 7 15.94927
143.186 734.7939 7 15.98263
139.5394 740.69 7 16.016
135.7495 746.169 7 16.04937
131.7175 751.1444 7 16.08273
127.4458 756.3604 7 16.1161
124.4999 759.7975 7 16.14947
124.9029 759.3564 7 16.18283
124.2839 759.6954 7 16.2162
124.2888 760.3115 7 16.24957
124.1926 761.2183 7 16.28293
124.676 761.6066 7 16.3163
125.3406 762.9108 7 16.34967
128.7156 764.1772 7 16.38303
129.1053 767.6515 7 16.4164
131.1916 769.1704 7 16.44977
133.8317 772.6764 7 16.48313
136.9053 776.003 7 16.5165
139.3385 779.332 7 16.54987
138.055 777.7144 7 16.58323
136.713 777.2196 7 16.6166
136.0222 777.2778 7 16.64997
134.0045 776.0119 7 16.68333
134.9603 776.335 7 16.7167
134.5847 774.6825 7 16.75007
133.5975 776.7738 7 16.78343
133.9682 778.8156 7 16.8168
133.0274 779.9307 7 16.85017
136.0965 780.7529 7 16.88353
136.6394 782.4806 7 16.9169
136.2672 782.4907 7 16.95027
136.3761 781.4609 7 16.98363
136.3375 782.1418 7 17.017
136.983 783.8128 7 17.05037
137.6239 783.4063 7 17.08373
137.9129 784.8729 7 17.1171
140.6518 787.6861 7 17.15047
140.172 789.1803 7 17.18383
140.3232 788.4017 7 17.2172
140.8829 789.7977 7 17.25057
142.4519 792.2775 7 17.28393
145.11 792.7162 7 17.3173
146.2427 793.1497 7 17.35067
147.5936 793.6225 7 17.38403
148.3694 795.3932 7 17.4174
148.9879 797.0705 7 17.45077
150.2753 798.6692 7 17.48413
151.5456 800.16 7 17.5175
152.6582 803.0247 7 17.55087
156.3296 805.567 7 17.58423
158.9988 808.8103 7 17.6176
163.7066 810.8102 7 17.65097
170.0604 813.0265 7 17.68433
176.1558 816.7629 7 17.7177
180.7507 819.0411 7 17.75107
185.538 822.3404 7 17.78443
190.2906 825.5264 7 17.8178
195.9501 828.5495 7 17.85117
200.0789 829.6069 7 17.88453
205.9046 830.9796 7 17.9179
209.8327 831.2503 7 17.95127
215.0773 830.4718 7 17.98463
221.0359 828.2836 7 18.018
226.926 826.4443 7 18.05137
232.591 821.9902 7 18.08473
237.7849 819.2472 7 18.1181
244.6363 816.5639 7 18.15147
250.8565 814.5911 7 18.18483
258.0372 812.5996 7 18.2182
264.2999 811.1552 7 18.25157
271.3886 809.9703 7 18.28493
278.117 808.6177 7 18.3183
284.7354 807.8823 7 18.35167
291.2644 807.1899 7 18.38503
298.1574 807.6051 7 18.4184
305.0921 807.5092 7 18.45177
311.4043 807.8697 7 18.48513
318.3276 808.0783 7 18.5185
324.5812 808.9715 7 18.55187
331.6561 810.046 7 18.58523
338.3972 811.101 7 18.6186
345.5068 812.4284 7 18.65197
351.9174 814.1107 7 18.68533
358.3575 816.5181 7 18.7187
364.9584 818.7993 7 18.75207
371.3393 821.5153 7 18.78543
377.2869 824.1423 7 18.8188
383.286 827.3364 7 18.85217
389.0755 831.1055 7 18.88553
395.1966 834.9617 7 18.9189
400.0356 838.7832 7 18.95227
405.0897 842.7879 7 18.98563
409.68 847.2623 7 19.019
415.0985 851.8569 7 19.05237
419.6376 856.7322 7 19.08573
423.8318 861.8273 7 19.1191
427.7975 866.8364 7 19.15247
432.2876 871.9055 7 19.18583
436.3004 877.44 7 19.2192
439.7695 883.0531 7 19.25257
442.9051 889.1414 7 19.28593
446.0028 895.3332 7 19.3193
449.3528 901.3862 7 19.35267
452.1546 907.35 7 19.38603
454.3186 913.7795 7 19.4194
456.6096 920.1116 7 19.45277
458.217 926.6141 7 19.48613
459.5393 932.7418 7 19.5195
460.9376 932.5621 7 19.55287
462.779 933.8715 7 19.58623
465.1212 934.7006 7 19.6196
468.1505 935.1103 7 19.65297
472.4638 934.0589 7 19.68633
475.8175 935.2752 7 19.7197
480.22 935.1292 7 19.75307
485.8138 935.0551 7 19.78643
490.6735 935.3131 7 19.8198
495.3298 934.2985 7 19.85317
500.9586 934.3444 7 19.88653
506.9511 934.6974 7 19.9199
512.0807 934.3756 7 19.95327
518.1349 932.9341 7 19.98663
522.7398 933.1035 7 20.02
527.1172 932.4474 7 20.05337
531.4321 932.0661 7 20.08673
535.2433 930.859 7 20.1201
538.0129 931.0944 7 20.15347
541.8367 930.9933 7 20.18683
545.0859 930.6787 7 20.2202
548.7072 929.9434 7 20.25357
552.629 928.324 7 20.28693
555.7876 928.1812 7 20.3203
558.822 927.7503 7 20.35367
561.7309 926.8924 7 20.38703
566.1594 926.6646 7 20.4204
570.0452 925.6646 7 20.45377
572.2762 925.4961 7 20.48713
569.7476 926.205 7 20.5205
569.9996 924.4597 7 20.55387
572.4908 926.6504 7 20.58723
572.9247 926.0299 7 20.6206
574.2332 926.3803 7 20.65397
573.0266 927.7464 7 20.68733
574.2693 926.9347 7 20.7207
574.4857 928.0628 7 20.75407
574.8341 926.3028 7 20.78743
574.2385 927.5179 7 20.8208
574.3926 928.7883 7 20.85417
573.0365 929.5363 7 20.88753
573.5677 929.6429 7 20.9209
575.0388 927.3711 7 20.95427
574.8459 925.8742 7 20.98763
576.6788 923.2604 7 21.021
577.7694 919.3407 7 21.05437
581.4045 913.6976 7 21.08773
582.789 908.6243 7 21.1211
582.882 903.7299 7 21.15447
583.145 897.6111 7 21.18783
583.0082 890.8145 7 21.2212
581.9 885.824 7 21.25457
579.542 885.0478 7 21.28793
577.1355 880.5082 7 21.3213
575.9534 874.6247 7 21.35467
574.6393 867.6847 7 21.38803
573.1263 861.423 7 21.4214
571.5399 854.9967 7 21.45477
572.0251 852.6072 7 21.48813
574.014 848.7282 7 21.5215
574.1343 844.5033 7 21.55487
573.576 841.2119 7 21.58823
572.5141 836.3033 7 21.6216
569.763 831.044 7 21.65497
567.3956 825.8257 7 21.68833
564.0615 821.0578 7 21.7217
565.9258 814.2932 7 21.75507
564.8158 808.5597 7 21.78843
562.6108 802.4302 7 21.8218
559.7672 796.2205 7 21.85517
557.8719 790.1031 7 21.88853
552.7988 784.1111 7 21.9219
548.4536 778.202 7 21.95527
545.4723 772.0012 7 21.98863
543.1784 765.0784 7 22.022
541.7563 758.3535 7 22.05537
540.9895 751.5378 7 22.08873
540.5093 744.6647 7 22.1221
540.7952 737.6775 7 22.15547
541.2742 731.1776 7 22.18883
542.5018 725.0107 7 22.2222
543.577 718.7191 7 22.25557
544.7437 712.261 7 22.28893
546.4588 705.1026 7 22.3223
548.344 698.2828 7 22.35567
550.4002 691.9003 7 22.38903
552.667 686.0523 7 22.4224
555.6807 680.1409 7 22.45577
558.3391 674.0442 7 22.48913
561.8124 668.2123 7 22.5225
565.6255 662.2001 7 22.55587
569.691 656.7658 7 22.58923
573.6769 651.5531 7 22.6226
577.9104 646.5655 7 22.65597
583.015 641.6041 7 22.68933
588.1376 637.2906 7 22.7227
593.4581 633.1421 7 22.75607
598.8658 628.8658 7 22.78943
604.7078 624.8194 7 22.8228
610.6329 621.2289 7 22.85617
615.9501 618.4335 7 22.88953
621.3717 615.9262 7 22.9229
627.5698 613.0493 7 22.95627
633.4247 610.4716 7 22.98963
639.4731 608.5946 7 23.023
644.7179 611.1267 7 23.05637
650.3666 612.0281 7 23.08973
656.2888 613.4639 7 23.1231
662.5207 614.2323 7 23.15647
668.4055 614.6197 7 23.18983
674.5563 615.4906 7 23.2232
680.2066 615.4093 7 23.25657
686.2982 614.9531 7 23.28993
699.3661 613.463 7 23.3233
699.3661 613.463 7 23.35667
706.0856 612.7415 7 23.39003
719.0253 612.2185 7 23.4234
719.0253 612.2185 7 23.45677
725.6299 612.4261 7 23.49013
736.0022 609.5404 7 23.5235
736.0022 609.5404 7 23.55687
739.9545 607.7299 7 23.59023
747.9451 598.7921 7 23.6236
747.9451 598.7921 7 23.65697
756.4438 589.4031 7 23.69033
760.5744 585.4702 7 23.7237
760.5744 585.4702 7 23.75707
769.7593 578.6566 7 23.79043
773.4235 575.2567 7 23.8238
773.4235 575.2567 7 23.85717
783.5903 570.3253 7 23.89053
789.498 567.3763 7 23.9239
794.5987 564.4544 7 23.95727
800.6706 562.0354 7 23.99063
807.3185 560.1702 7 24.024
812.1968 557.1037 7 24.05737
817.6486 553.8685 7 24.09073
823.3697 551.4311 7 24.1241
829.203 549.361 7 24.15747
835.4285 546.8989 7 24.19083
841.4485 544.9537 7 24.2242
846.0379 542.5778 7 24.25757
851.1303 541.0544 7 24.29093
856.5139 539.8485 7 24.3243
860.5492 538.0727 7 24.35767
860.3066 535.2043 7 24.39103
860.7375 530.5493 7 24.4244
861.0215 526.4062 7 24.45777
861.3907 522.9262 7 24.49113
861.3396 518.9198 7 24.5245
862.4359 514.1566 7 24.55787
863.8835 509.6589 7 24.59123
865.0802 504.5968 7 24.6246
867.0679 498.5741 7 24.65797
868.3784 493.5321 7 24.69133
870.8098 488.997 7 24.7247
875.1158 484.1138 7 24.75807
877.4942 480.0121 7 24.79143
881.253 475.3494 7 24.8248
884.722 471.0121 7 24.85817
887.1136 467.4627 7 24.89153
891.4109 464.1757 7 24.9249
894.6769 461.0824 7 24.95827
898.7702 457.1519 7 24.99163
903.8499 453.6539 7 25.025
908.7777 450.3136 7 25.05837
914.3032 447.4231 7 25.09173
914.3814 445.4165 7 25.1251
914.6567 445.1211 7 25.15847
915.4289 445.265 7 25.19183
915.6056 444.9708 7 25.2252
915.7151 444.591 7 25.25857
915.3286 444.0812 7 25.29193
914.8229 441.6413 7 25.3253
914.9019 438.3561 7 25.35867
915.1641 435.0757 7 25.39203
914.9452 431.2484 7 25.4254
913.7075 426.727 7 25.45877
912.8531 421.7415 7 25.49213
911.6545 417.1089 7 25.5255
910.0593 412.9425 7 25.55887
909.3912 408.619 7 25.59223
909.0617 403.5875 7 25.6256
907.3917 399.7848 7 25.65897
906.3435 396.2763 7 25.69233
905.7112 393.4474 7 25.7257
905.3672 393.9287 7 25.75907
905.6534 395.2919 7 25.79243
905.8877 397.0958 7 25.8258
906.6972 398.8861 7 25.85917
907.0032 401.4513 7 25.89253
907.1147 401.7913 7 25.9259
908.0013 402.0786 7 25.95927
907.7745 400.8419 7 25.99263
907.4643 399.3262 7 26.026
906.3539 397.0785 7 26.05937
905.0417 391.6226 7 26.09273
905.0291 386.118 7 26.1261
903.4511 380.2711 7 26.15947
902.424 374.8401 7 26.19283
900.9702 371.2752 7 26.2262
899.0818 366.2658 7 26.25957
897.695 361.7998 7 26.29293
896.2698 356.4692 7 26.3263
894.0634 351.2344 7 26.35967
891.6212 345.5678 7 26.39303
888.5303 339.5935 7 26.4264
886.3626 334.0448 7 26.45977
883.7867 327.4838 7 26.49313
881.0375 322.4302 7 26.5265
879.4193 319.2445 7 26.55987
877.1348 315.4989 7 26.59323
877.0721 313.372 7 26.6266
875.49 312.2215 7 26.65997
875.9946 311.9921 7 26.69333
875.6254 311.9088 7 26.7267
877.7198 312.2699 7 26.76007
878.2618 314.1831 7 26.79343
878.4571 316.4068 7 26.8268
881.1369 320.9938 7 26.86017
882.3267 322.5888 7 26.89353
883.6664 326.9509 7 26.9269
884.2947 328.8369 7 26.96027
885.3708 329.0256 7 26.99363
885.6811 330.4928 7 27.027
885.9374 331.8803 7 27.06037
887.3071 334.0138 7 27.09373
887.8484 335.9146 7 27.1271
888.9323 337.7423 7 27.16047
889.3736 340.1298 7 27.19383
889.8256 343.4087 7 27.2272
892.2104 346.0309 7 27.26057
892.6807 349.1281 7 27.29393
893.1365 350.5429 7 27.3273
893.5829 351.3006 7 27.36067
894.8284 352.3483 7 27.39403
895.4243 354.7789 7 27.4274
896.196 359.8386 7 27.46077
897.0849 361.9944 7 27.49413
897.4397 363.2834 7 27.5275
898.0367 364.436 7 27.56087
898.4156 366.6958 7 27.59423
898.8487 366.801 7 27.6276
899.5298 368.7748 7 27.66097
900.6127 369.939 7 27.69433
901.0269 372.094 7 27.7277
901.1098 373.8132 7 27.76107
901.5657 375.262 7 27.79443
901.6362 374.2184 7 27.8278
900.6734 373.9211 7 27.86117
901.4985 374.2143 7 27.89453
901.0655 373.8884 7 27.9279
901.9705 374.7722 7 27.96127
902.7441 375.0908 7 27.99463
902.6659 376.4573 7 28.028
902.5241 378.5705 7 28.06137
903.1171 377.7261 7 28.09473
902.8602 377.3543 7 28.1281
903.184 377.3622 7 28.16147
903.1233 375.9033 7 28.19483
904.3135 375.8981 7 28.2282
903.6692 376.7823 7 28.26157
903.9633 373.511 7 28.29493
900.9749 369.9388 7 28.3283
899.1017 365.4142 7 28.36167
899.4256 361.6747 7 28.39503
897.5108 357.8719 7 28.4284
893.9979 353.8042 7 28.46177
893.2271 348.4778 7 28.49513
892.6455 342.472 7 28.5285
889.7131 338.0655 7 28.56187
888.1757 333.2123 7 28.59523
886.0693 328.5869 7 28.6286
883.6231 322.7472 7 28.66197
880.5281 317.5238 7 28.69533
876.9493 311.0562 7 28.7287
873.5594 304.6542 7 28.76207
869.9812 298.2458 7 28.79543
866.6808 291.9085 7 28.8288
863.3714 288.2663 7 28.86217
862.2348 285.0465 7 28.89553
860.1543 283.6079 7 28.9289
859.4108 283.0179 7 28.96227
858.8211 281.6105 7 28.99563
859.3898 281.1764 7 29.029
859.8217 280.89 7 29.06237
860.1562 280.5648 7 29.09573
860.9864 279.7715 7 29.1291
860.0598 279.3767 7 29.16247
859.0924 275.6572 7 29.19583
857.8569 272.715 7 29.2292
854.9653 268.6807 7 29.26257
852.2647 263.6331 7 29.29593
847.8744 258.344 7 29.3293
843.3807 253.0125 7 29.36267
840.3542 246.5169 7 29.39603
835.1993 242.7245 7 29.4294
831.7458 236.213 7 29.46277
828.7899 231.1024 7 29.49613
825.2532 227.0528 7 29.5295
820.7481 223.6016 7 29.56287
817.0003 219.5128 7 29.59623
816.0486 212.4825 7 29.6296
810.4454 210.4634 7 29.66297
807.8365 205.277 7 29.69633
804.5019 199.8153 7 29.7297
801.0992 197.7887 7 29.76307
797.2549 192.9698 7 29.79643
791.6041 189.8643 7 29.8298
788.8848 183.4882 7 29.86317
784.1253 181.4647 7 29.89653
780.3444 176.8005 7 29.9299
776.671 172.5631 7 29.96327
772.3659 169.2258 7 29.99663
767.8928 166.3208 7 30.03
763.8289 161.8306 7 30.06337
758.9673 157.8899 7 30.09673
754.5029 154.0087 7 30.1301
749.5376 151.4196 7 30.16347
745.8363 148.0331 7 30.19683
739.5367 144.7214 7 30.2302
735.7658 140.2911 7 30.26357
731.8264 137.3533 7 30.29693
728.6888 135.4894 7 30.3303
725.6984 133.035 7 30.36367
721.1815 130.236 7 30.39703
715.2926 127.7768 7 30.4304
711.6033 123.6316 7 30.46377
706.0958 122.6527 7 30.49713
703.3881 119.2699 7 30.5305
700.5135 118.2165 7 30.56387
696.5138 114.3558 7 30.59723
691.8004 112.781 7 30.6306
689.2913 111.3021 7 30.66397
684.3583 109.7391 7 30.69733
682.0258 108.5297 7 30.7307
679.315 106.1999 7 30.76407
679.6497 107.6285 7 30.79743
676.8671 104.1547 7 30.8308
677.5973 106.3894 7 30.86417
678.1386 107.0359 7 30.89753
679.4045 108.7241 7 30.9309
681.1662 109.3056 7 30.96427
683.0737 110.2493 7 30.99763
683.3632 112.693 7 31.031
683.3579 114.3041 7 31.06437
684.8985 116.4369 7 31.09773
687.5428 118.3819 7 31.1311
689.3672 121.5201 7 31.16447
691.3184 125.479 7 31.19783
691.2994 129.0021 7 31.2312
692.0509 134.0349 7 31.26457
693.4549 139.6865 7 31.29793
694.1223 145.9225 7 31.3313
694.0889 151.0385 7 31.36467
695.0985 156.2858 7 31.39803
694.7475 162.7681 7 31.4314
695.5997 169.1781 7 31.46477
696.1345 176.0177 7 31.49813
695.9958 182.1902 7 31.5315
696.0571 189.3002 7 31.56487
695.1962 196.0265 7 31.59823
694.701 202.3167 7 31.6316
694.4795 209.4648 7 31.66497
693.479 215.5521 7 31.69833
692.4527 222.9952 7 31.7317
690.7205 229.618 7 31.76507
688.9274 236.2642 7 31.79843
686.8781 242.7675 7 31.8318
684.9953 248.7978 7 31.86517
682.2976 255.4581 7 31.89853
679.9429 261.4944 7 31.9319
676.7895 268.0916 7 31.96527
673.376 274.0736 7 31.99863
669.4016 279.7006 7 32.032
665.1954 285.4053 7 32.06537
661.4602 290.4128 7 32.09873
657.1672 295.9003 7 32.1321
654.0797 300.7798 7 32.16547
650.5904 305.8747 7 32.19883
645.4458 310.4824 7 32.2322
641.8109 313.7324 7 32.26557
638.1207 315.765 7 32.29893
632.9984 318.2673 7 32.3323
627.314 320.9891 7 32.36567
622.6954 323.3355 7 32.39903
617.8954 324.7013 7 32.4324
612.1853 327.2573 7 32.46577
604.966 329.7507 7 32.49913
597.8339 332.4747 7 32.5325
592.1983 334.6062 7 32.56587
584.6577 335.6361 7 32.59923
578.2351 338.1975 7 32.6326
570.3646 338.736 7 32.66597
563.2657 339.952 7 32.69933
556.2157 339.5946 7 32.7327
549.1709 339.6836 7 32.76607
542.5503 339.4875 7 32.79943
535.6374 338.7272 7 32.8328
529.5915 337.909 7 32.86617
522.6091 335.8396 7 32.89953
515.4617 334.3131 7 32.9329
509.007 332.3872 7 32.96627
502.8325 330.4082 7 32.99963
495.6695 327.9322 7 33.033
488.8342 324.9514 7 33.06637
482.7921 322.2997 7 33.09973
476.6998 319.2915 7 33.1331
470.9948 315.8415 7 33.16647
464.9887 311.9833 7 33.19983
459.3247 308.2858 7 33.2332
453.6287 304.3765 7 33.26657
448.7921 299.9687 7 33.29993
443.3707 295.8658 7 33.3333
438.7724 291.5908 7 33.36667
434.2098 287.5013 7 33.40003
429.469 282.7822 7 33.4334
425.6725 278.4305 7 33.46677
420.9678 273.2044 7 33.50013
417.5907 269.399 7 33.5335
412.6728 262.6986 7 33.56687
409.7131 258.3744 7 33.60023
406.4536 252.3813 7 33.6336
403.0008 246.3103 7 33.66697
400.34 240.8289 7 33.70033
397.2401 233.9605 7 33.7337
395.1253 228.3257 7 33.76707
392.5736 221.0414 7 33.80043
390.9269 214.6574 7 33.8338
392.5017 206.6585 7 33.86717
393.4891 201.1502 7 33.90053
393.1913 195.1978 7 33.9339
392.7328 188.4578 7 33.96727
392.6677 182.7195 7 34.00063
393.6606 176.2205 7 34.034
392.7146 172.2928 7 34.06737
390.9836 166.9857 7 34.10073
391.3765 161.5145 7 34.1341
388.66 155.5755 7 34.16747
388.6324 149.6727 7 34.20083
387.2078 143.8338 7 34.2342
386.4035 137.6602 7 34.26757
385.042 131.1952 7 34.30093
384.476 124.5655 7 34.3343
383.6376 117.0212 7 34.36767
383.8681 110.4763 7 34.40103
386.3977 104.9414 7 34.4344
388.3081 98.29307 7 34.46777
391.3615 92.76835 7 34.50113
396.553 87.14878 7 34.5345
399.5332 80.50593 7 34.56787
404.8795 76.3192 7 34.60123
409.1944 70.47522 7 34.6346
413.9632 66.28864 7 34.66797
415.5165 61.88938 7 34.70133
416.6349 60.97927 7 34.7347
417.9313 61.56384 7 34.76807
418.6717 60.50802 7 34.80143
420.1515 59.60879 7 34.8348
418.5356 59.39449 7 34.86817
422.068 59.648 7 34.90153
426.3465 59.30044 7 34.9349
428.8106 58.62211 7 34.96827
432.6804 58.76148 7 35.00163
436.7401 58.05985 7 35.035
443.0403 58.38653 7 35.06837
450.9586 59.9771 7 35.10173
453.3769 58.78354 7 35.1351
451.6367 57.15194 7 35.16847
450.1159 58.11797 7 35.20183
448.515 58.85226 7 35.2352
447.1817 57.28402 7 35.26857
446.8751 58.49137 7 35.30193
446.151 57.76948 7 35.3353
444.696 57.46041 7 35.36867
442.6818 57.98455 7 35.40203
441.3647 60.03204 7 35.4354
438.9773 59.40178 7 35.46877
437.7618 60.64494 7 35.50213
436.5123 60.03454 7 35.5355
432.6779 58.23286 7 35.56887
430.9904 60.47324 7 35.60223
427.4423 59.78022 7 35.6356
425.7527 58.53761 7 35.66897
421.8197 58.44273 7 35.70233
420.8857 59.19066 7 35.7357
420.5585 60.30192 7 35.76907
420.9691 59.05704 7 35.80243
421.1806 59.05196 7 35.8358
425.1801 58.97278 7 35.86917
429.132 59.62675 7 35.90253
431.3876 59.842 7 35.9359
435.1339 58.99468 7 35.96927
437.3654 58.73863 7 36.00263
437.4402 58.0621 7 36.036
438.5757 57.86798 7 36.06937
439.1926 57.29486 7 36.10273
439.3604 56.37515 7 36.1361
442.5329 56.82143 7 36.16947
444.7955 56.30592 7 36.20283
447.4389 57.68285 7 36.2362
449.5323 59.64267 7 36.26957
451.533 59.4977 7 36.30293
454.3773 57.1627 7 36.3363
456.2576 55.85543 7 36.36967
459.0326 56.98471 7 36.40303
460.3406 56.2237 7 36.4364
462.9891 56.53405 7 36.46977
466.0246 55.30795 7 36.50313
467.5388 58.23898 7 36.5365
470.2892 58.39607 7 36.56987
471.6831 56.92874 7 36.60323
475.4157 58.65888 7 36.6366
476.8764 59.54338 7 36.66997
480.3029 61.69157 7 36.70333
482.2291 61.8121 7 36.7367
484.6325 63.54142 7 36.77007
487.1339 63.6441 7 36.80343
490.3645 65.53208 7 36.8368
494.445 68.98771 7 36.87017
498.4889 70.64931 7 36.90353
502.342 73.54927 7 36.9369
505.2816 75.68318 7 36.97027
509.0869 78.67739 7 37.00363
511.3648 80.76421 7 37.037
513.6418 82.35706 7 37.07037
515.5433 85.084 7 37.10373
516.0411 85.6246 7 37.1371
516.1307 85.849 7 37.17047
517.5021 86.14326 7 37.20383
516.1803 86.02423 7 37.2372
515.0659 87.09223 7 37.27057
512.2188 86.46164 7 37.30393
509.3412 87.25593 7 37.3373
503.9659 87.39781 7 37.37067
499.0829 88.92356 7 37.40403
496.0549 90.53369 7 37.4374
492.097 91.94308 7 37.47077
487.0233 93.23771 7 37.50413
484.2294 96.51867 7 37.5375
479.2046 96.62291 7 37.57087
475.2401 100.2392 7 37.60423
469.8119 101.3469 7 37.6376
465.2383 102.8307 7 37.67097
459.9223 104.0356 7 37.70433
454.4221 105.4706 7 37.7377
449.0131 107.734 7 37.77107
442.6543 109.0268 7 37.80443
436.4052 110.9733 7 37.8378
428.7169 112.9303 7 37.87117
421.8734 114.6456 7 37.90453
414.8965 116.3435 7 37.9379
408.1108 117.597 7 37.97127
401.4606 118.559 7 38.00463
394.7906 118.7907 7 38.038
388.6605 119.1054 7 38.07137
382.0145 119.0549 7 38.10473
374.8986 118.3648 7 38.1381
368.0032 117.6368 7 38.17147
360.8646 116.8134 7 38.20483
354.3583 115.5625 7 38.2382
347.4913 114.2239 7 38.27157
340.9775 112.3293 7 38.30493
333.8943 109.831 7 38.3383
327.1245 107.5018 7 38.37167
320.8492 105.1883 7 38.40503
314.6671 101.721 7 38.4384
307.2033 98.10943 7 38.47177
302.0282 94.39454 7 38.50513
295.8431 91.07137 7 38.5385
292.8533 92.87465 7 38.57187
289.5833 94.75243 7 38.60523
283.7335 95.03143 7 38.6386
279.2675 99.76936 7 38.67197
271.9275 100.9214 7 38.70533
268.2281 105.6703 7 38.7387
264.3426 105.1331 7 38.77207
265.5954 103.6967 7 38.80543
266.4019 103.306 7 38.8388
270.266 102.1388 7 38.87217
271.425 103.0528 7 38.90553
271.2776 104.9515 7 38.9389
273.868 106.0354 7 38.97227
273.2986 109.0608 7 39.00563
273.8227 113.5831 7 39.039
276.6754 118.545 7 39.07237
278.659 125.091 7 39.10573
279.4021 131.4732 7 39.1391
281.0319 138.0027 7 39.17247
282.7074 144.1098 7 39.20583
284.8427 150.3658 7 39.2392
286.852 157.5383 7 39.27257
288.5273 164.258 7 39.30593
290.0777 170.6883 7 39.3393
290.8847 177.0385 7 39.37267
292.5264 184.6911 7 39.40603
292.5093 190.8774 7 39.4394
293.111 197.2722 7 39.47277
293.9042 201.6319 7 39.50613
291.5535 207.41 7 39.5395
291.5907 214.0196 7 39.57287
289.9614 220.7918 7 39.60623
290.0118 227.6018 7 39.6396
289.2413 234.1811 7 39.67297
289.6065 241.2032 7 39.70633
289.4326 248.1011 7 39.7397
288.628 255.1 7 39.77307
287.088 262.2847 7 39.80643
282.2673 268.1432 7 39.8398
278.8916 274.6773 7 39.87317
276.1639 281.2138 7 39.90653
275.5544 288.9122 7 39.9399
271.6939 295.2197 7 39.97327
269.4278 302.8793 7 40.00663
268.1583 309.6315 7 40.04
267.3298 316.1581 7 40.07337
265.8681 323.1246 7 40.10673
265.3707 330.0339 7 40.1401
265.5698 337.1336 7 40.17347
262.6132 343.727 7 40.20683
262.2409 351.0971 7 40.2402
262.4718 357.8331 7 40.27357
267.6125 363.6442 7 40.30693
271.2152 370.6218 7 40.3403
274.6704 374.9111 7 40.37367
276.1849 381.1453 7 40.40703
278.8237 389.8688 7 40.4404
281.7198 397.9413 7 40.47377
283.4579 404.1025 7 40.50713
284.8791 412.4703 7 40.5405
288.3469 419.955 7 40.57387
289.8789 427.3788 7 40.60723
292.3931 433.1615 7 40.6406
295.3015 438.8634 7 40.67397
298.0855 444.9591 7 40.70733
300.223 452.5063 7 40.7407
304.3088 458.4465 7 40.77407
308.4197 464.8183 7 40.80743
313.4981 469.4509 7 40.8408
317.7701 475.3781 7 40.87417
322.41 481.4292 7 40.90753
327.8112 486.2974 7 40.9409
333.4526 492.439 7 40.97427
339.0836 496.1892 7 41.00763
343.9995 500.4532 7 41.041
347.221 504.9541 7 41.07437
351.4875 509.8998 7 41.10773
356.3903 515.612 7 41.1411
361.1339 520.7469 7 41.17447
365.6581 524.9883 7 41.20783
366.8988 529.5752 7 41.2412
371.6388 534.1844 7 41.27457
376.133 538.7334 7 41.30793
381.1073 542.6513 7 41.3413
386.3688 548.9073 7 41.37467
392.559 552.9576 7 41.40803
397.8502 555.7221 7 41.4414
403.3427 558.4048 7 41.47477
407.2845 561.1992 7 41.50813
410.8209 562.7386 7 41.5415
411.7413 565.4488 7 41.57487
414.0121 566.0933 7 41.60823
418.4224 567.286 7 41.6416
422.5106 568.8338 7 41.67497
426.7035 571.4266 7 41.70833
429.7942 574.1441 7 41.7417
433.6428 578.3333 7 41.77507
437.7354 583.5356 7 41.80843
441.0466 588.6005 7 41.8418
444.4115 594.3626 7 41.87517
447.345 600.8461 7 41.90853
449.8378 606.9865 7 41.9419
451.8666 613.9502 7 41.97527
453.6193 620.2463 7 42.00863
454.5734 626.6469 7 42.042
455.7925 633.2649 7 42.07537
456.6962 640.214 7 42.10873
457.3391 646.493 7 42.1421
457.4341 653.1783 7 42.17547
456.9885 659.7725 7 42.20883
456.7416 666.7023 7 42.2422
456.3483 672.9516 7 42.27557
455.0094 679.3984 7 42.30893
454.8766 685.7386 7 42.3423
453.5848 692.0291 7 42.37567
451.9456 698.5703 7 42.40903
450.1568 704.9555 7 42.4424
447.6935 711.3279 7 42.47577
445.0978 717.3334 7 42.50913
442.1599 723.2181 7 42.5425
438.7805 728.8009 7 42.57587
435.7585 734.5692 7 42.60923
432.1431 739.9907 7 42.6426
428.4486 745.4925 7 42.67597
424.8765 751.1303 7 42.70933
420.8968 756.8162 7 42.7427
417.0027 762.1982 7 42.77607
413.0306 767.2923 7 42.80943
408.6594 771.8064 7 42.8428
403.6711 777.5084 7 42.87617
398.7419 782.7447 7 42.90953
394.1137 787.4217 7 42.9429
389.509 791.9303 7 42.97627
384.6945 796.4442 7 43.00963
379.1518 800.9401 7 43.043
373.7881 804.683 7 43.07637
368.1348 808.7868 7 43.10973
361.921 812.8616 7 43.1431
356.0944 815.8109 7 43.17647
350.2995 818.8614 7 43.20983
343.7005 821.2413 7 43.2432
336.6437 823.366 7 43.27657
330.1259 824.8084 7 43.30993
322.9539 826.364 7 43.3433
316.4543 827.3463 7 43.37667
308.8457 828.0827 7 43.41003
304.6239 828.0702 7 43.4434
302.4263 827.0946 7 43.47677
299.9529 825.9594 7 43.51013
296.6738 822.6922 7 43.5435
293.1856 818.6444 7 43.57687
288.8717 815.4191 7 43.61023
283.5784 810.9613 7 43.6436
280.4164 807.1427 7 43.67697
277.4159 800.8997 7 43.71033
272.3027 795.3693 7 43.7437
266.4531 791.7868 7 43.77707
260.9269 788.7553 7 43.81043
255.3752 784.9629 7 43.8438
249.9304 780.9128 7 43.87717
244.1697 776.5877 7 43.91053
238.9308 772.5325 7 43.9439
233.961 767.7083 7 43.97727
229.2944 762.8314 7 44.01063
224.5168 757.6723 7 44.044
219.8215 751.8638 7 44.07737
215.9955 745.9981 7 44.11073
212.1776 740.5324 7 44.1441
209.1382 735.229 7 44.17747
205.9276 728.8462 7 44.21083
202.6365 722.2668 7 44.2442
199.508 716.3838 7 44.27757
196.8292 709.8789 7 44.31093
194.0355 703.6157 7 44.3443
191.8583 697.0826 7 44.37767
189.9847 690.4694 7 44.41103
188.7784 684.0253 7 44.4444
187.571 677.1467 7 44.47777
186.5555 670.3115 7 44.51113
186.021 663.8019 7 44.5445
185.2256 657.5632 7 44.57787
184.7472 651.231 7 44.61123
184.5211 644.8896 7 44.6446
184.2747 637.8147 7 44.67797
184.7741 631.0126 7 44.71133
184.9958 624.4885 7 44.7447
185.8221 617.5187 7 44.77807
186.6304 610.5127 7 44.81143
187.4107 604.1346 7 44.8448
189.4143 598.2126 7 44.87817
190.7056 592.1596 7 44.91153
192.6702 586.3078 7 44.9449
194.7208 580.4304 7 44.97827
197.6838 573.8587 7 45.01163
198.7167 568.6114 7 45.045
199.4405 563.8825 7 45.07837
202.7601 559.6307 7 45.11173
206.7222 554.9288 7 45.1451
211.3762 551.1367 7 45.17847
216.1216 548.0917 7 45.21183
221.0012 544.7427 7 45.2452
226.2492 541.9228 7 45.27857
232.4212 538.9084 7 45.31193
239.1186 536.0733 7 45.3453
245.1432 533.7882 7 45.37867
252.2376 531.2689 7 45.41203
259.1031 529.1078 7 45.4454
264.5888 527.8175 7 45.47877
271.8629 526.4467 7 45.51213
278.8492 525.8582 7 45.5455
285.4681 525.3282 7 45.57887
292.3451 524.3721 7 45.61223
298.939 524.3351 7 45.6456
305.415 524.3547 7 45.67897
311.6304 524.6185 7 45.71233
318.6303 525.1921 7 45.7457
325.7196 526.0408 7 45.77907
332.7766 526.6929 7 45.81243
338.9548 527.4645 7 45.8458
345.6 527.8889 7 45.87917
353.3134 528.5296 7 45.91253
359.6201 529.6699 7 45.9459
362.5627 530.2265 7 45.97927
365.1503 530.5056 7 46.01263
368.9599 532.029 7 46.046
373.8533 533.5994 7 46.07937
375.2563 533.7577 7 46.11273
378.926 534.6417 7 46.1461
382.7907 533.9021 7 46.17947
387.8073 532.771 7 46.21283
393.1703 531.5686 7 46.2462
396.7784 529.4204 7 46.27957
402.1893 527.2251 7 46.31293
406.1669 525.6072 7 46.3463
410.3558 523.5752 7 46.37967
415.3633 521.8634 7 46.41303
420.0848 520.2931 7 46.4464
424.4165 519.405 7 46.47977
429.2472 517.0645 7 46.51313
434.0728 515.5577 7 46.5465
438.0518 514.2281 7 46.57987
442.8916 512.3746 7 46.61323
447.5567 510.5712 7 46.6466
454.0311 508.279 7 46.67997
459.1262 506.2294 7 46.71333
465.5644 503.8396 7 46.7467
471.5281 501.8962 7 46.78007
478.2274 499.4211 7 46.81343
484.5077 496.8941 7 46.8468
490.6925 495.6268 7 46.88017
496.9242 494.0238 7 46.91353
503.6804 492.552 7 46.9469
510.8213 490.8077 7 46.98027
517.6759 489.8436 7 47.01363
524.141 489.0698 7 47.047
530.3107 488.316 7 47.08037
537.4156 488.0679 7 47.11373
544.315 487.6062 7 47.1471
551.0284 487.3552 7 47.18047
557.2227 487.2933 7 47.21383
563.7714 487.3888 7 47.2472
570.0668 487.4807 7 47.28057
576.9729 488.882 7 47.31393
583.5706 489.5548 7 47.3473
590.8166 491.3422 7 47.38067
596.6894 492.7481 7 47.41403
602.5388 494.615 7 47.4474
608.8474 496.7961 7 47.48077
614.5177 498.7958 7 47.51413
620.6537 501.0538 7 47.5475
625.9021 503.2348 7 47.58087
632.0642 506.3722 7 47.61423
637.2542 508.9902 7 47.6476
643.1548 511.8178 7 47.68097
648.4338 514.9896 7 47.71433
653.9958 517.8797 7 47.7477
659.3348 521.5671 7 47.78107
664.5417 525.1619 7 47.81443
669.8781 529.0903 7 47.8478
674.8567 533.0024 7 47.88117
680.6065 537.404 7 47.91453
685.4329 541.8542 7 47.9479
690.699 545.9164 7 47.98127
695.0376 550.6037 7 48.01463
700.112 555.452 7 48.048
704.6272 560.1519 7 48.08137
708.7691 565.3389 7 48.11473
713.0274 570.0688 7 48.1481
716.6345 575.5087 7 48.18147
720.4537 580.678 7 48.21483
723.3163 585.9651 7 48.2482
725.7861 591.2627 7 48.28157
728.1176 596.6413 7 48.31493
730.4983 602.6278 7 48.3483
733.1366 609.0502 7 48.38167
733.9445 615.3561 7 48.41503
735.7132 620.9787 7 48.4484
736.6357 626.9993 7 48.48177
737.3807 632.9535 7 48.51513
737.8716 638.863 7 48.5485
736.7857 644.001 7 48.58187
734.3885 646.6044 7 48.61523
730.4764 651.8561 7 48.6486
726.3066 656.4937 7 48.68197
722.3135 660.4573 7 48.71533
716.4521 664.2762 7 48.7487
711.0629 668.0413 7 48.78207
704.9015 672.8277 7 48.81543
697.2655 677.5099 7 48.8488
691.0891 683.3373 7 48.88217
685.0196 687.9094 7 48.91553
679.5059 692.6028 7 48.9489
674.7184 697.3355 7 48.98227
670.2451 702.3685 7 49.01563
667.0578 708.3733 7 49.049
661.965 713.5578 7 49.08237
656.985 717.9745 7 49.11573
651.3114 721.314 7 49.1491
644.8473 724.2031 7 49.18247
638.9531 726.8655 7 49.21583
632.6211 729.4364 7 49.2492
626.6428 731.1676 7 49.28257
620.2092 732.8223 7 49.31593
614.0736 733.9853 7 49.3493
613.5147 731.4589 7 49.38267
610.4127 729.4525 7 49.41603
607.0916 725.9171 7 49.4494
603.5397 722.6135 7 49.48277
599.7157 718.7837 7 49.51613
595.5742 713.2248 7 49.5495
590.329 708.2669 7 49.58287
587.1105 703.7382 7 49.61623
582.859 700.6136 7 49.6496
579.2748 698.3201 7 49.68297
576.4512 698.3217 7 49.71633
572.9518 696.4629 7 49.7497
568.3657 695.0305 7 49.78307
563.9815 693.0432 7 49.81643
558.7032 690.4843 7 49.8498
553.3459 687.2291 7 49.88317
548.4314 684.233 7 49.91653
542.9803 683.7089 7 49.9499
537.6493 682.049 7 49.98327
531.2572 680.1086 7 50.01663
525.3656 678.0099 7 50.05
519.3247 676.0228 7 50.08337
513.0969 673.7807 7 50.11673
506.9216 671.1194 7 50.1501
500.7489 668.5333 7 50.18347
494.4206 665.3178 7 50.21683
488.338 662.3622 7 50.2502
482.5053 658.5104 7 50.28357
476.7749 654.6114 7 50.31693
472.1284 649.9192 7 50.3503
466.8645 646.0312 7 50.38367
463.7522 640.3168 7 50.41703
462.9376 633.7774 7 50.4504
459.0322 628.2209 7 50.48377
456.3823 622.181 7 50.51713
451.9655 617.2206 7 50.5505
448.6783 611.364 7 50.58387
444.094 605.8245 7 50.61723
440.676 600.6477 7 50.6506
436.6501 594.6368 7 50.68397
433.6766 589.2365 7 50.71733
430.5487 583.2777 7 50.7507
425.4928 580.7711 7 50.78407
419.4649 576.6968 7 50.81743
414.6868 571.0541 7 50.8508
410.8511 564.9237 7 50.88417
405.8243 559.232 7 50.91753
401.6163 553.9117 7 50.9509
396.9695 547.1961 7 50.98427
393.6887 540.8534 7 51.01763
390.7667 534.0601 7 51.051
388.5561 527.0008 7 51.08437
386.6353 521.4905 7 51.11773
388.014 519.3649 7 51.1511
387.1308 514.1362 7 51.18447
389.0946 510.6021 7 51.21783
390.0675 509.6463 7 51.2512
393.2482 508.2751 7 51.28457
397.0839 507.7172 7 51.31793
400.8959 508.0805 7 51.3513
405.1889 505.6528 7 51.38467
410.9717 506.6842 7 51.41803
415.0498 506.3699 7 51.4514
420.2892 507.4684 7 51.48477
425.4646 506.7544 7 51.51813
431.0749 505.0435 7 51.5515
436.979 503.3835 7 51.58487
439.558 500.2985 7 51.61823
443.3598 497.6039 7 51.6516
445.4835 494.7183 7 51.68497
450.3081 492.0999 7 51.71833
455.4148 489.6188 7 51.7517
461.3283 487.3086 7 51.78507
468.2703 484.4585 7 51.81843
474.8276 482.2063 7 51.8518
480.9089 480.3594 7 51.88517
487.022 478.3899 7 51.91853
493.3432 477.4809 7 51.9519
499.5928 476.3914 7 51.98527
506.3751 475.2712 7 52.01863
512.9866 474.8817 7 52.052
519.7165 473.9507 7 52.08537
525.2454 473.6181 7 52.11873
529.8666 472.4224 7 52.1521
535.41 471.8383 7 52.18547
541.5588 471.2742 7 52.21883
547.3499 470.1417 7 52.2522
553.0484 468.7533 7 52.28557
556.9961 467.1662 7 52.31893
561.3712 465.815 7 52.3523
567.8878 465.3602 7 52.38567
571.9576 463.4645 7 52.41903
577.5595 464.0398 7 52.4524
584.6208 462.575 7 52.48577
587.8602 460.8523 7 52.51913
594.1588 458.7706 7 52.5525
599.4516 456.1918 7 52.58587
604.7544 453.5509 7 52.61923
608.7154 449.6292 7 52.6526
614.161 446.7329 7 52.68597
619.3921 443.2955 7 52.71933
624.1001 440.3126 7 52.7527
629.454 436.8538 7 52.78607
634.2726 433.1006 7 52.81943
639.7325 429.3524 7 52.8528
644.5357 425.2692 7 52.88617
649.6751 421.4176 7 52.91953
654.2939 417.3005 7 52.9529
660.103 413.8343 7 52.98627
666.6897 410.4744 7 53.01963
673.0287 406.6852 7 53.053
678.6544 403.4966 7 53.08637
683.5745 399.7569 7 53.11973
688.8376 396.4626 7 53.1531
694.7952 393.4364 7 53.18647
700.8886 390.4846 7 53.21983
706.2473 387.8594 7 53.2532
711.8623 385.0338 7 53.28657
717.5984 382.7586 7 53.31993
723.5962 380.2393 7 53.3533
729.087 377.8624 7 53.38667
734.2831 375.1748 7 53.42003
740.8191 373.6232 7 53.4534
746.9277 371.4422 7 53.48677
751.7292 368.9893 7 53.52013
757.6968 366.3514 7 53.5535
763.5755 363.9578 7 53.58687
770.4926 361.7864 7 53.62023
775.9649 358.1564 7 53.6536
781.8511 355.2173 7 53.68697
787.8248 352.6504 7 53.72033
793.5466 350.3507 7 53.7537
797.9138 346.1531 7 53.78707
803.2583 343.6293 7 53.82043
809.1764 341.2308 7 53.8538
815.1159 339.2605 7 53.88717
820.9658 337.2502 7 53.92053
826.9579 334.7212 7 53.9539
832.6941 332.7953 7 53.98727
838.4497 330.8076 7 54.02063
844.6521 328.9982 7 54.054
850.6401 327.5611 7 54.08737
856.4331 325.7921 7 54.12073
862.7526 324.6537 7 54.1541
866.9502 322.0438 7 54.18747
872.2715 320.6322 7 54.22083
877.5018 320.2768 7 54.2542
878.0186 321.5412 7 54.28757
879.4351 323.6301 7 54.32093
881.1909 325.7016 7 54.3543
882.718 329.0969 7 54.38767
884.8077 331.5233 7 54.42103
886.21 335.2808 7 54.4544
887.4424 339.7904 7 54.48777
889.3378 342.108 7 54.52113
890.2921 343.0884 7 54.5545
890.4479 342.2581 7 54.58787
889.0127 340.24 7 54.62123
888.7388 336.6733 7 54.6546
887.0492 333.4721 7 54.68797
885.5668 329.3844 7 54.72133
884.4353 326.6013 7 54.7547
881.9971 322.9663 7 54.78807
880.9132 318.3663 7 54.82143
876.7203 312.7619 7 54.8548
875.5265 307.5825 7 54.88817
873.8596 303.2737 7 54.92153
869.5848 297.7455 7 54.9549
866.8166 291.9656 7 54.98827
864.0577 287.9762 7 55.02163
861.3969 283.9912 7 55.055
859.5502 281.3208 7 55.08837
859.4899 279.3956 7 55.12173
859.2708 279.4898 7 55.1551
859.1071 279.3012 7 55.18847
859.8599 280.1543 7 55.22183
860.4389 280.3751 7 55.2552
860.8964 281.4831 7 55.28857
861.5724 282.4778 7 55.32193
860.8565 281.9015 7 55.3553
860.7362 281.7639 7 55.38867
860.1113 281.6297 7 55.42203
859.5719 279.5648 7 55.4554
856.8109 277.6453 7 55.48877
854.8233 273.3828 7 55.52213
854.3986 267.0909 7 55.5555
850.52 263.5766 7 55.58887
847.4097 259.1502 7 55.62223
844.504 253.7872 7 55.6556
839.6675 248.6806 7 55.68897
837.5394 242.5311 7 55.72233
834.1002 237.5531 7 55.7557
828.9296 233.1753 7 55.78907
826.3568 228.574 7 55.82243
822.984 224.7905 7 55.8558
819.9626 221.7388 7 55.88917
817.3421 218.8501 7 55.92253
815.4963 215.5871 7 55.9559
812.4081 212.9954 7 55.98927
811.3614 210.2674 7 56.02263
809.8939 207.5909 7 56.056
809.4112 207.8723 7 56.08937
809.6954 207.2727 7 56.12273
809.4684 206.1985 7 56.1561
807.1934 203.8882 7 56.18947
806.5659 201.9368 7 56.22283
804.2183 199.2111 7 56.2562
801.8241 198.5423 7 56.28957
801.2833 196.2846 7 56.32293
801.0165 195.4094 7 56.3563
800.9767 194.8238 7 56.38967
802.2371 195.2569 7 56.42303
801.0369 196.2028 7 56.4564
801.12 195.1008 7 56.48977
800.3357 193.1908 7 56.52313
800.0411 193.7276 7 56.5565
798.9155 192.7466 7 56.58987
797.6374 192.1149 7 56.62323
797.8882 193.3561 7 56.6566
797.529 192.4786 7 56.68997
796.6049 194.4555 7 56.72333
796.6049 194.4555 7 56.7567
796.856 196.3056 7 56.79007
796.4858 196.7276 7 56.82343
796.4858 196.7276 7 56.8568
796.2379 199.8755 7 56.89017
797.7322 206.0915 7 56.92353
797.7322 206.0915 7 56.9569
795.2088 214.6795 7 56.99027
792.9353 219.1717 7 57.02363
792.9353 219.1717 7 57.057
785.7662 228.2097 7 57.09037
780.418 230.4091 7 57.12373
780.418 230.4091 7 57.1571
767.9232 235.6107 7 57.19047
763.0674 233.1437 7 57.22383
763.0674 233.1437 7 57.2572
750.4629 230.0527 7 57.29057
744.7347 226.5729 7 57.32393
740.7224 220.6263 7 57.3573
737.5487 214.0791 7 57.39067
734.4703 210.9448 7 57.42403
730.5377 210.0955 7 57.4574
726.3026 206.7289 7 57.49077
722.9754 200.4332 7 57.52413
719.4785 195.7983 7 57.5575
716.8914 190.1102 7 57.59087
714.8184 184.0075 7 57.62423
712.997 177.1782 7 57.6576
711.3705 170.7989 7 57.69097
710.4275 164.5403 7 57.72433
709.2842 156.911 7 57.7577
708.956 149.6971 7 57.79107
708.7035 143.0472 7 57.82443
709.1172 136.4454 7 57.8578
709.5734 129.8709 7 57.89117
710.6809 123.651 7 57.92453
708.6373 122.1714 7 57.9579
706.2653 121.4956 7 57.99127
703.0573 119.0702 7 58.02463
699.4597 115.9564 7 58.058
695.9125 112.9462 7 58.09137
692.0365 110.9681 7 58.12473
686.4815 109.4904 7 58.1581
682.2907 107.4128 7 58.19147
678.4116 105.0877 7 58.22483
674.0911 103.4715 7 58.2582
671.3746 102.4509 7 58.29157
669.9718 101.6322 7 58.32493
669.4922 101.4357 7 58.3583
669.8981 101.9718 7 58.39167
671.5997 101.7194 7 58.42503
673.4398 103.5096 7 58.4584
674.3403 103.3254 7 58.49177
673.3833 104.038 7 58.52513
671.9249 102.7814 7 58.5585
671.4457 102.9085 7 58.59187
671.0815 102.4823 7 58.62523
669.5685 101.8458 7 58.6586
667.9014 100.5464 7 58.69197
665.9453 100.0117 7 58.72533
663.7789 99.02499 7 58.7587
661.4721 96.39889 7 58.79207
658.2672 94.47436 7 58.82543
653.9642 92.7118 7 58.8588
650.3695 91.99655 7 58.89217
647.0208 90.17556 7 58.92553
644.0276 88.76065 7 58.9589
640.0498 87.53031 7 58.99227
637.2923 84.86422 7 59.02563
633.4182 85.35813 7 59.059
630.5369 83.68603 7 59.09237
627.1182 81.53803 7 59.12573
624.2687 81.81235 7 59.1591
621.5274 80.58707 7 59.19247
619.4742 79.0779 7 59.22583
616.7865 78.26591 7 59.2592
613.1406 77.36116 7 59.29257
608.6038 75.33448 7 59.32593
603.9989 74.64217 7 59.3593
598.8697 70.84993 7 59.39267
593.9727 70.47816 7 59.42603
589.2627 68.77353 7 59.4594
583.5323 67.91022 7 59.49277
577.0963 66.35549 7 59.52613
570.8807 65.46679 7 59.5595
567.2039 64.14481 7 59.59287
563.0453 63.90129 7 59.62623
557.242 62.35196 7 59.6596
552.6496 61.19068 7 59.69297
547.761 59.22231 7 59.72633
541.8251 60.44087 7 59.7597
535.7275 59.46357 7 59.79307
529.1222 56.80852 7 59.82643
523.4788 56.96499 7 59.8598
520.0336 55.23049 7 59.89317
518.2541 55.55673 7 59.92653
516.1759 57.18124 7 59.9599
513.6029 55.21221 7 59.99327
511.0511 55.63914 7 60.02663
507.6167 54.7355 7 60.06
507.1042 54.56823 7 60.09337
506.0571 55.75004 7 60.12673
503.8935 56.90476 7 60.1601
504.6513 55.16991 7 60.19347
503.0521 53.72565 7 60.22683
502.5314 53.2529 7 60.2602
501.6862 53.92086 7 60.29357
501.8188 54.05436 7 60.32693
501.7968 55.36475 7 60.3603
501.1684 54.78918 7 60.39367
501.2508 55.62296 7 60.42703
500.7622 56.5562 7 60.4604
500.9518 60.31594 7 60.49377
501.3228 64.92747 7 60.52713
501.2659 70.1076 7 60.5605
501.3446 73.10518 7 60.59387
501.0547 78.70842 7 60.62723
499.6875 83.90577 7 60.6606
497.1435 90.7202 7 60.69397
495.6724 97.49084 7 60.72733
493.0798 104.589 7 60.7607
490.2865 111.1008 7 60.79407
490.2632 116.9597 7 60.82743
489.8792 123.2847 7 60.8608
486.9954 129.5913 7 60.89417
483.359 136.0299 7 60.92753
479.4073 141.7471 7 60.9609
475.476 147.6906 7 60.99427
471.5453 153.172 7 61.02763
467.5362 159.2142 7 61.061
463.6532 165.0051 7 61.09437
459.1276 170.6527 7 61.12773
454.5825 176.4682 7 61.1611
449.6213 182.7253 7 61.19447
444.8809 187.3251 7 61.22783
439.6532 192.3953 7 61.2612
434.1668 196.7903 7 61.29457
428.3881 201.8046 7 61.32793
423.0014 206.1016 7 61.3613
417.3075 210.135 7 61.39467
411.5183 213.7364 7 61.42803
406.843 217.6373 7 61.4614
399.0949 220.4907 7 61.49477
394.5019 223.7806 7 61.52813
387.4955 226.2841 7 61.5615
381.0321 229.1313 7 61.59487
374.2204 231.2065 7 61.62823
367.0856 233.1894 7 61.6616
360.6712 234.6526 7 61.69497
352.9887 236.2165 7 61.72833
346.4866 237.8779 7 61.7617
339.2432 239.4235 7 61.79507
333.1609 240.5621 7 61.82843
325.6614 241.2306 7 61.8618
318.9169 241.7324 7 61.89517
311.741 241.6458 7 61.92853
305.0522 241.9895 7 61.9619
298.6296 241.5045 7 61.99527
291.4408 240.4295 7 62.02863
284.7754 239.4145 7 62.062
277.7068 237.1895 7 62.09537
271.3224 235.314 7 62.12873
264.6224 232.4848 7 62.1621
258.2992 229.9621 7 62.19547
251.7427 226.402 7 62.22883
244.9077 222.4523 7 62.2622
238.58 218.7587 7 62.29557
232.916 214.5811 7 62.32893
227.7871 211.2758 7 62.3623
221.2063 206.2257 7 62.39567
217.1937 203.0469 7 62.42903
210.6435 196.8291 7 62.4624
206.5507 192.7573 7 62.49577
201.5619 187.0012 7 62.52913
197.1923 181.8057 7 62.5625
190.0761 179.4721 7 62.59587
181.0144 177.6794 7 62.62923
172.5792 177.5197 7 62.6626
168.2442 178.675 7 62.69597
164.7866 184.9693 7 62.72933
161.9588 184.1667 7 62.7627
158.5991 186.9559 7 62.79607
157.8448 189.3069 7 62.82943
154.618 190.9176 7 62.8628
154.2117 196.1304 7 62.89617
154.2239 196.6253 7 62.92953
152.7347 198.5882 7 62.9629
149.3571 195.8293 7 62.99627
150.0991 195.4045 7 63.02963
152.3487 196.7392 7 63.063
154.6884 197.7786 7 63.09637
157.1099 198.1855 7 63.12973
159.7227 197.6769 7 63.1631
163.6732 196.8257 7 63.19647
168.9375 195.2057 7 63.22983
175.6739 194.3754 7 63.2632
181.7284 193.675 7 63.29657
185.9031 197.2863 7 63.32993
190.2977 198.7911 7 63.3633
196.3272 204.1208 7 63.39667
202.0714 206.4574 7 63.43003
208.5384 207.0518 7 63.4634
216.4397 207.7762 7 63.49677
222.6638 207.537 7 63.53013
230.2339 208.3657 7 63.5635
236.6376 208.6928 7 63.59687
243.5543 209.9105 7 63.63023
250.3858 210.7069 7 63.6636
257.5163 211.5689 7 63.69697
264.562 213.9499 7 63.73033
270.8368 216.1261 7 63.7637
277.4338 218.3153 7 63.79707
283.4754 221.3868 7 63.83043
290.2797 224.8025 7 63.8638
296.0295 228.1717 7 63.89717
302.0167 231.3655 7 63.93053
307.7067 234.9502 7 63.9639
313.8997 238.9549 7 63.99727
319.5906 243.0552 7 64.03063
325.027 247.4277 7 64.064
330.5404 251.806 7 64.09737
335.6419 255.8338 7 64.13073
340.7037 260.4436 7 64.1641
345.7661 265.4977 7 64.19747
350.2102 270.1511 7 64.23083
354.4944 275.6645 7 64.2642
358.5221 281.0659 7 64.29757
361.798 285.5676 7 64.33093
359.6433 290.6237 7 64.3643
358.2874 295.5673 7 64.39767
358.5017 302.7449 7 64.43103
358.8752 310.0654 7 64.4644
359.5688 317.2823 7 64.49777
362.1056 323.8905 7 64.53113
365.4721 329.9945 7 64.5645
369.2055 335.2709 7 64.59787
373.6437 340.1628 7 64.63123
377.7647 344.8231 7 64.6646
382.5813 350.0687 7 64.69797
386.925 354.7768 7 64.73133
391.1871 360.1084 7 64.7647
395.0754 365.4334 7 64.79807
398.9032 371.3519 7 64.83143
402.6969 377.7242 7 64.8648
405.701 384.008 7 64.89817
408.5879 390.003 7 64.93153
410.2931 396.1968 7 64.9649
412.0381 402.7177 7 64.99827
413.2497 409.2211 7 65.03163
414.1729 415.8544 7 65.065
414.3504 423.1304 7 65.09837
414.3916 429.961 7 65.13173
414.5027 436.7254 7 65.1651
414.0123 443.1203 7 65.19847
413.3187 449.5293 7 65.23183
412.7539 455.6863 7 65.2652
411.8417 462.5028 7 65.29857
410.6478 469.145 7 65.33193
409.4246 475.8979 7 65.3653
408.2976 482.3186 7 65.39867
406.2417 488.7824 7 65.43203
404.6232 494.6574 7 65.4654
402.5958 500.6924 7 65.49877
399.7152 506.8001 7 65.53213
397.454 512.6831 7 65.5655
394.4711 518.7496 7 65.59887
391.4586 524.5851 7 65.63223
387.3688 530.3114 7 65.6656
383.7166 536.6094 7 65.69897
379.4095 542.2895 7 65.73233
375.56 547.2111 7 65.7657
371.3481 552.284 7 65.79907
366.8921 556.8899 7 65.83243
368.736 558.614 7 65.8658
370.203 559.5462 7 65.89917
370.6052 558.5747 7 65.93253
371.9105 556.3269 7 65.9659
371.8781 555.1929 7 65.99927
371.3435 554.7306 7 66.03263
371.2332 553.655 7 66.066
371.9291 553.3832 7 66.09937
370.1814 551.4731 7 66.13273
371.5852 549.4559 7 66.1661
372.6201 550.3218 7 66.19947
374.7954 551.5239 7 66.23283
373.8001 553.7438 7 66.2662
374.3176 558.3217 7 66.29957
368.7685 560.4129 7 66.33293
362.9594 562.0641 7 66.3663
360.2007 564.2312 7 66.39967
355.6733 563.4087 7 66.43303
351.6699 559.081 7 66.4664
350.3849 557.7825 7 66.49977
349.6462 558.4622 7 66.53313
349.326 559.1323 7 66.5665
347.9921 558.4771 7 66.59987
347.9392 558.5447 7 66.63323
346.8223 558.5211 7 66.6666
345.8997 556.4799 7 66.69997
343.0153 554.4951 7 66.73333
341.1478 552.5426 7 66.7667
339.0783 550.7967 7 66.80007
337.0956 548.8194 7 66.83343
333.8248 546.7511 7 66.8668
330.9018 543.7714 7 66.90017
327.5324 540.8231 7 66.93353
324.7879 535.7997 7 66.9669
321.7665 530.8391 7 67.00027
317.2266 525.94 7 67.03363
314.1841 520.8934 7 67.067
311.5645 515.8745 7 67.10037
308.6154 510.45 7 67.13373
305.1012 504.707 7 67.1671
301.4682 498.4363 7 67.20047
297.8357 492.288 7 67.23383
294.3109 486.6601 7 67.2672
291.0619 480.6193 7 67.30057
287.7912 474.7499 7 67.33393
285.2596 468.8867 7 67.3673
282.7738 462.9314 7 67.40067
280.483 456.855 7 67.43403
278.5495 450.5281 7 67.4674
276.8421 444.7279 7 67.50077
275.2579 438.3234 7 67.53413
274.008 431.6322 7 67.5675
272.7475 424.8428 7 67.60087
271.6275 417.3057 7 67.63423
270.6694 410.758 7 67.6676
269.6511 404.0935 7 67.70097
269.1107 397.2266 7 67.73433
268.6699 390.634 7 67.7677
268.375 384.07 7 67.80107
269.1413 376.75 7 67.83443
269.9723 369.5982 7 67.8678
270.273 362.983 7 67.90117
271.338 356.6071 7 67.93453
272.3083 349.9974 7 67.9679
274.0203 343.805 7 68.00127
275.5721 337.3665 7 68.03463
277.2105 330.7818 7 68.068
279.3256 324.3486 7 68.10137
281.7175 318.1531 7 68.13473
284.6783 312.2135 7 68.1681
287.5355 306.5506 7 68.20147
291.1276 300.843 7 68.23483
294.8297 295.0036 7 68.2682
298.6943 289.7883 7 68.30157
302.537 284.4356 7 68.33493
306.8484 278.969 7 68.3683
310.8674 273.7734 7 68.40167
315.0264 268.8534 7 68.43503
319.4405 264.0184 7 68.4684
324.2445 259.5468 7 68.50177
329.1007 254.3438 7 68.53513
333.8847 249.6561 7 68.5685
338.4876 245.0733 7 68.60187
343.1399 240.5908 7 68.63523
347.7093 236.5726 7 68.6686
352.1793 232.6922 7 68.70197
357.6748 228.6394 7 68.73533
363.6656 224.7021 7 68.7687
368.8562 220.9594 7 68.80207
374.5323 217.6073 7 68.83543
380.5587 214.4033 7 68.8688
387.2479 211.6044 7 68.90217
393.0358 208.4172 7 68.93553
399.2723 205.4644 7 68.9689
405.1837 202.7655 7 69.00227
411.7123 199.7891 7 69.03563
418.3873 197.2741 7 69.069
424.8085 195.2754 7 69.10237
431.0832 193.0499 7 69.13573
437.6279 191.2875 7 69.1691
444.1382 190.0192 7 69.20247
450.6866 188.987 7 69.23583
456.2455 186.0862 7 69.2692
461.2505 180.9793 7 69.30257
465.5572 177.9171 7 69.33593
470.6261 173.5219 7 69.3693
475.755 169.7883 7 69.40267
480.5301 168.4889 7 69.43603
485.162 169.7184 7 69.4694
490.6184 169.822 7 69.50277
496.5429 169.9437 7 69.53613
501.4162 168.6447 7 69.5695
507.0708 166.4702 7 69.60287
511.4387 164.9775 7 69.63623
516.0491 162.6136 7 69.6696
520.5262 160.9687 7 69.70297
525.302 158.8421 7 69.73633
530.2905 157.0078 7 69.7697
534.9586 154.3293 7 69.80307
540.3608 151.564 7 69.83643
545.4419 147.9886 7 69.8698
549.4822 145.2796 7 69.90317
554.2338 142.3386 7 69.93653
558.2689 138.5941 7 69.9699
562.8992 134.7429 7 70.00327
566.9097 131.2112 7 70.03663
570.8684 127.3274 7 70.07
575.3524 123.015 7 70.10337
576.8409 121.738 7 70.13673
577.5575 122.633 7 70.1701
579.4926 123.9123 7 70.20347
582.3375 124.3787 7 70.23683
585.8136 126.735 7 70.2702
590.221 127.7056 7 70.30357
595.8106 126.9873 7 70.33693
602.9418 125.9861 7 70.3703
607.4019 126.5175 7 70.40367
612.1241 127.4755 7 70.43703
618.381 127.8063 7 70.4704
623.6557 129.1673 7 70.50377
630.3965 129.5261 7 70.53713
635.7744 129.2157 7 70.5705
642.0289 128.4767 7 70.60387
648.4368 128.8346 7 70.63723
655.1245 128.1324 7 70.6706
661.1322 124.8297 7 70.70397
667.1429 120.1962 7 70.73733
671.7148 115.7029 7 70.7707
674.5822 110.7642 7 70.80407
677.0246 105.6033 7 70.83743
676.6345 106.1315 7 70.8708
676.5978 104.9944 7 70.90417
677.4376 104.8971 7 70.93753
677.0451 105.0809 7 70.9709
676.4478 103.8959 7 71.00427
674.9532 103.9077 7 71.03763
672.469 103.3459 7 71.071
670.8222 101.7804 7 71.10437
668.8201 100.3639 7 71.13773
665.7133 99.7458 7 71.1711
664.0259 98.57685 7 71.20447
661.1106 95.77672 7 71.23783
658.8273 94.86438 7 71.2712
656.1149 93.25287 7 71.30457
653.6752 91.15612 7 71.33793
650.1858 90.99405 7 71.3713
648.162 90.81859 7 71.40467
646.0481 88.55444 7 71.43803
643.0905 88.4764 7 71.4714
641.0876 87.33232 7 71.50477
637.907 86.30847 7 71.53813
634.3305 85.24386 7 71.5715
632.6166 83.64119 7 71.60487
629.507 82.04946 7 71.63823
626.2859 81.9739 7 71.6716
622.9965 80.9243 7 71.70497
618.6753 79.42035 7 71.73833
616.4017 77.87816 7 71.7717
611.8373 78.00069 7 71.80507
607.984 75.47081 7 71.83843
603.931 74.16569 7 71.8718
601.6535 73.05618 7 71.90517
598.6035 71.24302 7 71.93853
594.4517 70.71391 7 71.9719
588.1663 69.5811 7 72.00527
582.7606 67.82655 7 72.03863
576.3392 65.71283 7 72.072
569.5401 65.39764 7 72.10537
563.8562 62.38285 7 72.13873
557.2864 62.0142 7 72.1721
551.5709 60.65069 7 72.20547
545.0239 60.7498 7 72.23883
539.9901 58.92297 7 72.2722
535.482 58.60577 7 72.30557
528.3309 57.64115 7 72.33893
522.039 58.80597 7 72.3723
517.3325 56.27999 7 72.40567
511.6715 57.0763 7 72.43903
506.4899 55.369 7 72.4724
501.1971 55.37009 7 72.50577
494.7599 55.04632 7 72.53913
489.2449 54.35061 7 72.5725
482.4419 54.66442 7 72.60587
476.6499 55.21129 7 72.63923
475.8536 55.09358 7 72.6726
475.3758 56.01467 7 72.70597
475.6123 53.09715 7 72.73933
477.2703 55.10172 7 72.7727
479.8407 53.15116 7 72.80607
481.5192 51.36962 7 72.83943
484.5462 51.41446 7 72.8728
487.8725 51.72389 7 72.90617
489.5644 53.70879 7 72.93953
493.5586 53.60817 7 72.9729
497.9785 52.9435 7 73.00627
502.589 54.50937 7 73.03963
507.3037 56.42277 7 73.073
511.4754 56.77141 7 73.10637
516.3153 54.84871 7 73.13973
519.6009 56.06263 7 73.1731
523.2281 57.87894 7 73.20647
527.0037 59.55564 7 73.23983
530.8824 60.50121 7 73.2732
533.5273 61.70023 7 73.30657
534.4116 61.87473 7 73.33993
537.6923 61.92708 7 73.3733
540.6139 59.42586 7 73.40667
541.6155 57.58693 7 73.44003
543.7877 59.03157 7 73.4734
544.6277 57.27389 7 73.50677
546.0793 60.66863 7 73.54013
547.7727 60.94953 7 73.5735
549.1544 60.94101 7 73.60687
550.8138 60.15497 7 73.64023
552.6245 58.36848 7 73.6736
555.5187 59.54846 7 73.70697
558.9272 61.23479 7 73.74033
562.3179 62.24383 7 73.7737
565.4174 61.90174 7 73.80707
567.5625 61.16894 7 73.84043
569.221 62.1187 7 73.8738
571.3216 62.8995 7 73.90717
572.5893 62.50572 7 73.94053
575.4166 62.55084 7 73.9739
577.6936 64.1928 7 74.00727
580.1195 65.78376 7 74.04063
582.4123 67.48158 7 74.074
584.331 69.91824 7 74.10737
586.4034 71.99933 7 74.14073
588.5569 74.09433 7 74.1741
590.1033 75.49628 7 74.20747
590.5311 77.2181 7 74.24083
593.2415 81.85846 7 74.2742
594.3988 85.74088 7 74.30757
595.0088 89.54101 7 74.34093
595.4032 93.66796 7 74.3743
593.8551 96.58579 7 74.40767
595.5928 100.8568 7 74.44103
595.9628 104.7898 7 74.4744
595.9941 108.607 7 74.50777
595.0337 112.2348 7 74.54113
593.4935 115.0501 7 74.5745
589.7 116.3825 7 74.60787
585.3688 118.8096 7 74.64123
577.5648 120.6671 7 74.6746
571.6432 121.1223 7 74.70797
566.5972 121.0168 7 74.74133
561.2326 119.6242 7 74.7747
554.9547 118.7236 7 74.80807
548.1424 119.4793 7 74.84143
543.8373 117.6531 7 74.8748
537.9858 116.9793 7 74.90817
533.5082 114.4793 7 74.94153
527.278 110.426 7 74.9749
521.788 106.2111 7 75.00827
517.2319 99.72041 7 75.04163
513.4465 94.73148 7 75.075
508.5478 89.91033 7 75.10837
504.4108 85.77393 7 75.14173
499.4712 81.13026 7 75.1751
494.2458 76.4084 7 75.20847
489.7663 71.71001 7 75.24183
485.2852 66.60278 7 75.2752
481.1455 61.99395 7 75.30857
477.1513 56.77994 7 75.34193
473.4694 55.69908 7 75.3753
469.9636 54.04177 7 75.40867
465.4854 55.05621 7 75.44203
458.8191 55.36665 7 75.4754
453.1338 54.88798 7 75.50877
447.5046 55.91227 7 75.54213
441.6481 55.55148 7 75.5755
437.0059 56.96216 7 75.60887
434.0356 56.89312 7 75.64223
430.544 57.46807 7 75.6756
428.497 57.90191 7 75.70897
428.7504 59.50039 7 75.74233
431.7464 58.8112 7 75.7757
435.2584 59.5007 7 75.80907
439.4071 57.83329 7 75.84243
443.0917 58.25466 7 75.8758
446.7055 56.96038 7 75.90917
452.5686 56.6964 7 75.94253
459.3206 57.37193 7 75.9759
466.4154 57.41905 7 76.00927
468.7073 57.22341 7 76.04263
468.8681 57.60588 7 76.076
468.6452 57.15858 7 76.10937
469.842 57.03068 7 76.14273
469.1935 56.57749 7 76.1761
470.7375 56.41478 7 76.20947
471.3511 57.44139 7 76.24283
472.1938 56.74172 7 76.2762
472.4605 56.89884 7 76.30957
474.7977 56.74805 7 76.34293
478.4975 56.74738 7 76.3763
482.6459 56.7528 7 76.40967
488.4467 56.95482 7 76.44303
493.0616 58.12352 7 76.4764
498.5727 57.87125 7 76.50977
504.7506 58.16904 7 76.54313
509.727 58.26105 7 76.5765
516.7397 60.10043 7 76.60987
522.1893 60.42601 7 76.64323
528.3508 61.0404 7 76.6766
534.2461 60.70156 7 76.70997
540.6864 62.11096 7 76.74333
546.4288 63.54363 7 76.7767
551.8876 64.0255 7 76.81007
557.35 65.62789 7 76.84343
563.2212 65.9996 7 76.8768
568.2081 67.95528 7 76.91017
573.832 68.33768 7 76.94353
579.2689 70.2977 7 76.9769
584.9912 72.22089 7 77.01027
589.8632 73.04902 7 77.04363
596.0173 74.82161 7 77.077
597.274 74.2823 7 77.11037
595.3838 74.34865 7 77.14373
597.1938 74.41862 7 77.1771
595.6754 76.14792 7 77.21047
595.7157 76.94743 7 77.24383
596.9552 76.67943 7 77.2772
600.965 75.36106 7 77.31057
605.3074 76.80304 7 77.34393
609.105 78.63627 7 77.3773
612.9977 81.6812 7 77.41067
616.9527 81.66365 7 77.44403
619.1508 82.46432 7 77.4774
623.4425 83.4837 7 77.51077
628.1111 85.26061 7 77.54413
633.0733 87.17119 7 77.5775
633.831 87.44719 7 77.61087
635.7248 88.05572 7 77.64423
636.71 88.43734 7 77.6776
640.9229 89.33995 7 77.71097
644.8775 89.64676 7 77.74433
644.2774 89.14105 7 77.7777
643.5926 88.14598 7 77.81107
641.3413 87.63425 7 77.84443
640.7046 87.40076 7 77.8778
638.0636 86.17379 7 77.91117
636.7199 84.5257 7 77.94453
634.5009 84.32206 7 77.9779
631.2418 81.86076 7 78.01127
627.3068 81.42609 7 78.04463
623.6563 79.87657 7 78.078
617.8458 78.83443 7 78.11137
613.4125 76.33136 7 78.14473
609.6942 74.18661 7 78.1781
603.6213 73.32874 7 78.21147
599.1921 72.21418 7 78.24483
593.1995 70.68181 7 78.2782
588.2193 69.21313 7 78.31157
581.3908 68.05605 7 78.34493
572.606 66.68316 7 78.3783
565.5391 65.28534 7 78.41167
559.504 64.30062 7 78.44503
557.2561 63.35244 7 78.4784
555.3021 63.3902 7 78.51177
551.3902 62.62881 7 78.54513
550.1091 62.72046 7 78.5785
546.9026 62.23746 7 78.61187
543.4111 61.36575 7 78.64523
540.5296 61.65785 7 78.6786
536.8679 61.95922 7 78.71197
537.0912 61.30952 7 78.74533
534.231 61.53517 7 78.7787
533.8845 64.00272 7 78.81207
533.3581 64.17715 7 78.84543
533.2399 64.1147 7 78.8788
534.0263 60.69872 7 78.91217
533.0066 59.83617 7 78.94553
533.952 63.4753 7 78.9789
535.3603 64.69602 7 79.01227
537.8673 66.14633 7 79.04563
540.3274 67.68412 7 79.079
544.2323 71.01764 7 79.11237
549.9537 75.51542 7 79.14573
555.7526 80.76781 7 79.1791
561.0301 85.77349 7 79.21247
565.3741 90.01278 7 79.24583
569.1063 95.46432 7 79.2792
573.2612 101.2681 7 79.31257
577.5597 107.7339 7 79.34593
580.2178 112.7887 7 79.3793
582.2093 118.2529 7 79.41267
583.4056 124.5241 7 79.44603
583.0906 131.0311 7 79.4794
582.6522 138.5908 7 79.51277
581.0507 145.6492 7 79.54613
580.532 152.7343 7 79.5795
579.1521 159.3074 7 79.61287
579.0973 164.6994 7 79.64623
578.5129 170.7325 7 79.6796
577.9714 176.9367 7 79.71297
576.8363 183.5587 7 79.74633
575.5973 190.6438 7 79.7797
574.577 197.3113 7 79.81307
572.9421 204.0204 7 79.84643
571.5267 210.635 7 79.8798
569.5567 217.5566 7 79.91317
567.1596 224.2733 7 79.94653
564.89 230.2618 7 79.9799
562.1954 236.2027 7 80.01327
558.9437 242.6291 7 80.04663
555.0048 248.8894 7 80.08
551.2917 254.3137 7 80.11337
547.3842 259.7358 7 80.14673
543.5245 264.7684 7 80.1801
539.2289 269.8791 7 80.21347
533.9309 275.2489 7 80.24683
528.867 279.4953 7 80.2802
523.5245 283.6103 7 80.31357
518.0007 287.5511 7 80.34693
512.0156 290.8369 7 80.3803
506.3256 293.8559 7 80.41367
499.7361 296.8475 7 80.44703
492.6883 300.1414 7 80.4804
486.0281 302.6218 7 80.51377
479.4404 305.1895 7 80.54713
472.5136 307.1928 7 80.5805
466.0735 308.5857 7 80.61387
459.2146 309.8156 7 80.64723
452.0151 310.1171 7 80.6806
444.8746 310.5734 7 80.71397
437.9845 310.6291 7 80.74733
431.4594 310.1852 7 80.7807
425.0071 309.7017 7 80.81407
417.6802 308.9094 7 80.84743
410.9808 308.1566 7 80.8808
405.8882 306.9672 7 80.91417
407.1825 303.6524 7 80.94753
404.7147 299.5438 7 80.9809
403.7345 294.4651 7 81.01427
401.6156 287.9217 7 81.04763
399.3891 282.1446 7 81.081
397.5058 275.6261 7 81.11437
395.005 269.0041 7 81.14773
392.4658 262.1953 7 81.1811
389.0434 255.1793 7 81.21447
386.136 248.335 7 81.24783
382.8307 241.9406 7 81.2812
380.8513 234.0774 7 81.31457
377.9007 227.6976 7 81.34793
375.1853 222.0239 7 81.3813
373.471 217.4104 7 81.41467
368.2266 210.2294 7 81.44803
365.7329 204.4832 7 81.4814
