703.0025 374.4342 8 0
663.8249 406.5496 8 0.03336667
660.6754 400.2175 8 0.06673333
656.7958 394.0385 8 0.1001
652.4752 387.687 8 0.1334667
648.1782 381.3706 8 0.1668333
643.1757 374.7858 8 0.2002
638.019 369.2903 8 0.2335667
632.8154 364.2082 8 0.2669333
627.6275 359.433 8 0.3003
621.6836 354.2541 8 0.3336667
615.5712 349.4063 8 0.3670333
609.1694 345.3216 8 0.4004
603.0992 341.4961 8 0.4337667
596.8058 337.9549 8 0.4671333
590.2544 335.2255 8 0.5005
583.8173 332.4096 8 0.5338667
576.1878 330.0339 8 0.5672333
568.9642 328.1726 8 0.6006
562.2346 326.7452 8 0.6339667
554.5518 325.5123 8 0.6673333
547.3658 324.758 8 0.7007
539.5417 324.5629 8 0.7340667
531.384 324.4322 8 0.7674333
524.8363 324.7162 8 0.8008
517.0928 325.0513 8 0.8341667
509.9831 326.2687 8 0.8675333
502.4411 327.1117 8 0.9009
495.1732 329.1098 8 0.9342667
487.8477 330.9782 8 0.9676333
480.8895 334.099 8 1.001
473.656 336.5099 8 1.034367
467.4893 339.5888 8 1.067733
459.8247 343.0752 8 1.1011
453.5804 346.9371 8 1.134467
446.7109 351.5829 8 1.167833
440.4449 355.5665 8 1.2012
435.0053 360.2154 8 1.234567
429.6883 364.9941 8 1.267933
424.9791 370.657 8 1.3013
420.3632 376.2172 8 1.334667
419.8753 381.7159 8 1.368033
419.6866 387.2635 8 1.4014
420.5797 393.3804 8 1.434767
421.0902 400.1717 8 1.468133
420.474 407.0396 8 1.5015
419.3111 413.3564 8 1.534867
418.9819 421.2887 8 1.568233
419.0949 427.2928 8 1.6016
422.1096 434.4675 8 1.634967
422.8829 441.0572 8 1.668333
424.0279 448.0524 8 1.7017
425.0983 455.2524 8 1.735067
429.3401 461.9427 8 1.768433
433.9234 467.2967 8 1.8018
438.1774 472.307 8 1.835167
443.5493 477.6517 8 1.868533
447.6696 482.8142 8 1.9019
451.8064 488.5645 8 1.935267
457.0401 493.2985 8 1.968633
461.9365 498.118 8 2.002
468.0322 500.9619 8 2.035367
474.4907 504.3924 8 2.068733
480.8837 508.15 8 2.1021
487.1148 512.3416 8 2.135467
493.0804 515.5224 8 2.168833
499.5613 518.5427 8 2.2022
506.1181 521.983 8 2.235567
512.2856 524.8003 8 2.268933
518.8113 527.5156 8 2.3023
526.1242 529.3396 8 2.335667
532.6633 530.8259 8 2.369033
539.9705 531.3472 8 2.4024
547.3276 531.4892 8 2.435767
554.3408 531.1408 8 2.469133
560.6884 531.0617 8 2.5025
567.3354 530.123 8 2.535867
574.6247 528.8781 8 2.569233
581.9567 527.465 8 2.6026
589.6397 526.475 8 2.635967
597.5096 525.2866 8 2.669333
604.6894 522.8365 8 2.7027
611.2737 520.872 8 2.736067
617.9595 518.785 8 2.769433
624.2442 516.86 8 2.8028
631.1035 513.2735 8 2.836167
637.2746 509.5578 8 2.869533
643.2481 505.367 8 2.9029
649.0209 500.9889 8 2.936267
654.8319 496.5021 8 2.969633
660.1884 491.2032 8 3.003
664.9054 486.1721 8 3.036367
669.4969 481.106 8 3.069733
673.7077 476.2493 8 3.1031
677.7106 470.7722 8 3.136467
681.0464 465.4848 8 3.169833
684.7086 459.6197 8 3.2032
687.7037 453.6453 8 3.236567
691.0049 448.1744 8 3.269933
694.489 441.7877 8 3.3033
697.1076 435.5868 8 3.336667
699.6352 428.7161 8 3.370033
701.1657 422.0547 8 3.4034
702.3564 415.7468 8 3.436767
703.2946 409.0927 8 3.470133
703.8166 401.9329 8 3.5035
704.0682 395.2657 8 3.536867
703.7352 388.3979 8 3.570233
703.411 381.5342 8 3.6036
703.0025 374.4342 8 3.636967
701.3552 367.1377 8 3.670333
700.048 360.7667 8 3.7037
697.6098 353.8212 8 3.737067
694.7554 346.4624 8 3.770433
691.8832 340.1684 8 3.8038
688.3575 333.04 8 3.837167
685.3955 327.2757 8 3.870533
680.4082 320.3854 8 3.9039
676.8625 315.2175 8 3.937267
671.8951 309.5091 8 3.970633
667.482 304.3522 8 4.004
661.7661 299.427 8 4.037367
656.2909 294.8548 8 4.070733
650.0422 290.2908 8 4.1041
643.6913 286.3567 8 4.137467
637.205 282.7235 8 4.170833
630.9054 279.9277 8 4.2042
624.5616 277.3768 8 4.237567
617.7753 275.4482 8 4.270933
610.8808 273.375 8 4.3043
603.1089 272.0231 8 4.337667
595.5063 271.2298 8 4.371033
587.6292 270.1193 8 4.4044
581.0724 270.3225 8 4.437767
573.3301 269.9096 8 4.471133
565.8802 270.6835 8 4.5045
559.0958 271.546 8 4.537867
551.5474 273.0442 8 4.571233
544.5283 274.8081 8 4.6046
537.6064 277.2528 8 4.637967
530.9085 279.9215 8 4.671333
524.1657 283.0453 8 4.7047
517.8347 286.6189 8 4.738067
511.715 291.0357 8 4.771433
505.7366 295.4219 8 4.8048
500.7602 300.1164 8 4.838167
495.1681 305.4739 8 4.871533
489.6397 311.602 8 4.9049
484.8237 317.4459 8 4.938267
480.0254 323.7265 8 4.971633
475.523 329.5395 8 5.005
471.8052 335.9563 8 5.038367
467.6351 342.148 8 5.071733
464.1891 349.2201 8 5.1051
460.9989 355.9411 8 5.138467
457.9004 362.7032 8 5.171833
454.7693 369.6654 8 5.2052
452.1075 377.0807 8 5.238567
449.7237 383.9868 8 5.271933
447.982 391.1871 8 5.3053
446.8435 398.5026 8 5.338667
446.2311 405.9816 8 5.372033
445.7583 413.2402 8 5.4054
445.7835 420.4723 8 5.438767
445.9825 427.7521 8 5.472133
446.8593 435.0633 8 5.5055
447.7325 442.0893 8 5.538867
449.0475 449.211 8 5.572233
450.7258 455.8226 8 5.6056
452.729 462.6805 8 5.638967
454.6816 469.1267 8 5.672333
457.3411 476.0974 8 5.7057
460.1295 483.0979 8 5.739067
463.3336 489.9019 8 5.772433
466.8077 495.8732 8 5.8058
470.2892 502.4334 8 5.839167
474.6957 508.2198 8 5.872533
478.9528 513.7667 8 5.9059
483.8442 518.9303 8 5.939267
488.794 523.5725 8 5.972633
494.1142 528.2768 8 6.006
500.0975 532.7907 8 6.039367
505.7726 536.8192 8 6.072733
512.0408 540.5513 8 6.1061
518.278 543.9321 8 6.139467
524.6391 546.7414 8 6.172833
531.8759 549.3128 8 6.2062
538.5353 551.8742 8 6.239567
545.6928 553.945 8 6.272933
552.8315 555.6132 8 6.3063
559.4472 556.7638 8 6.339667
566.9184 557.5217 8 6.373033
574.0802 557.6329 8 6.4064
581.5001 556.9588 8 6.439767
588.5497 555.8688 8 6.473133
595.1119 554.4832 8 6.5065
602.1789 552.3011 8 6.539867
609.0478 550.4725 8 6.573233
615.8903 548.276 8 6.6066
622.6694 545.637 8 6.639967
629.2608 542.6501 8 6.673333
635.9527 539.0333 8 6.7067
641.8489 535.7061 8 6.740067
647.7246 531.7422 8 6.773433
653.6671 527.1671 8 6.8068
659.0271 522.5814 8 6.840167
664.424 517.5123 8 6.873533
669.4056 512.0185 8 6.9069
674.3482 506.4887 8 6.940267
678.7777 500.7999 8 6.973633
682.5202 494.6134 8 7.007
686.0158 488.5033 8 7.040367
689.2792 482.013 8 7.073733
691.795 475.6265 8 7.1071
694.2278 468.0068 8 7.140467
695.6398 461.1964 8 7.173833
697.0694 453.0141 8 7.2072
697.7967 445.6105 8 7.240567
697.846 438.6508 8 7.273933
697.7392 431.5184 8 7.3073
696.7034 424.5477 8 7.340667
695.5867 417.2783 8 7.374033
693.6686 410.8466 8 7.4074
691.7781 404.3159 8 7.440767
689.0935 397.7248 8 7.474133
686.2354 391.6914 8 7.5075
682.9392 385.441 8 7.540867
679.0882 379.4302 8 7.574233
674.9379 373.6382 8 7.6076
670.5578 367.9526 8 7.640967
665.7542 362.4518 8 7.674333
660.3624 356.9402 8 7.7077
654.8103 352.3334 8 7.741067
648.9207 347.6845 8 7.774433
642.9201 343.1786 8 7.8078
636.8078 339.0768 8 7.841167
630.6786 335.3347 8 7.874533
624.1507 331.7668 8 7.9079
617.5349 328.7981 8 7.941267
610.27 326.2365 8 7.974633
603.5905 324.2135 8 8.008
596.3101 322.1619 8 8.041367
589.0819 320.7097 8 8.074733
581.2842 319.6405 8 8.1081
573.9316 319.0197 8 8.141467
566.2495 318.6197 8 8.174833
558.8416 319.2853 8 8.2082
551.3618 320.2095 8 8.241567
544.4019 321.752 8 8.274933
537.1431 323.6589 8 8.3083
530.181 326.1459 8 8.341667
523.2566 328.7144 8 8.375033
516.5834 331.8652 8 8.4084
509.8748 335.0829 8 8.441767
503.1517 338.738 8 8.475133
497.288 342.6754 8 8.5085
491.0572 346.9447 8 8.541867
487.2616 351.1481 8 8.575233
484.2726 355.8098 8 8.6086
481.9199 360.0546 8 8.641967
479.297 365.3038 8 8.675333
475.5395 367.89 8 8.7087
470.8416 370.8272 8 8.742067
465.8976 374.4131 8 8.775433
462.7691 379.3039 8 8.8088
461.0022 384.7387 8 8.842167
460.7013 391.5297 8 8.875533
461.4579 397.1732 8 8.9089
462.628 403.2679 8 8.942267
464.5073 409.5758 8 8.975633
466.2277 415.4545 8 9.009
468.1478 422.5084 8 9.042367
470.0965 427.7581 8 9.075733
472.1762 432.7823 8 9.1091
474.9372 438.961 8 9.142467
478.1118 445.1672 8 9.175833
481.1246 450.282 8 9.2092
483.5576 456.1884 8 9.242567
487.0522 462.5757 8 9.275933
490.4483 468.8161 8 9.3093
493.2976 474.842 8 9.342667
496.9751 481.2945 8 9.376033
500.1802 486.9706 8 9.4094
504.5559 492.6438 8 9.442767
508.351 498.7432 8 9.476133
512.7153 504.8547 8 9.5095
517.2099 510.4797 8 9.542867
522.5582 515.7985 8 9.576233
527.8154 521.1616 8 9.6096
533.4845 525.8392 8 9.642967
539.1871 530.3713 8 9.676333
544.8654 534.2297 8 9.7097
551.0485 537.8932 8 9.743067
557.4037 541.3679 8 9.776433
564.115 544.7272 8 9.8098
570.7475 547.2504 8 9.843167
577.7518 549.127 8 9.876533
584.5063 550.7783 8 9.9099
591.7442 551.7142 8 9.943267
599.3463 552.3312 8 9.976633
607.5473 552.2827 8 10.01
615.2735 552.7489 8 10.04337
622.8726 552.1761 8 10.07673
629.978 551.4721 8 10.1101
636.6769 550.5152 8 10.14347
644.1967 548.862 8 10.17683
651.6086 546.7121 8 10.2102
658.5277 544.5879 8 10.24357
665.0464 541.8057 8 10.27693
671.1933 538.8645 8 10.3103
677.5278 535.1443 8 10.34367
683.2879 531.3463 8 10.37703
689.2572 526.9421 8 10.4104
694.5018 522.1237 8 10.44377
699.4675 516.8767 8 10.47713
704.5803 511.8649 8 10.5105
709.2718 506.4173 8 10.54387
713.458 500.8959 8 10.57723
717.4059 495.7557 8 10.6106
721.3339 490.4278 8 10.64397
725.2844 484.9138 8 10.67733
729.1038 479.1037 8 10.7107
732.9003 473.5269 8 10.74407
736.0851 467.9297 8 10.77743
739.2348 461.9789 8 10.8108
742.0916 455.9504 8 10.84417
745.2123 450.1754 8 10.87753
748.2948 443.8365 8 10.9109
750.4782 437.6641 8 10.94427
752.8607 430.8223 8 10.97763
755.1358 424.3204 8 11.011
756.782 417.7062 8 11.04437
756.9427 411.0862 8 11.07773
755.6278 405.3165 8 11.1111
755.2676 399.1951 8 11.14447
754.7953 393.407 8 11.17783
753.8435 385.8592 8 11.2112
752.562 379.1031 8 11.24457
751.0457 372.4724 8 11.27793
748.9372 365.4082 8 11.3113
746.5169 358.5056 8 11.34467
743.4322 352.0803 8 11.37803
740.5416 345.6696 8 11.4114
737.0822 339.1986 8 11.44477
733.7528 333.0091 8 11.47813
730.1158 327.4634 8 11.5115
725.6351 321.2421 8 11.54487
721.3822 315.6187 8 11.57823
716.2616 309.9899 8 11.6116
710.9658 304.3209 8 11.64497
705.8066 299.0822 8 11.67833
700.3023 293.9647 8 11.7117
694.9738 289.7877 8 11.74507
689.5943 285.6836 8 11.77843
683.8745 281.6192 8 11.8118
677.7996 277.5545 8 11.84517
671.6757 273.9276 8 11.87853
665.4116 270.62 8 11.9119
658.7085 267.5223 8 11.94527
652.0886 265.0729 8 11.97863
645.5549 262.8023 8 12.012
638.3074 260.5327 8 12.04537
631.371 258.647 8 12.07873
624.2865 257.4028 8 12.1121
616.7274 256.4047 8 12.14547
609.5654 255.5137 8 12.17883
601.8474 254.5868 8 12.2122
594.5275 254.603 8 12.24557
587.4286 254.7637 8 12.27893
580.1782 255.4247 8 12.3123
572.8577 256.4843 8 12.34567
565.6991 258.254 8 12.37903
558.9143 259.7011 8 12.4124
552.0492 262.0815 8 12.44577
545.4224 264.5279 8 12.47913
538.5862 267.5268 8 12.5125
531.6669 270.8323 8 12.54587
525.2952 274.4425 8 12.57923
518.8188 278.4256 8 12.6126
512.5051 282.8838 8 12.64597
506.451 287.657 8 12.67933
501.062 292.7228 8 12.7127
496.0595 297.4051 8 12.74607
490.7201 302.7746 8 12.77943
485.7094 308.4098 8 12.8128
481.0749 314.2999 8 12.84617
476.7255 320.1499 8 12.87953
472.6209 325.9135 8 12.9129
468.4035 332.4323 8 12.94627
464.7032 338.8481 8 12.97963
460.7021 345.82 8 13.013
457.3171 351.4048 8 13.04637
453.8739 357.9374 8 13.07973
451.2202 364.7221 8 13.1131
448.3211 371.6212 8 13.14647
445.9896 378.6856 8 13.17983
443.155 386.3849 8 13.2132
441.1715 393.4965 8 13.24657
439.7181 400.6181 8 13.27993
438.5357 407.9199 8 13.3133
437.7538 415.0125 8 13.34667
437.5823 422.4374 8 13.38003
437.2427 429.7275 8 13.4134
438.0453 437.6209 8 13.44677
440.9567 442.1712 8 13.48013
443.0914 447.8084 8 13.5135
445.3084 455.0001 8 13.54687
446.884 461.509 8 13.58023
448.4013 468.6753 8 13.6136
450.4811 476.2775 8 13.64697
452.0689 483.4442 8 13.68033
454.3251 490.5522 8 13.7137
456.6381 497.5186 8 13.74707
459.463 504.3839 8 13.78043
462.4769 510.9543 8 13.8138
466.048 516.5867 8 13.84717
469.9812 522.9453 8 13.88053
474.6095 528.5392 8 13.9139
479.4628 533.858 8 13.94727
484.1342 538.9104 8 13.98063
489.5346 543.6227 8 14.014
494.8582 548.1878 8 14.04737
499.7929 552.9383 8 14.08073
504.8154 557.6797 8 14.1141
509.9966 562.8644 8 14.14747
516.0417 567.6891 8 14.18083
522.2401 572.2866 8 14.2142
527.9587 577.513 8 14.24757
532.959 583.8894 8 14.28093
540.1474 586.4768 8 14.3143
547.7139 591.0856 8 14.34767
554.6813 592.9479 8 14.38103
563.0224 594.0678 8 14.4144
570.9488 594.4598 8 14.44777
578.6094 595.5253 8 14.48113
584.463 597.1019 8 14.5145
590.2691 599.4399 8 14.54787
599.3828 598.1009 8 14.58123
605.7168 599.8201 8 14.6146
611.822 601.7168 8 14.64797
618.0265 603.8128 8 14.68133
624.6501 605.6816 8 14.7147
631.1303 605.311 8 14.74807
637.7091 605.6523 8 14.78143
644.5272 606.9492 8 14.8148
651.37 608.2743 8 14.84817
657.986 609.2568 8 14.88153
665.0337 609.0938 8 14.9149
671.4703 609.3381 8 14.94827
678.1486 609.5559 8 14.98163
684.8225 609.977 8 15.015
690.7104 610.5767 8 15.04837
697.4958 610.7629 8 15.08173
704.1921 611.1803 8 15.1151
710.9147 611.3182 8 15.14847
717.8143 611.3098 8 15.18183
724.0572 610.572 8 15.2152
730.3797 609.9301 8 15.24857
736.6804 609.115 8 15.28193
742.8603 607.3966 8 15.3153
748.9309 605.8937 8 15.34867
755.0099 603.6516 8 15.38203
761.156 601.5408 8 15.4154
767.0887 598.7709 8 15.44877
772.5824 595.8351 8 15.48213
777.9009 592.4112 8 15.5155
782.9634 588.7433 8 15.54887
788.0053 584.9147 8 15.58223
793.4746 580.485 8 15.6156
798.6085 576.3763 8 15.64897
803.4547 571.3938 8 15.68233
808.2141 566.7622 8 15.7157
812.6232 561.6079 8 15.74907
817.0449 556.7184 8 15.78243
820.7421 551.2378 8 15.8158
824.2432 546.4761 8 15.84917
827.3593 541.077 8 15.88253
831.214 535.5561 8 15.9159
834.5659 529.6809 8 15.94927
837.3392 523.5526 8 15.98263
839.508 517.661 8 16.016
841.8083 511.3687 8 16.04937
843.9997 504.828 8 16.08273
846.0486 498.3359 8 16.1161
847.9962 491.77 8 16.14947
849.5073 485.8444 8 16.18283
850.7198 479.9266 8 16.2162
851.9022 473.821 8 16.24957
853.2531 467.2998 8 16.28293
853.7949 460.3984 8 16.3163
854.5999 453.7614 8 16.34967
855.3097 447.597 8 16.38303
855.8561 441.1684 8 16.4164
855.717 434.6442 8 16.44977
855.5739 428.3957 8 16.48313
854.6964 421.7736 8 16.5165
854.4039 415.398 8 16.54987
853.3963 408.9596 8 16.58323
852.2504 402.609 8 16.6166
850.9885 396.0975 8 16.64997
849.3124 389.7968 8 16.68333
847.4324 383.6627 8 16.7167
845.2542 377.3898 8 16.75007
843.0607 371.1123 8 16.78343
840.7274 365.1098 8 16.8168
838.1156 359.1344 8 16.85017
835.1072 353.166 8 16.88353
832.0359 347.6257 8 16.9169
828.5471 342.3077 8 16.95027
824.8472 337.4502 8 16.98363
820.5627 331.9404 8 17.017
816.1079 327.0833 8 17.05037
811.1915 322.6358 8 17.08373
806.5123 318.3925 8 17.1171
801.9676 314.2694 8 17.15047
797.2592 310.1052 8 17.18383
792.1751 306.1457 8 17.2172
786.8637 302.6879 8 17.25057
781.1836 299.1788 8 17.28393
775.4347 295.7445 8 17.3173
769.3849 292.2391 8 17.35067
763.2326 288.8614 8 17.38403
756.9886 286.7175 8 17.4174
750.5486 283.8566 8 17.45077
743.7008 281.8063 8 17.48413
737.0057 280.0519 8 17.5175
730.3685 278.7918 8 17.55087
723.87 277.7418 8 17.58423
716.6001 276.7091 8 17.6176
709.7286 276.0008 8 17.65097
702.1493 275.9483 8 17.68433
694.9841 276.0064 8 17.7177
688.325 276.2901 8 17.75107
681.5429 276.816 8 17.78443
673.8638 278.5085 8 17.8178
667.1515 280.0613 8 17.85117
660.7575 281.3794 8 17.88453
654.4523 283.2065 8 17.9179
647.6492 285.1347 8 17.95127
641.1544 287.974 8 17.98463
634.9073 290.5415 8 18.018
628.6981 293.3169 8 18.05137
622.2675 296.1453 8 18.08473
616.425 299.6849 8 18.1181
610.6889 303.3869 8 18.15147
604.4419 306.7974 8 18.18483
601.0476 309.943 8 18.2182
596.425 313.9436 8 18.25157
590.4525 316.4494 8 18.28493
583.7663 318.0337 8 18.3183
576.4568 320.7933 8 18.35167
568.9742 324.5964 8 18.38503
561.5442 329.0448 8 18.4184
555.9382 333.7694 8 18.45177
550.9431 337.0196 8 18.48513
546.35 342.5911 8 18.5185
540.6873 348.5028 8 18.55187
536.2213 354.6746 8 18.58523
532.7267 360.2147 8 18.6186
529.924 366.624 8 18.65197
526.8803 373.0025 8 18.68533
524.576 379.4989 8 18.7187
522.3464 386.4444 8 18.75207
520.2948 393.3926 8 18.78543
518.5902 400.7448 8 18.8188
517.1668 407.681 8 18.85217
515.9681 414.6391 8 18.88553
514.9951 421.168 8 18.9189
514.3844 428.2358 8 18.95227
513.6563 435.5221 8 18.98563
513.3572 442.8198 8 19.019
513.32 449.906 8 19.05237
513.795 456.5602 8 19.08573
513.9347 463.4887 8 19.1191
514.2347 470.6404 8 19.15247
515.5111 477.3039 8 19.18583
516.5014 483.4723 8 19.2192
517.5909 489.4281 8 19.25257
519.123 496.2012 8 19.28593
520.8403 503.0158 8 19.3193
523.348 509.7302 8 19.35267
525.4851 516.2526 8 19.38603
528.0749 522.5068 8 19.4194
530.8658 528.9837 8 19.45277
533.7601 535.5102 8 19.48613
537.3616 541.8092 8 19.5195
540.5761 547.9198 8 19.55287
543.9459 554.3839 8 19.58623
547.7237 560.1101 8 19.6196
552.0484 566.254 8 19.65297
556.6988 572.2311 8 19.68633
560.8871 578.0556 8 19.7197
565.449 583.247 8 19.75307
569.6057 588.4759 8 19.78643
574.3216 593.3236 8 19.8198
578.3582 598.2072 8 19.85317
583.3372 603.1077 8 19.88653
588.5277 607.9175 8 19.9199
594.2903 612.1097 8 19.95327
599.6799 616.1681 8 19.98663
605.1629 619.821 8 20.02
611.1679 622.8909 8 20.05337
616.9442 625.6761 8 20.08673
622.8227 628.3409 8 20.1201
628.8835 630.9255 8 20.15347
635.334 633.3149 8 20.18683
642.0332 635.4471 8 20.2202
648.7099 637.0092 8 20.25357
654.7316 638.0682 8 20.28693
661.2898 638.9042 8 20.3203
667.8121 639.1788 8 20.35367
674.5573 639.8509 8 20.38703
681.1988 639.5721 8 20.4204
687.8012 639.6263 8 20.45377
694.2995 638.9028 8 20.48713
701.3285 637.7559 8 20.5205
708.0224 636.6198 8 20.55387
714.8507 635.2984 8 20.58723
721.383 633.2495 8 20.6206
727.3498 631.5246 8 20.65397
733.3887 629.2454 8 20.68733
739.0814 627.1436 8 20.7207
744.5232 624.5602 8 20.75407
750.6768 621.8038 8 20.78743
756.5253 618.4694 8 20.8208
761.9504 615.6018 8 20.85417
766.9164 612.6609 8 20.88753
772.1521 609.2168 8 20.9209
776.9427 605.366 8 20.95427
781.8899 601.4377 8 20.98763
786.8169 596.8707 8 21.021
790.9996 591.7913 8 21.05437
795.1146 586.6678 8 21.08773
798.8901 581.2606 8 21.1211
803.5648 576.7187 8 21.15447
811.2637 573.8848 8 21.18783
817.6565 569.7093 8 21.2212
823.7534 565.5861 8 21.25457
829.4391 561.6496 8 21.28793
834.8575 556.6536 8 21.3213
841.1161 551.9299 8 21.35467
845.2687 546.4513 8 21.38803
850.5144 541.1721 8 21.4214
853.7785 535.2758 8 21.45477
856.0438 529.2792 8 21.48813
858.3893 522.8691 8 21.5215
859.5092 516.2395 8 21.55487
860.3763 508.9746 8 21.58823
860.3727 501.3241 8 21.6216
861.1628 494.2851 8 21.65497
862.0201 487.6597 8 21.68833
862.1695 480.9286 8 21.7217
865.3923 478.255 8 21.75507
868.1233 473.9626 8 21.78843
869.1125 467.8981 8 21.8218
869.4883 461.4279 8 21.85517
869.3204 454.6834 8 21.88853
869.0684 448.0272 8 21.9219
868.1669 441.8254 8 21.95527
867.0022 436.1377 8 21.98863
865.7134 430.0554 8 22.022
864.2225 424.2084 8 22.05537
862.6254 418.2473 8 22.08873
860.3697 412.3742 8 22.1221
858.4643 407.1447 8 22.15547
861.5125 405.3316 8 22.18883
862.1807 400.325 8 22.2222
861.5925 394.5633 8 22.25557
860.14 388.0764 8 22.28893
857.8588 381.7679 8 22.3223
855.5172 375.2952 8 22.35567
852.8637 369.2781 8 22.38903
850.1783 363.5384 8 22.4224
847.9352 361.4911 8 22.45577
844.6339 357.6051 8 22.48913
840.3079 352.8295 8 22.5225
835.1108 348.0075 8 22.55587
830.3177 344.4199 8 22.58923
826.5998 341.7263 8 22.6226
821.8907 337.9824 8 22.65597
815.7886 335.2896 8 22.68933
809.7439 332.1306 8 22.7227
803.4562 329.3695 8 22.75607
797.4678 326.8923 8 22.78943
790.7299 324.6806 8 22.8228
783.7009 322.8229 8 22.85617
776.7889 321.3199 8 22.88953
770.2221 320.4286 8 22.9229
763.5547 319.6315 8 22.95627
757.8646 319.4391 8 22.98963
751.946 319.1742 8 23.023
745.0483 318.8821 8 23.05637
737.5602 319.4171 8 23.08973
730.5606 320.1857 8 23.1231
724.31 321.5476 8 23.15647
718.1967 323.2001 8 23.18983
711.7032 325.2422 8 23.2232
705.3676 327.8184 8 23.25657
698.8813 330.3812 8 23.28993
684.1027 337.4671 8 23.3233
684.1027 337.4671 8 23.35667
677.8308 340.9922 8 23.39003
666.3315 349.1851 8 23.4234
666.3315 349.1851 8 23.45677
660.8355 353.4238 8 23.49013
651.0915 357.6047 8 23.5235
651.0915 357.6047 8 23.55687
645.9744 358.9088 8 23.59023
637.3861 361.453 8 23.6236
637.3861 361.453 8 23.65697
627.3364 368.3715 8 23.69033
623.6866 369.5891 8 23.7237
623.6866 369.5891 8 23.75707
614.6147 375.522 8 23.79043
610.1022 378.8768 8 23.8238
610.1022 378.8768 8 23.85717
600.3963 385.3176 8 23.89053
596.5331 388.5627 8 23.9239
592.334 392.2962 8 23.95727
588.0144 396.9085 8 23.99063
583.263 402.0192 8 24.024
578.7039 407.2168 8 24.05737
573.8804 412.9653 8 24.09073
569.7465 418.8789 8 24.1241
565.8783 424.2843 8 24.15747
562.4523 430.5421 8 24.19083
558.9755 437.0489 8 24.2242
555.7175 444.0256 8 24.25757
553.0164 450.1314 8 24.29093
550.3596 457.29 8 24.3243
549.0538 463.8745 8 24.35767
547.4352 470.5154 8 24.39103
546.6625 470.7859 8 24.4244
546.1198 472.9648 8 24.45777
546.4378 478.3287 8 24.49113
546.7433 481.8828 8 24.5245
548.0413 486.9624 8 24.55787
548.5052 492.7104 8 24.59123
549.2498 498.7244 8 24.6246
550.0227 505.4627 8 24.65797
551.5998 512.4267 8 24.69133
553.0078 519.2468 8 24.7247
555.102 526.0259 8 24.75807
557.3452 532.6682 8 24.79143
559.8061 539.3352 8 24.8248
562.7135 545.8054 8 24.85817
565.6609 551.9785 8 24.89153
569.0242 558.1888 8 24.9249
572.6499 563.9265 8 24.95827
576.8142 569.9449 8 24.99163
581.2174 575.4609 8 25.025
585.9932 581.1028 8 25.05837
590.7484 586.0042 8 25.09173
595.6759 590.9632 8 25.1251
601.457 595.6794 8 25.15847
607.36 599.331 8 25.19183
613.0549 603.1167 8 25.2252
618.9027 606.5621 8 25.25857
624.713 609.9498 8 25.29193
631.0874 612.9341 8 25.3253
638.1704 615.6791 8 25.35867
644.3819 618.4045 8 25.39203
651.0942 620.4699 8 25.4254
657.4411 622.2096 8 25.45877
658.26 621.0594 8 25.49213
659.5372 619.458 8 25.5255
660.9836 617.8804 8 25.55887
662.9062 615.5725 8 25.59223
664.9498 612.4467 8 25.6256
669.0021 611.6864 8 25.65897
672.8389 609.1278 8 25.69233
676.5935 605.7135 8 25.7257
680.3799 599.2646 8 25.75907
683.5752 592.7507 8 25.79243
686.3005 586.77 8 25.8258
689.9079 580.1492 8 25.85917
692.9074 573.6978 8 25.89253
695.5191 567.1971 8 25.9259
698.5434 560.4823 8 25.95927
701.0263 553.709 8 25.99263
702.9959 546.7321 8 26.026
705.0525 539.9205 8 26.05937
706.0121 532.5475 8 26.09273
706.5825 525.3778 8 26.1261
706.9015 518.6515 8 26.15947
706.2461 510.9405 8 26.19283
705.3911 503.8665 8 26.2262
703.8083 497.3085 8 26.25957
702.313 490.3635 8 26.29293
699.4232 483.5342 8 26.3263
696.4596 476.5157 8 26.35967
693.2052 470.4871 8 26.39303
689.4609 464.5998 8 26.4264
685.9351 459.1725 8 26.45977
681.6606 453.6321 8 26.49313
677.0505 448.0352 8 26.5265
672.5723 442.7923 8 26.55987
667.8256 437.3327 8 26.59323
662.9702 432.0237 8 26.6266
657.3229 427.0748 8 26.65997
655.5863 422.1811 8 26.69333
657.9053 416.2983 8 26.7267
653.421 411.2317 8 26.76007
647.0852 405.5274 8 26.79343
642.0208 399.9381 8 26.8268
638.0567 394.3688 8 26.86017
635.2211 388.3796 8 26.89353
632.6928 382.3903 8 26.9269
629.898 375.7199 8 26.96027
627.1184 369.6866 8 26.99363
624.6531 362.9464 8 27.027
620.665 356.476 8 27.06037
615.9469 350.7745 8 27.09373
612.1227 345.5425 8 27.1271
608.7861 339.528 8 27.16047
604.8077 333.3319 8 27.19383
601.1132 327.4321 8 27.2272
596.4476 321.5053 8 27.26057
592.0616 315.6024 8 27.29393
587.1634 310.1055 8 27.3273
581.5956 304.5152 8 27.36067
576.0929 299.3495 8 27.39403
569.9927 294.2307 8 27.4274
564.545 290.221 8 27.46077
558.4387 286.2978 8 27.49413
551.828 283.2327 8 27.5275
545.1441 280.4952 8 27.56087
537.5114 277.3621 8 27.59423
530.6569 275.1065 8 27.6276
522.9433 273.5494 8 27.66097
515.538 272.412 8 27.69433
507.906 272.1875 8 27.7277
500.0237 271.5238 8 27.76107
492.7074 271.7361 8 27.79443
485.0765 272.4013 8 27.8278
477.3473 273.3516 8 27.86117
470.2249 274.5523 8 27.89453
463.0096 276.1698 8 27.9279
455.5428 278.4429 8 27.96127
448.6373 281.0108 8 27.99463
442.1299 283.8616 8 28.028
436.0468 287.1139 8 28.06137
429.5768 290.4932 8 28.09473
424.0018 294.6932 8 28.1281
418.189 298.4856 8 28.16147
412.4671 303.2905 8 28.19483
405.8062 304.4402 8 28.2282
398.1164 304.3532 8 28.26157
391.0399 306.2677 8 28.29493
383.0116 307.3904 8 28.3283
373.3686 307.3614 8 28.36167
364.4575 309.3878 8 28.39503
358.2053 311.296 8 28.4284
354.5774 312.8459 8 28.46177
349.2092 315.7767 8 28.49513
343.6719 318.9269 8 28.5285
338.3096 322.4294 8 28.56187
332.8074 326.4462 8 28.59523
330.1583 331.956 8 28.6286
325.8202 337.6627 8 28.66197
323.2833 344.6157 8 28.69533
318.7744 350.4157 8 28.7287
315.1348 357.0661 8 28.76207
312.4919 363.9835 8 28.79543
308.9204 371.0913 8 28.8288
306.3861 378.1621 8 28.86217
306.2147 383.4775 8 28.89553
307.5145 388.9071 8 28.9289
308.4039 394.8457 8 28.96227
310.346 402.207 8 28.99563
311.8343 409.3059 8 29.029
312.8273 416.585 8 29.06237
314.4757 423.4984 8 29.09573
314.8696 430.1632 8 29.1291
316.5756 438.071 8 29.16247
316.7326 445.208 8 29.19583
317.2416 452.4559 8 29.2292
316.3423 459.6674 8 29.26257
316.0211 467.0395 8 29.29593
315.098 474.5911 8 29.3293
314.5423 482.0322 8 29.36267
313.7883 489.3664 8 29.39603
313.7679 496.5544 8 29.4294
314.4256 503.8101 8 29.46277
314.575 511.522 8 29.49613
315.939 519.1208 8 29.5295
317.0833 526.61 8 29.56287
318.3873 534.0406 8 29.59623
320.6736 540.8725 8 29.6296
321.5957 548.5954 8 29.66297
324.8762 555.5331 8 29.69633
326.7082 562.4188 8 29.7297
330.213 569.2414 8 29.76307
333.2283 574.9552 8 29.79643
336.9173 581.414 8 29.8298
340.6402 586.9075 8 29.86317
344.6229 592.6833 8 29.89653
349.7314 598.5505 8 29.9299
354.2466 604.1154 8 29.96327
359.7359 609.2862 8 29.99663
365.3222 614.1845 8 30.03
370.5391 618.7466 8 30.06337
376.5461 622.7121 8 30.09673
382.0858 625.913 8 30.1301
386.8146 628.0706 8 30.16347
392.1965 629.4598 8 30.19683
398.166 630.9316 8 30.2302
405.5312 632.6345 8 30.26357
412.5668 633.9191 8 30.29693
418.9499 634.1586 8 30.3303
425.9986 634.0474 8 30.36367
433.3239 633.3024 8 30.39703
439.5778 632.3718 8 30.4304
446.9367 630.8493 8 30.46377
453.7227 629.3037 8 30.49713
460.9358 627.0378 8 30.5305
467.6908 624.9395 8 30.56387
475.4414 621.3839 8 30.59723
481.1379 618.7264 8 30.6306
487.295 614.633 8 30.66397
493.2592 610.4499 8 30.69733
498.1593 606.2419 8 30.7307
504.0138 601.2463 8 30.76407
508.5705 596.4615 8 30.79743
513.4996 590.7501 8 30.8308
517.7122 585.5424 8 30.86417
522.2406 579.582 8 30.89753
525.8282 573.8356 8 30.9309
528.8631 570.0742 8 30.96427
532.1972 565.6648 8 30.99763
535.5102 560.8543 8 31.031
538.4661 555.8394 8 31.06437
541.8796 550.669 8 31.09773
545.6715 545.2184 8 31.1311
549.6312 539.2459 8 31.16447
554.0022 533.2312 8 31.19783
557.6546 527.024 8 31.2312
560.5831 521.2149 8 31.26457
564.3911 515.8605 8 31.29793
567.5279 508.9234 8 31.3313
571.1777 503.1332 8 31.36467
573.8183 496.9275 8 31.39803
576.4255 491.0435 8 31.4314
578.8232 484.5194 8 31.46477
580.9963 477.9257 8 31.49813
582.228 471.0831 8 31.5315
583.2687 463.5385 8 31.56487
584.2507 457.5042 8 31.59823
590.0508 450.6639 8 31.6316
594.2107 443.8313 8 31.66497
597.0819 435.3739 8 31.69833
599.8082 427.2225 8 31.7317
603.0238 418.3661 8 31.76507
600.5597 410.6731 8 31.79843
598.0499 404.1737 8 31.8318
594.3808 397.3835 8 31.86517
589.9548 390.4782 8 31.89853
586.3357 384.1675 8 31.9319
583.9027 378.1557 8 31.96527
581.443 371.5617 8 31.99863
578.4156 364.9205 8 32.032
572.5379 362.75 8 32.06537
567.6086 359.3686 8 32.09873
561.8161 356.1398 8 32.1321
555.378 354.5329 8 32.16547
547.3891 351.0869 8 32.19883
539.7886 347.6364 8 32.2322
533.0702 343.853 8 32.26557
525.2826 342.529 8 32.29893
517.7956 340.3614 8 32.3323
510.7599 337.75 8 32.36567
503.5223 336.0582 8 32.39903
495.448 334.9017 8 32.4324
487.7698 334.6062 8 32.46577
480.9962 333.3257 8 32.49913
472.7321 333.0249 8 32.5325
465.4556 332.8057 8 32.56587
457.0602 331.5952 8 32.59923
450.3317 332.1268 8 32.6326
442.4721 332.3134 8 32.66597
436.6185 334.5738 8 32.69933
429.6515 336.9127 8 32.7327
422.8116 338.0476 8 32.76607
416.0501 340.2389 8 32.79943
408.1255 342.7971 8 32.8328
401.3131 345.7959 8 32.86617
394.1857 348.7278 8 32.89953
387.4721 352.1795 8 32.9329
380.3234 355.6497 8 32.96627
373.3962 359.6704 8 32.99963
366.6286 363.251 8 33.033
360.0518 367.097 8 33.06637
353.7418 371.5934 8 33.09973
347.6921 375.8718 8 33.1331
341.8504 380.5866 8 33.16647
335.9431 385.7704 8 33.19983
330.7532 390.9425 8 33.2332
324.8466 397.8316 8 33.26657
320.5013 403.6072 8 33.29993
315.9244 409.2231 8 33.3333
310.6304 415.677 8 33.36667
305.4971 421.5247 8 33.40003
301.5146 428.0619 8 33.4334
298.4848 434.8206 8 33.46677
294.5565 441.3768 8 33.50013
292.4779 450.4181 8 33.5335
289.4043 456.8945 8 33.56687
287.4717 464.8457 8 33.60023
287.3412 472.891 8 33.6336
284.8094 480.4247 8 33.66697
284.624 487.9332 8 33.70033
282.2615 495.7975 8 33.7337
281.9286 503.4591 8 33.76707
279.8149 511.5243 8 33.80043
279.6158 518.885 8 33.8338
280.0204 526.124 8 33.86717
280.8609 536.0872 8 33.90053
281.9886 543.8241 8 33.9339
283.1239 550.6109 8 33.96727
285.3491 558.2988 8 34.00063
287.0865 566.2362 8 34.034
289.9062 574.1205 8 34.06737
292.1399 581.8495 8 34.10073
294.8036 588.2259 8 34.1341
296.869 595.4775 8 34.16747
299.0698 601.0789 8 34.20083
301.6746 606.7436 8 34.2342
305.2648 612.9153 8 34.26757
309.2203 618.9696 8 34.30093
313.1462 624.6804 8 34.3343
317.8579 630.621 8 34.36767
321.9904 634.0456 8 34.40103
326.3656 637.5813 8 34.4344
331.3948 641.3287 8 34.46777
336.891 646.047 8 34.50113
342.8306 650.4915 8 34.5345
349.56 654.3212 8 34.56787
355.1956 659.0126 8 34.60123
361.7276 662.7578 8 34.6346
367.5773 667.1328 8 34.66797
374.735 669.9906 8 34.70133
381.7856 672.3167 8 34.7347
388.5409 674.2741 8 34.76807
396.1212 675.6849 8 34.80143
402.8131 677.1222 8 34.8348
409.8742 677.4172 8 34.86817
416.6844 678.2501 8 34.90153
424.2791 678.2547 8 34.9349
431.438 678.2895 8 34.96827
438.3837 677.6091 8 35.00163
445.3207 676.5063 8 35.035
452.1236 675.5488 8 35.06837
459.5163 673.4639 8 35.10173
466.6727 671.4776 8 35.1351
473.2283 668.945 8 35.16847
479.6896 666.1639 8 35.20183
485.7442 663.4172 8 35.2352
492.4463 660.0944 8 35.26857
499.0848 656.6778 8 35.30193
505.4534 652.687 8 35.3353
511.3012 648.9604 8 35.36867
516.8561 644.5712 8 35.40203
522.2921 639.9198 8 35.4354
527.248 634.5599 8 35.46877
531.1488 629.1173 8 35.50213
536.5282 623.3833 8 35.5355
540.0335 617.171 8 35.56887
544.2736 611.228 8 35.60223
548.4339 604.6376 8 35.6356
551.3324 598.7318 8 35.66897
554.4435 592.6696 8 35.70233
556.9117 586.2614 8 35.7357
560.3156 579.712 8 35.76907
562.1478 572.8345 8 35.80243
564.6042 566.8155 8 35.8358
566.0279 560.0915 8 35.86917
567.4574 552.9863 8 35.90253
569.0152 546.1629 8 35.9359
569.8553 538.8493 8 35.96927
570.2305 532.2235 8 36.00263
569.8264 524.8923 8 36.036
569.7313 518.0515 8 36.06937
568.9624 510.887 8 36.10273
567.8107 504.116 8 36.1361
565.7654 497.8418 8 36.16947
563.776 490.5405 8 36.20283
561.1953 484.5745 8 36.2362
558.0491 477.8345 8 36.26957
554.5987 472.2222 8 36.30293
550.0807 466.1285 8 36.3363
545.4072 460.2829 8 36.36967
541.6001 456.4661 8 36.40303
539.851 454.8203 8 36.4364
537.061 451.812 8 36.46977
532.5869 450.9485 8 36.50313
528.8275 450.2696 8 36.5365
524.4261 448.5784 8 36.56987
521.5494 447.1653 8 36.60323
517.0701 444.9349 8 36.6366
514.9422 444.1848 8 36.66997
509.9175 443.3297 8 36.70333
507.4175 442.3958 8 36.7367
502.067 441.7322 8 36.77007
498.9219 442.8137 8 36.80343
494.8888 443.7817 8 36.8368
490.048 445.9675 8 36.87017
485.942 449.5115 8 36.90353
481.2602 453.6181 8 36.9369
475.9783 459.3372 8 36.97027
474.6088 464.8614 8 37.00363
473.6274 470.8083 8 37.037
472.7475 476.6259 8 37.07037
474.1335 482.8853 8 37.10373
474.951 489.045 8 37.1371
475.279 496.0149 8 37.17047
475.9845 503.4614 8 37.20383
476.7888 510.4434 8 37.2372
477.7729 517.65 8 37.27057
479.2006 524.7634 8 37.30393
480.7649 531.9532 8 37.3373
482.4543 539.0592 8 37.37067
484.7 546.2611 8 37.40403
486.8214 552.2669 8 37.4374
490.3254 559.0154 8 37.47077
492.4325 565.3086 8 37.50413
495.5249 571.8466 8 37.5375
499.7094 577.4452 8 37.57087
502.8613 583.4447 8 37.60423
508.1559 589.2741 8 37.6376
512.1531 594.5223 8 37.67097
517.4446 599.5347 8 37.70433
522.5702 604.0466 8 37.7377
527.8639 603.6786 8 37.77107
533.0992 602.6637 8 37.80443
539.1575 601.745 8 37.8378
544.6201 599.3339 8 37.87117
550.8801 598.2014 8 37.90453
557.9862 596.6217 8 37.9379
565.5694 595.3542 8 37.97127
571.6853 593.334 8 38.00463
578.5619 591.0406 8 38.038
584.9519 587.8169 8 38.07137
591.4798 584.5752 8 38.10473
595.652 582.1777 8 38.1381
599.6264 582.1787 8 38.17147
604.4374 578.6196 8 38.20483
607.1967 577.3964 8 38.2382
610.956 575.2105 8 38.27157
614.1844 572.9524 8 38.30493
617.4828 569.8363 8 38.3383
620.3533 565.3815 8 38.37167
624.2548 560.7687 8 38.40503
627.9172 554.6607 8 38.4384
631.2198 549.6613 8 38.47177
633.8624 543.9263 8 38.50513
637.7771 538.0277 8 38.5385
639.7326 531.6929 8 38.57187
642.2869 524.8023 8 38.60523
644.2399 518.2644 8 38.6386
645.5265 510.9497 8 38.67197
646.455 504.3311 8 38.70533
647.0372 496.9782 8 38.7387
647.4946 490.4721 8 38.77207
647.6149 483.8427 8 38.80543
647.9233 476.5737 8 38.8388
647.1281 469.815 8 38.87217
647.0553 462.803 8 38.90553
646 456.1519 8 38.9389
645.1243 449.4756 8 38.97227
643.306 441.9193 8 39.00563
641.5275 434.7004 8 39.039
639.8475 427.7909 8 39.07237
637.6175 421.1263 8 39.10573
635.563 414.4851 8 39.1391
632.9765 408.2729 8 39.17247
630.3912 401.8259 8 39.20583
627.0426 395.7691 8 39.2392
624.0985 389.9859 8 39.27257
620.2138 383.7848 8 39.30593
616.8954 377.6485 8 39.3393
613.238 371.6555 8 39.37267
609.715 366.8097 8 39.40603
605.8343 361.0196 8 39.4394
601.5903 355.2785 8 39.47277
597.9802 349.3403 8 39.50613
592.4378 343.2442 8 39.5395
588.6288 337.885 8 39.57287
583.5384 332.2962 8 39.60623
579.0423 327.7387 8 39.6396
573.7704 322.4647 8 39.67297
568.5269 318.4412 8 39.70633
562.4235 313.8665 8 39.7397
556.2385 309.3953 8 39.77307
550.8698 306.2681 8 39.80643
544.3744 302.6501 8 39.8398
538.8712 299.8312 8 39.87317
531.8919 296.6768 8 39.90653
525.5795 294.9391 8 39.9399
518.2226 292.8458 8 39.97327
511.8941 291.2552 8 40.00663
504.6367 289.7392 8 40.04
497.4345 288.7401 8 40.07337
490.3126 287.8229 8 40.10673
482.9204 287.5588 8 40.1401
475.2685 287.513 8 40.17347
467.0557 287.3296 8 40.20683
460.3835 288.1641 8 40.2402
453.7319 288.6885 8 40.27357
446.9539 289.9483 8 40.30693
440.165 291.5305 8 40.3403
432.7677 293.0476 8 40.37367
426.1312 294.6358 8 40.40703
419.6465 296.6838 8 40.4404
413.4768 298.711 8 40.47377
407.4209 300.9109 8 40.50713
401.6407 303.1893 8 40.5405
395.0299 305.6215 8 40.57387
389.0762 308.7919 8 40.60723
382.4098 312.1892 8 40.6406
376.3959 315.8234 8 40.67397
369.8848 319.6738 8 40.70733
363.9598 323.6354 8 40.7407
358.2376 327.8289 8 40.77407
352.1148 332.4565 8 40.80743
345.6278 337.2964 8 40.8408
339.3329 342.1304 8 40.87417
333.1613 347.2065 8 40.90753
327.7237 352.1047 8 40.9409
323.1487 356.6972 8 40.97427
317.9406 362.0794 8 41.00763
313.6573 366.9557 8 41.041
309.2416 372.8527 8 41.07437
305.0035 378.4873 8 41.10773
301.1292 384.3776 8 41.1411
297.1216 390.3866 8 41.17447
293.0197 395.8125 8 41.20783
289.0531 401.7459 8 41.2412
285.1609 408.2378 8 41.27457
281.7848 413.9574 8 41.30793
278.4988 420.1236 8 41.3413
275.0039 426.6984 8 41.37467
272.1244 433.4852 8 41.40803
269.3886 440.3254 8 41.4414
267.3167 446.9734 8 41.47477
265.3682 453.9218 8 41.50813
263.8229 460.4607 8 41.5415
262.559 467.0674 8 41.57487
261.0902 473.9189 8 41.60823
260.0146 481.2111 8 41.6416
259.2223 488.2845 8 41.67497
259.0725 495.1244 8 41.70833
259.1031 501.8668 8 41.7417
259.4053 508.3937 8 41.77507
259.9354 514.9238 8 41.80843
260.8134 521.7742 8 41.8418
262.4252 528.3875 8 41.87517
264.1451 534.758 8 41.90853
266.4366 541.4628 8 41.9419
269.0448 548.468 8 41.97527
272.3642 554.529 8 42.00863
275.5512 560.595 8 42.042
279.5398 566.7644 8 42.07537
283.5084 572.4544 8 42.10873
287.97 578.1864 8 42.1421
292.5924 583.5836 8 42.17547
298.1521 589.0079 8 42.20883
303.5424 593.8432 8 42.2422
308.722 598.0563 8 42.27557
315.1523 601.6254 8 42.30893
320.8709 604.7757 8 42.3423
327.4677 607.9221 8 42.37567
333.5497 610.3264 8 42.40903
340.1724 612.6207 8 42.4424
346.5645 614.3817 8 42.47577
352.9276 616.1477 8 42.50913
359.4132 617.1551 8 42.5425
366.3755 617.7027 8 42.57587
372.9007 618.1019 8 42.60923
379.6618 618.1753 8 42.6426
385.9203 617.7359 8 42.67597
392.9064 617.2464 8 42.70933
399.3667 615.9631 8 42.7427
406.722 614.4308 8 42.77607
413.2361 612.8232 8 42.80943
419.6799 610.7333 8 42.8428
425.9431 607.847 8 42.87617
432.2724 604.7618 8 42.90953
437.7392 601.4367 8 42.9429
443.3028 598.4721 8 42.97627
448.8047 594.2769 8 43.00963
454.1233 590.2295 8 43.043
460.0045 585.2325 8 43.07637
465.471 580.6371 8 43.10973
470.0871 575.4832 8 43.1431
475.2151 570.1171 8 43.17647
479.1199 564.7286 8 43.20983
480.485 561.9919 8 43.2432
482.7792 559.3343 8 43.27657
484.7567 555.6628 8 43.30993
485.5068 551.8253 8 43.3433
486.6249 547.0748 8 43.37667
486.5457 542.4335 8 43.41003
485.2525 542.2248 8 43.4434
483.531 538.7448 8 43.47677
479.2037 534.4023 8 43.51013
476.8651 532.041 8 43.5435
472.9952 529.8986 8 43.57687
467.5485 528.1511 8 43.61023
461.134 526.1365 8 43.6436
455.6327 523.9692 8 43.67697
448.7328 521.8658 8 43.71033
441.4251 520.6748 8 43.7437
434.5355 519.3244 8 43.77707
427.8343 518.7825 8 43.81043
421.0091 518.3427 8 43.8438
414.0432 518.6767 8 43.87717
406.8374 518.666 8 43.91053
399.3814 519.5542 8 43.9439
391.9696 520.6468 8 43.97727
385.1405 522.185 8 44.01063
379.2152 523.5408 8 44.044
378.8825 522.0379 8 44.07737
377.4792 521.0547 8 44.11073
373.894 519.3531 8 44.1441
372.0571 518.5492 8 44.17747
366.8476 519.7833 8 44.21083
362.7374 520.0241 8 44.2442
358.0161 523.1885 8 44.27757
353.6773 525.3507 8 44.31093
357.1598 526.6918 8 44.3443
357.6514 530.758 8 44.37767
357.6045 534.1607 8 44.41103
358.1894 538.5442 8 44.4444
358.72 543.5956 8 44.47777
359.6743 550.1155 8 44.51113
360.1914 556.7749 8 44.5445
361.5615 563.2465 8 44.57787
363.6709 569.6361 8 44.61123
365.6091 575.5651 8 44.6446
368.2742 581.4377 8 44.67797
371.3399 587.0768 8 44.71133
375.1552 593.4932 8 44.7447
379.2981 598.7609 8 44.77807
384.0323 604.0284 8 44.81143
389.1569 609.1512 8 44.8448
395.105 613.8424 8 44.87817
400.8162 618.2391 8 44.91153
406.8078 622.2555 8 44.9449
413.0927 624.7749 8 44.97827
417.9332 620.0272 8 45.01163
424.6412 617.9203 8 45.045
431.4773 617.8474 8 45.07837
439.4362 616.5173 8 45.11173
445.8128 615.9557 8 45.1451
452.8815 615.1352 8 45.17847
459.2935 614.2724 8 45.21183
465.0024 614.3933 8 45.2452
470.9398 614.6524 8 45.27857
477.0876 614.0674 8 45.31193
483.3725 614.7972 8 45.3453
489.5879 618.276 8 45.37867
495.1961 620.8775 8 45.41203
500.3748 622.7968 8 45.4454
504.8626 625.3234 8 45.47877
509.451 627.8107 8 45.51213
514.5972 630.2556 8 45.5455
520.8631 633.1408 8 45.57887
526.3318 635.539 8 45.61223
531.8536 637.567 8 45.6456
536.5353 639.5977 8 45.67897
542.1402 641.6423 8 45.71233
548.0516 643.5444 8 45.7457
553.9463 645.9443 8 45.77907
558.8852 648.4148 8 45.81243
563.0961 650.5414 8 45.8458
568.3242 652.2582 8 45.87917
573.5942 653.892 8 45.91253
578.2269 655.7645 8 45.9459
583.2257 657.8672 8 45.97927
588.1787 659.9718 8 46.01263
593.9842 661.5632 8 46.046
599.5178 662.8187 8 46.07937
604.5587 664.4269 8 46.11273
609.8109 666.2342 8 46.1461
615.4231 668.5647 8 46.17947
621.1837 669.6941 8 46.21283
624.6818 668.9189 8 46.2462
628.1617 668.8242 8 46.27957
633.5834 668.4198 8 46.31293
639.8407 668.2641 8 46.3463
645.6557 666.3175 8 46.37967
649.5069 664.7891 8 46.41303
655.2972 661.9277 8 46.4464
660.8872 664.251 8 46.47977
667.4044 663.5704 8 46.51313
673.8698 663.6724 8 46.5465
679.0538 664.7522 8 46.57987
685.683 662.9921 8 46.61323
690.9945 663.0866 8 46.6466
697.3844 662.5705 8 46.67997
703.266 662.1623 8 46.71333
710.4033 662.3922 8 46.7467
716.3519 664.2127 8 46.78007
722.8883 664.4855 8 46.81343
729.2391 664.3539 8 46.8468
735.3018 664.611 8 46.88017
740.1876 666.3493 8 46.91353
746.0563 666.2015 8 46.9469
752.2441 666.7908 8 46.98027
757.3205 667.4959 8 47.01363
764.0956 667.1947 8 47.047
770.3483 665.7894 8 47.08037
776.2975 663.8799 8 47.11373
782.1818 661.9146 8 47.1471
788.8331 660.4509 8 47.18047
793.5216 660.0452 8 47.21383
797.8823 657.2475 8 47.2472
802.5067 653.6555 8 47.28057
806.5857 650.458 8 47.31393
807.9622 646.6231 8 47.3473
810.981 642.5844 8 47.38067
813.1334 637.5115 8 47.41403
815.4268 632.0227 8 47.4474
817.7913 627.3292 8 47.48077
820.0665 622.5047 8 47.51413
821.1704 618.3881 8 47.5475
821.1471 614.5365 8 47.58087
822.2797 609.6568 8 47.61423
822.971 604.3175 8 47.6476
823.7138 598.016 8 47.68097
824.041 591.5984 8 47.71433
824.1475 585.1942 8 47.7477
824.8876 578.806 8 47.78107
824.3473 571.6066 8 47.81443
823.9536 565.7569 8 47.8478
821.9781 561.0237 8 47.88117
818.6596 556.1989 8 47.91453
815.4201 551.0955 8 47.9479
813.0296 546.2552 8 47.98127
809.7848 540.704 8 48.01463
806.4391 535.3445 8 48.048
800.698 531.6962 8 48.08137
796.0651 527.5022 8 48.11473
791.1454 522.3469 8 48.1481
786.0696 517.6252 8 48.18147
780.9715 512.5356 8 48.21483
775.4271 508.7915 8 48.2482
769.6354 504.768 8 48.28157
764.0204 500.9329 8 48.31493
758.4201 497.281 8 48.3483
752.4765 493.6255 8 48.38167
745.9196 491.0772 8 48.41503
740.1843 487.9895 8 48.4484
732.9482 485.6626 8 48.48177
727.0213 482.9294 8 48.51513
719.8205 481.1833 8 48.5485
712.9554 479.6166 8 48.58187
705.6851 478.2461 8 48.61523
697.9432 477.4352 8 48.6486
691.4362 476.6049 8 48.68197
683.3744 476.8629 8 48.71533
676.1757 476.9584 8 48.7487
668.2509 477.8192 8 48.78207
661.2056 478.7245 8 48.81543
653.652 480.4773 8 48.8488
646.425 482.3511 8 48.88217
639.3882 484.834 8 48.91553
632.5905 487.3815 8 48.9489
626.2572 489.7094 8 48.98227
625.6864 488.7724 8 49.01563
621.8623 489.9073 8 49.049
621.8282 490.0097 8 49.08237
620.889 497.7818 8 49.11573
617.9131 504.0364 8 49.1491
613.3517 510.7941 8 49.18247
609.6342 515.9882 8 49.21583
605.7829 522.5094 8 49.2492
603.3989 529.2315 8 49.28257
600.7782 535.2932 8 49.31593
598.7397 541.3595 8 49.3493
598.3939 549.0252 8 49.38267
596.8017 555.1932 8 49.41603
597.5208 563.4229 8 49.4494
597.0854 570.1435 8 49.48277
597.2376 577.888 8 49.51613
594.9851 583.541 8 49.5495
590.7798 585.6738 8 49.58287
588.3669 588.381 8 49.61623
585.551 591.85 8 49.6496
583.7818 596.111 8 49.68297
583.4389 596.7199 8 49.71633
582.6649 595.6629 8 49.7497
581.6724 595.5007 8 49.78307
584.2978 596.4388 8 49.81643
586.4353 597.1211 8 49.8498
588.5847 598.6946 8 49.88317
588.8675 602.5983 8 49.91653
592.2602 606.0021 8 49.9499
593.1311 608.5457 8 49.98327
593.8156 612.1929 8 50.01663
594.6255 618.6682 8 50.05
595.4134 625.8388 8 50.08337
595.5992 632.47 8 50.11673
593.7444 639.0614 8 50.1501
590.7688 641.6102 8 50.18347
588.429 644.0827 8 50.21683
585.3062 647.0499 8 50.2502
582.0097 649.5339 8 50.28357
579.4698 651.7809 8 50.31693
575.6952 651.7693 8 50.3503
572.7201 654.1259 8 50.38367
571.0796 653.4496 8 50.41703
567.3624 654.9557 8 50.4504
564.4255 656.3336 8 50.48377
562.561 657.003 8 50.51713
557.5915 659.4936 8 50.5505
555.2084 661.7956 8 50.58387
550.9285 664.9456 8 50.61723
545.5875 668.0723 8 50.6506
538.8509 671.7049 8 50.68397
532.3172 675.6021 8 50.71733
526.3873 679.2505 8 50.7507
520.5237 683.7349 8 50.78407
515.2917 687.898 8 50.81743
509.3682 692.7005 8 50.8508
504.3675 697.5165 8 50.88417
499.5223 702.0846 8 50.91753
494.6789 707.8961 8 50.9509
490.4394 713.9243 8 50.98427
486.8797 720.0714 8 51.01763
483.5509 726.3722 8 51.051
480.5668 732.9603 8 51.08437
477.9945 740.1083 8 51.11773
474.8897 746.9439 8 51.1511
473.4079 753.5455 8 51.18447
471.4009 761.5225 8 51.21783
470.1369 768.406 8 51.2512
469.241 774.9271 8 51.28457
469.1181 782.4336 8 51.31793
469.5766 789.3648 8 51.3513
469.351 796.9324 8 51.38467
470.7186 803.6778 8 51.41803
471.7916 810.9219 8 51.4514
472.9145 818.3475 8 51.48477
475.4861 824.079 8 51.51813
477.345 831.1792 8 51.5515
480.6868 837.2368 8 51.58487
483.3872 843.4166 8 51.61823
487.3219 849.7442 8 51.6516
490.8918 855.1518 8 51.68497
494.4493 861.2591 8 51.71833
498.3768 866.3548 8 51.7517
502.5782 871.963 8 51.78507
507.1987 877.9083 8 51.81843
511.6719 883.4547 8 51.8518
516.7234 888.3517 8 51.88517
521.692 893.1184 8 51.91853
527.6126 897.9741 8 51.9519
533.4294 902.5332 8 51.98527
539.8885 906.1649 8 52.01863
545.6835 909.371 8 52.052
552.3448 912.0376 8 52.08537
559.1266 914.5246 8 52.11873
566.4706 916.9912 8 52.1521
573.0973 918.6579 8 52.18547
576.009 921.9594 8 52.21883
578.3715 924.6761 8 52.2522
579.0584 925.4885 8 52.28557
578.4958 923.5263 8 52.31893
577.4508 924.8881 8 52.3523
576.0565 928.0269 8 52.38567
576.8173 925.6852 8 52.41903
573.6184 927.2721 8 52.4524
573.7286 925.7102 8 52.48577
573.9114 926.6529 8 52.51913
572.6556 927.2918 8 52.5525
572.6221 927.5342 8 52.58587
570.8373 927.1788 8 52.61923
570.8585 926.141 8 52.6526
568.3244 929.0951 8 52.68597
568.9357 928.2469 8 52.71933
567.2296 928.395 8 52.7527
566.8273 928.5013 8 52.78607
566.3437 928.8213 8 52.81943
565.1575 930.1082 8 52.8528
562.752 929.5013 8 52.88617
560.7631 930.8739 8 52.91953
559.0518 931.5387 8 52.9529
557.6562 932.0777 8 52.98627
556.2876 930.7099 8 53.01963
554.5379 929.0819 8 53.053
552.863 928.6969 8 53.08637
551.7792 927.1458 8 53.11973
549.8753 926.4136 8 53.1531
549.4801 922.9301 8 53.18647
547.7608 921.7404 8 53.21983
546.5372 919.9441 8 53.2532
544.8214 917.1436 8 53.28657
543.4303 913.6829 8 53.31993
543.8119 910.4992 8 53.3533
542.2247 909.3586 8 53.38667
542.8232 904.7203 8 53.42003
540.2656 902.3266 8 53.4534
538.9959 896.368 8 53.48677
539.33 891.8215 8 53.52013
539.2756 888.1584 8 53.5535
536.3868 886.5842 8 53.58687
530.2354 885.291 8 53.62023
526.3857 880.6385 8 53.6536
521.0124 875.3037 8 53.68697
518.282 867.716 8 53.72033
514.7792 862.0146 8 53.7537
513.5053 856.4008 8 53.78707
512.8696 849.3738 8 53.82043
509.0645 844.8025 8 53.8538
505.9265 840.7071 8 53.88717
503.3822 834.7083 8 53.92053
501.6492 826.9016 8 53.9539
501.4871 818.8279 8 53.98727
503.118 812.7164 8 54.02063
505.0933 807.3421 8 54.054
507.6564 801.4205 8 54.08737
510.007 795.1162 8 54.12073
512.81 788.1769 8 54.1541
515.1688 781.2545 8 54.18747
517.2857 774.4278 8 54.22083
519.1122 767.0967 8 54.2542
519.7948 760.3984 8 54.28757
520.6387 753.5937 8 54.32093
520.6803 746.6195 8 54.3543
520.4811 739.1943 8 54.38767
519.3373 732.0137 8 54.42103
517.5416 724.8294 8 54.4544
516.1099 717.7969 8 54.48777
513.4108 711.4644 8 54.52113
510.3897 704.9413 8 54.5545
506.6805 698.0147 8 54.58787
502.2864 691.5359 8 54.62123
497.7505 685.9584 8 54.6546
492.7668 680.1864 8 54.68797
487.4116 674.4643 8 54.72133
481.5317 669.5296 8 54.7547
475.4408 665.0155 8 54.78807
469.6621 660.7832 8 54.82143
462.7541 656.9925 8 54.8548
456.2416 653.2874 8 54.88817
449.0056 650.2397 8 54.92153
441.7077 647.541 8 54.9549
435.5037 645.6775 8 54.98827
428.3286 644.0327 8 55.02163
421.297 642.5715 8 55.055
414.2503 641.9822 8 55.08837
406.2874 641.4166 8 55.12173
399.0324 641.4345 8 55.1551
392.193 641.4719 8 55.18847
387.3803 641.3153 8 55.22183
384.7595 640.1021 8 55.2552
380.5137 641.1576 8 55.28857
375.6047 641.4909 8 55.32193
371.2377 643.2881 8 55.3553
366.983 646.0968 8 55.38867
362.2215 650.3817 8 55.42203
358.5178 653.4075 8 55.4554
354.3615 658.0314 8 55.48877
350.7583 662.1497 8 55.52213
346.1161 663.8516 8 55.5555
342.3323 667.9872 8 55.58887
336.2898 671.31 8 55.62223
331.0982 675.6585 8 55.6556
327.7426 681.2561 8 55.68897
324.3438 687.5401 8 55.72233
322.023 694.0312 8 55.7557
319.7826 700.9226 8 55.78907
318.9785 708.33 8 55.82243
318.1471 715.7988 8 55.8558
317.9653 722.6685 8 55.88917
317.5981 730.2687 8 55.92253
318.0544 737.3386 8 55.9559
318.839 744.4009 8 55.98927
319.7269 752.0213 8 56.02263
321.2604 758.4325 8 56.056
323.0168 765.712 8 56.08937
324.8163 772.6065 8 56.12273
327.4159 779.8263 8 56.1561
330.1581 786.4873 8 56.18947
333.5847 792.7752 8 56.22283
337.2089 798.7397 8 56.2562
341.7071 804.6036 8 56.28957
346.5914 810.2023 8 56.32293
351.5923 815.9801 8 56.3563
357.4046 820.5993 8 56.38967
363.6126 825.5295 8 56.42303
368.9616 830.0848 8 56.4564
375.8278 833.9729 8 56.48977
381.7678 837.6612 8 56.52313
388.477 840.9065 8 56.5565
395.0435 844.0639 8 56.58987
402.2337 846.5222 8 56.62323
409.8449 848.8615 8 56.6566
416.4932 849.9681 8 56.68997
431.3246 851.1831 8 56.72333
431.3246 851.1831 8 56.7567
438.2104 851.4332 8 56.79007
453.151 849.7731 8 56.82343
453.151 849.7731 8 56.8568
460.214 848.2971 8 56.89017
474.0611 844.5355 8 56.92353
474.0611 844.5355 8 56.9569
487.4137 838.6726 8 56.99027
494.2546 834.5295 8 57.02363
494.2546 834.5295 8 57.057
505.7487 832.7386 8 57.09037
511.8079 833.568 8 57.12373
511.8079 833.568 8 57.1571
522.0624 837.2273 8 57.19047
526.277 837.5426 8 57.22383
526.277 837.5426 8 57.2572
539.8627 840.1394 8 57.29057
546.4156 841.0461 8 57.32393
554.7709 843.0152 8 57.3573
562.7354 843.1409 8 57.39067
570.0354 841.8803 8 57.42403
577.2174 840.4661 8 57.4574
584.1114 839.492 8 57.49077
591.7125 840.7774 8 57.52413
599.0475 840.4918 8 57.5575
605.7629 839.0536 8 57.59087
611.9553 836.9821 8 57.62423
618.34 834.3246 8 57.6576
624.1124 833.7515 8 57.69097
630.3227 832.8128 8 57.72433
636.934 829.7948 8 57.7577
642.4282 826.6491 8 57.79107
648.5724 822.6649 8 57.82443
650.5895 817.9327 8 57.8578
651.1825 813.3451 8 57.89117
655.0911 810.4437 8 57.92453
658.4257 805.0164 8 57.9579
662.6507 799.5157 8 57.99127
666.2857 793.1149 8 58.02463
669.8478 786.3733 8 58.058
673.8602 778.9306 8 58.09137
677.3249 771.6723 8 58.12473
680.1782 764.7185 8 58.1581
682.3752 757.381 8 58.19147
684.2237 750.5335 8 58.22483
686.201 743.4931 8 58.2582
687.0868 736.5996 8 58.29157
687.7923 729.7663 8 58.32493
688.5955 722.4517 8 58.3583
688.2374 715.5287 8 58.39167
687.8577 707.9681 8 58.42503
686.5502 700.4579 8 58.4584
685.2742 692.9284 8 58.49177
683.473 686.1645 8 58.52513
681.2829 679.5537 8 58.5585
678.6258 672.7102 8 58.59187
675.4313 666.2472 8 58.62523
671.878 659.845 8 58.6586
668.7176 653.4126 8 58.69197
664.9037 647.4099 8 58.72533
660.6925 641.5664 8 58.7587
655.9596 635.9258 8 58.79207
651.1273 630.4268 8 58.82543
645.948 625.4079 8 58.8588
640.6459 620.7058 8 58.89217
635.1238 616.0722 8 58.92553
629.1588 611.773 8 58.9589
623.0445 607.714 8 58.99227
616.9585 603.8964 8 59.02563
610.3726 600.8668 8 59.059
603.9086 598.2691 8 59.09237
597.0425 595.5215 8 59.12573
590.3435 593.2779 8 59.1591
582.6661 591.0284 8 59.19247
575.3054 589.7849 8 59.22583
568.0497 588.8965 8 59.2592
560.4103 588.4935 8 59.29257
553.534 588.2325 8 59.32593
546.0932 589.186 8 59.3593
538.8336 589.7212 8 59.39267
531.1908 591.2668 8 59.42603
524.1043 593.0265 8 59.4594
516.5678 595.0684 8 59.49277
509.1205 597.7387 8 59.52613
502.2917 600.8322 8 59.5595
495.6149 604.0901 8 59.59287
488.9154 607.6959 8 59.62623
482.3081 612.2442 8 59.6596
476.4592 616.4611 8 59.69297
470.3951 621.7805 8 59.72633
465.3017 626.7099 8 59.7597
460.2597 632.4442 8 59.79307
455.4989 637.9603 8 59.82643
450.8165 644.2466 8 59.8598
446.5865 650.7355 8 59.89317
442.497 657.3936 8 59.92653
438.315 664.4274 8 59.9599
435.2519 670.632 8 59.99327
432.528 677.4556 8 60.02663
429.7112 684.1281 8 60.06
427.7605 691.4325 8 60.09337
425.6253 698.5889 8 60.12673
424.1764 706.0635 8 60.1601
423.4748 712.312 8 60.19347
422.8755 719.7154 8 60.22683
422.6888 727.4955 8 60.2602
425.4746 730.9243 8 60.29357
429.4206 733.4339 8 60.32693
432.8701 738.9058 8 60.3603
434.9077 745.7463 8 60.39367
436.5512 753.4366 8 60.42703
437.9206 760.1622 8 60.4604
439.331 767.1708 8 60.49377
440.9529 774.1294 8 60.52713
442.117 781.0701 8 60.5605
444.3072 787.8979 8 60.59387
446.0775 795.15 8 60.62723
448.9383 801.8714 8 60.6606
451.8168 808.7993 8 60.69397
455.0835 815.0862 8 60.72733
458.8144 821.761 8 60.7607
462.4413 827.9859 8 60.79407
461.1689 833.5949 8 60.82743
460.6442 840.2424 8 60.8608
461.0991 847.1078 8 60.89417
458.6017 854.465 8 60.92753
458.2872 863.0071 8 60.9609
458.9601 871.3767 8 60.99427
456.2508 880.2077 8 61.02763
456.0207 888.5714 8 61.061
456.8059 896.446 8 61.09437
458.5714 904.0464 8 61.12773
456.0119 909.3944 8 61.1611
452.6883 914.2955 8 61.19447
450.149 919.3278 8 61.22783
448.7233 925.3663 8 61.2612
446.1606 931.787 8 61.29457
445.8194 933.0771 8 61.32793
445.5574 933.3638 8 61.3613
446.821 934.3188 8 61.39467
448.6249 934.3717 8 61.42803
447.5496 935.6137 8 61.4614
450.5517 934.2774 8 61.49477
450.0462 935.2939 8 61.52813
452.4477 935.2217 8 61.5615
451.8058 936.0864 8 61.59487
452.3901 934.5287 8 61.62823
453.0241 936.927 8 61.6616
453.6718 936.1806 8 61.69497
453.4789 936.747 8 61.72833
453.2985 936.8538 8 61.7617
455.1084 936.3213 8 61.79507
455.4741 934.0899 8 61.82843
454.7373 930.4855 8 61.8618
454.0244 928.1537 8 61.89517
453.5623 923.8676 8 61.92853
451.9849 919.5585 8 61.9619
450.056 914.1754 8 61.99527
448.6325 908.4623 8 62.02863
447.1403 902.377 8 62.062
446.9288 895.2323 8 62.09537
447.1792 888.7177 8 62.12873
446.7162 880.8502 8 62.1621
446.9204 874.8072 8 62.19547
447.9227 868.0594 8 62.22883
449.6384 861.1181 8 62.2622
450.9065 854.8931 8 62.29557
452.7011 847.1551 8 62.32893
453.9572 840.9119 8 62.3623
455.2699 833.6075 8 62.39567
454.893 827.8715 8 62.42903
456.3222 819.3008 8 62.4624
455.5539 813.1057 8 62.49577
455.2712 806.1469 8 62.52913
454.3191 799.3142 8 62.5625
453.1849 792.3685 8 62.59587
451.598 784.7239 8 62.62923
449.6235 778.0458 8 62.6626
447.585 770.9303 8 62.69597
445.0228 764.3395 8 62.72933
442.5457 757.8086 8 62.7627
439.604 751.1356 8 62.79607
436.9544 744.7027 8 62.82943
433.764 737.7069 8 62.8628
430.2898 731.7466 8 62.89617
426.956 725.4008 8 62.92953
423.552 719.5026 8 62.9629
419.9279 713.3118 8 62.99627
415.9697 706.7987 8 63.02963
411.9037 701.1638 8 63.063
407.4505 695.9773 8 63.09637
403.1471 691.5346 8 63.12973
398.731 687.0694 8 63.1631
393.7233 682.4789 8 63.19647
388.6961 678.6603 8 63.22983
383.5837 674.9545 8 63.2632
383.0148 674.6654 8 63.29657
382.1018 672.5835 8 63.32993
379.1623 669.5003 8 63.3633
375.4035 665.7519 8 63.39667
371.1982 660.7756 8 63.43003
365.7294 655.8259 8 63.4634
360.1991 650.5125 8 63.49677
354.9673 645.1005 8 63.53013
349.7076 640.1034 8 63.5635
344.2627 635.2501 8 63.59687
337.5882 630.2732 8 63.63023
331.1763 625.2746 8 63.6636
324.6883 621.3188 8 63.69697
318.7524 617.92 8 63.73033
311.9856 614.4301 8 63.7637
305.3827 611.3716 8 63.79707
298.7395 608.819 8 63.83043
291.6141 605.9272 8 63.8638
285.1544 603.9518 8 63.89717
277.6437 602.0139 8 63.93053
270.1333 600.5297 8 63.9639
262.2865 599.7768 8 63.99727
254.3253 599.0263 8 64.03063
246.7823 599.385 8 64.064
239.4776 599.5826 8 64.09737
231.9989 600.5224 8 64.13073
224.9235 601.7166 8 64.1641
218.4787 605.4071 8 64.19747
214.3238 611.3936 8 64.23083
209.0055 615.8744 8 64.2642
203.1854 619.8713 8 64.29757
198.533 625.6143 8 64.33093
193.6818 631.1294 8 64.3643
189.5711 637.9292 8 64.39767
184.8979 646.4475 8 64.43103
180.1643 652.8122 8 64.4644
174.6907 658.1985 8 64.49777
169.3459 662.7533 8 64.53113
164.0074 668.9936 8 64.5645
158.8839 674.3438 8 64.59787
154.1294 680.9357 8 64.63123
147.8021 684.5415 8 64.6646
142.4822 688.8383 8 64.69797
138.0323 693.7783 8 64.73133
134.0524 700.072 8 64.7647
131.1298 705.9095 8 64.79807
127.9237 712.6786 8 64.83143
125.6951 719.9682 8 64.8648
123.5497 726.4939 8 64.89817
121.7937 733.1528 8 64.93153
117.7533 736.0217 8 64.9649
113.6901 738.2519 8 64.99827
109.6173 740.1339 8 65.03163
106.979 740.5362 8 65.065
108.4211 740.1895 8 65.09837
108.3943 741.7169 8 65.13173
110.5307 744.088 8 65.1651
112.9347 744.6429 8 65.19847
115.1638 746.9052 8 65.23183
117.8717 748.294 8 65.2652
120.9469 748.0723 8 65.29857
123.0119 745.3939 8 65.33193
128.2677 743.3994 8 65.3653
134.3737 739.168 8 65.39867
140.4534 734.764 8 65.43203
146.8549 731.9103 8 65.4654
153.4231 729.8759 8 65.49877
160.0248 729.2337 8 65.53213
168.4545 732.2599 8 65.5655
176.0051 733.2658 8 65.59887
183.8161 733.307 8 65.63223
191.5698 734.5789 8 65.6656
198.8868 734.2258 8 65.69897
207.0645 733.1405 8 65.73233
214.8372 731.1729 8 65.7657
222.2778 729.9277 8 65.79907
228.3823 727.211 8 65.83243
235.8453 724.6801 8 65.8658
242.1992 721.1807 8 65.89917
249.1477 717.8007 8 65.93253
257.3963 715.1872 8 65.9659
264.3893 711.0204 8 65.99927
270.8508 706.0449 8 66.03263
276.9543 702.6441 8 66.066
283.2505 699.6572 8 66.09937
289.0367 695.2809 8 66.13273
293.8416 690.5012 8 66.1661
298.402 684.3268 8 66.19947
303.4253 680.1973 8 66.23283
307.7886 675.0819 8 66.2662
313.0535 671.2101 8 66.29957
318.2777 668.3138 8 66.33293
323.4859 664.059 8 66.3663
329.3143 661.557 8 66.39967
334.2173 658.6833 8 66.43303
340.102 656.0739 8 66.4664
344.9606 651.7859 8 66.49977
349.4685 646.5996 8 66.53313
353.0533 640.759 8 66.5665
355.8077 634.3334 8 66.59987
359.0997 627.9474 8 66.63323
361.5084 621.0194 8 66.6666
366.5406 618.0498 8 66.69997
371.7161 615.4431 8 66.73333
377.2099 610.9039 8 66.7667
381.5925 604.7614 8 66.80007
384.9862 598.1601 8 66.83343
388.4921 591.8161 8 66.8668
390.4091 587.6454 8 66.90017
395.3619 586.1827 8 66.93353
397.9546 586.3677 8 66.9669
400.0077 584.1589 8 67.00027
404.256 583.5344 8 67.03363
410.0349 582.2062 8 67.067
413.572 579.8272 8 67.10037
418.7769 577.7985 8 67.13373
424.9614 577.3874 8 67.1671
431.0094 577.3559 8 67.20047
437.2957 575.6567 8 67.23383
443.9373 574.4857 8 67.2672
450.4203 572.4804 8 67.30057
456.7772 570.9542 8 67.33393
463.6191 570.0481 8 67.3673
470.527 569.4545 8 67.40067
477.9076 569.1044 8 67.43403
484.6639 568.3718 8 67.4674
491.8151 567.59 8 67.50077
499.1065 566.9297 8 67.53413
505.7919 565.7756 8 67.5675
513.2144 564.0544 8 67.60087
519.7714 561.975 8 67.63423
526.3111 559.6462 8 67.6676
532.546 556.8342 8 67.70097
539.1045 553.6582 8 67.73433
545.2864 550.3032 8 67.7677
551.4182 546.8284 8 67.80107
557.797 543.4757 8 67.83443
563.8214 539.6195 8 67.8678
569.6975 535.5394 8 67.90117
575.4121 531.2576 8 67.93453
581.0648 527.1116 8 67.9679
586.5386 522.4795 8 68.00127
591.4577 517.389 8 68.03463
596.314 512.2609 8 68.068
600.8807 506.8549 8 68.10137
605.031 501.0894 8 68.13473
608.7752 494.8538 8 68.1681
612.0517 488.969 8 68.20147
614.9442 482.5144 8 68.23483
617.0471 476.2035 8 68.2682
618.6597 468.9845 8 68.30157
619.4522 462.6636 8 68.33493
620.0457 455.621 8 68.3683
619.7278 447.8774 8 68.40167
619.1686 440.3629 8 68.43503
618.4164 433.2348 8 68.4684
617.3794 425.9605 8 68.50177
615.5697 418.9311 8 68.53513
613.043 411.3743 8 68.5685
610.4619 404.4731 8 68.60187
607.2977 398.0719 8 68.63523
604.2584 391.6788 8 68.6686
600.6073 385.7029 8 68.70197
596.7306 379.2539 8 68.73533
592.5408 373.2374 8 68.7687
588.3572 367.843 8 68.80207
583.422 362.2465 8 68.83543
577.9143 357.0744 8 68.8688
572.6904 352.774 8 68.90217
566.6659 348.8586 8 68.93553
560.6873 345.3604 8 68.9689
554.0848 341.6964 8 69.00227
547.4102 338.2976 8 69.03563
540.5988 335.3999 8 69.069
533.3763 333.032 8 69.10237
526.2344 330.7719 8 69.13573
518.8633 329.1398 8 69.1691
509.8211 327.321 8 69.20247
502.7813 326.2691 8 69.23583
495.8292 325.9231 8 69.2692
488.3575 326.0269 8 69.30257
480.3821 326.4851 8 69.33593
473.1212 327.4324 8 69.3693
465.3312 328.5738 8 69.40267
458.0687 330.6421 8 69.43603
451.1577 332.7399 8 69.4694
444.3172 335.0401 8 69.50277
437.6336 337.9167 8 69.53613
430.3821 341.034 8 69.5695
424.2001 344.5037 8 69.60287
417.8903 348.4986 8 69.63623
411.7093 352.6132 8 69.6696
406.2725 357.3337 8 69.70297
400.5189 362.7016 8 69.73633
395.4507 368.1068 8 69.7697
390.4418 373.8957 8 69.80307
386.3211 379.7811 8 69.83643
382.7465 385.6047 8 69.8698
379.4682 392.1607 8 69.90317
376.4222 399.685 8 69.93653
374.2323 405.7778 8 69.9699
372.4323 412.9705 8 70.00327
371.066 420.2122 8 70.03663
369.8454 427.8609 8 70.07
369.2705 435.0267 8 70.10337
369.2509 441.831 8 70.13673
368.8872 449.7023 8 70.1701
369.3717 456.7472 8 70.20347
370.6589 464.2231 8 70.23683
372.0411 471.2633 8 70.2702
373.6788 478.3159 8 70.30357
376.1651 485.0432 8 70.33693
378.5901 491.7835 8 70.3703
381.7322 498.3352 8 70.40367
385.0279 505.0987 8 70.43703
388.1867 510.54 8 70.4704
388.3373 513.1813 8 70.50377
389.1837 515.8347 8 70.53713
391.0562 519.9616 8 70.5705
394.7545 524.1224 8 70.60387
398.1828 528.9365 8 70.63723
402.866 533.8551 8 70.6706
407.1421 538.7516 8 70.70397
411.9905 543.4609 8 70.73733
416.5172 548.1314 8 70.7707
421.8616 552.9662 8 70.80407
427.4027 558.1572 8 70.83743
433.5044 563.4491 8 70.8708
439.1233 567.8587 8 70.90417
444.8105 572.2429 8 70.93753
450.7325 576.1185 8 70.9709
457.0652 579.543 8 71.00427
463.7427 582.573 8 71.03763
470.582 585.5488 8 71.071
477.8598 588.0375 8 71.10437
484.4901 589.948 8 71.13773
492.0414 591.5127 8 71.1711
500.2348 592.9534 8 71.20447
507.5082 593.8265 8 71.23783
514.9433 594.3092 8 71.2712
521.7527 594.3308 8 71.30457
528.8636 593.9009 8 71.33793
536.4606 593.5737 8 71.3713
543.7792 592.168 8 71.40467
551.2526 590.7303 8 71.43803
558.0106 588.9521 8 71.4714
565.1105 586.7482 8 71.50477
571.8669 583.9182 8 71.53813
578.0607 581.1601 8 71.5715
584.589 577.8283 8 71.60487
591.106 574.276 8 71.63823
596.8543 570.7588 8 71.6716
602.7818 566.5959 8 71.70497
607.9939 562.2276 8 71.73833
613.9062 557.5866 8 71.7717
618.7994 552.4094 8 71.80507
623.923 547.4227 8 71.83843
628.1956 541.9089 8 71.8718
632.5659 536.2072 8 71.90517
636.9769 530.4132 8 71.93853
640.9368 526.9145 8 71.9719
644.6739 524.3106 8 72.00527
648.8158 522.3615 8 72.03863
653.0277 519.8452 8 72.072
657.6511 518.1999 8 72.10537
662.569 514.5337 8 72.13873
668.2835 512.0645 8 72.1721
672.8596 508.694 8 72.20547
677.4529 506.0755 8 72.23883
681.4991 502.3681 8 72.2722
685.0806 499.293 8 72.30557
688.1809 495.2097 8 72.33893
691.229 490.7662 8 72.3723
693.7314 485.4005 8 72.40567
696.1955 480.611 8 72.43903
699.1468 474.9043 8 72.4724
701.6584 468.3194 8 72.50577
704.0326 461.8052 8 72.53913
705.8448 454.958 8 72.5725
707.4835 448.0362 8 72.60587
708.3942 441.227 8 72.63923
709.2223 433.7602 8 72.6726
709.4176 426.3353 8 72.70597
709.2606 419.3658 8 72.73933
708.8038 411.8325 8 72.7727
708.2614 404.4519 8 72.80607
706.9109 397.0488 8 72.83943
705.1634 389.2903 8 72.8728
703.1144 382.4682 8 72.90617
700.8096 375.1768 8 72.93953
698.4151 367.9904 8 72.9729
695.2646 360.832 8 73.00627
691.8666 354.4837 8 73.03963
687.8888 348.696 8 73.073
683.6029 341.9363 8 73.10637
679.1084 335.6922 8 73.13973
674.5642 330.5338 8 73.1731
668.9486 324.8286 8 73.20647
663.8529 319.8971 8 73.23983
658.5791 315.1491 8 73.2732
652.6824 310.7051 8 73.30657
646.8156 306.6521 8 73.33993
640.4853 303.2311 8 73.3733
634.3155 299.3391 8 73.40667
627.452 295.9194 8 73.44003
621.7637 293.5253 8 73.4734
614.5432 290.9674 8 73.50677
608.1703 288.7343 8 73.54013
608.674 283.8082 8 73.5735
606.8948 279.0745 8 73.60687
602.954 274.0289 8 73.64023
597.2358 269.909 8 73.6736
590.3938 265.7231 8 73.70697
583.0394 262.081 8 73.74033
576.2066 259.4757 8 73.7737
569.5307 257.0766 8 73.80707
562.2765 255.1527 8 73.84043
555.502 253.3846 8 73.8738
547.942 252.2615 8 73.90717
540.9644 251.1815 8 73.94053
533.9693 250.1243 8 73.9739
526.7058 249.7537 8 74.00727
519.52 249.5525 8 74.04063
511.8809 249.9869 8 74.074
504.7475 250.1446 8 74.10737
497.5099 251.4812 8 74.14073
490.2512 253.0402 8 74.1741
483.1984 254.6629 8 74.20747
476.1425 256.8746 8 74.24083
470.07 259.7286 8 74.2742
463.3148 261.9175 8 74.30757
456.1146 264.2314 8 74.34093
449.4236 267.578 8 74.3743
442.7794 270.9006 8 74.40767
436.8099 275.1529 8 74.44103
430.2959 279.1326 8 74.4744
424.6005 283.7571 8 74.50777
418.8508 288.9448 8 74.54113
412.3445 294.5461 8 74.5745
407.8821 300.3768 8 74.60787
403.159 305.6562 8 74.64123
399.447 311.7341 8 74.6746
394.7803 317.8139 8 74.70797
390.7725 324.5489 8 74.74133
387.2574 330.9605 8 74.7747
383.8976 337.9614 8 74.80807
380.7574 344.2489 8 74.84143
378.1696 351.1083 8 74.8748
375.1983 357.8936 8 74.90817
372.7856 365.1902 8 74.94153
370.789 372.2263 8 74.9749
368.813 379.1895 8 75.00827
367.182 386.547 8 75.04163
365.6734 393.91 8 75.075
364.7197 400.8383 8 75.10837
364.561 408.2973 8 75.14173
364.4912 416.2369 8 75.1751
364.8771 423.7072 8 75.20847
365.1459 431.3062 8 75.24183
366.5624 438.5175 8 75.2752
368.1199 446.0657 8 75.30857
370.5695 453.289 8 75.34193
372.6551 460.2652 8 75.3753
376.5011 467.0875 8 75.40867
378.0748 473.1112 8 75.44203
382.2958 479.534 8 75.4754
385.8938 485.3322 8 75.50877
389.7629 491.7899 8 75.54213
394.5413 496.9527 8 75.5755
399.1732 502.895 8 75.60887
404.2134 507.6744 8 75.64223
409.0543 512.5301 8 75.6756
415.1757 517.4889 8 75.70897
420.6588 521.8661 8 75.74233
426.716 526.073 8 75.7757
433.1764 529.9411 8 75.80907
439.683 533.7736 8 75.84243
445.9154 536.9693 8 75.8758
452.157 540.0793 8 75.90917
459.4486 542.4965 8 75.94253
466.3409 544.4322 8 75.9759
473.8318 546.1407 8 76.00927
480.3506 547.2998 8 76.04263
487.7877 548.1696 8 76.076
495.0734 548.2077 8 76.10937
502.0882 548.0394 8 76.14273
508.7363 547.5494 8 76.1761
515.9615 546.2922 8 76.20947
522.3848 545.0197 8 76.24283
528.8956 542.9236 8 76.2762
535.088 540.2141 8 76.30957
541.8049 537.6462 8 76.34293
547.7218 534.2792 8 76.3763
554.1864 530.5901 8 76.40967
559.2885 526.605 8 76.44303
565.1969 522.2819 8 76.4764
570.1024 518.2771 8 76.50977
575.0749 513.084 8 76.54313
579.4346 508.5287 8 76.5765
583.5758 502.5777 8 76.60987
587.5481 497.1616 8 76.64323
590.6404 491.9098 8 76.6766
593.9205 485.5868 8 76.70997
596.6849 479.6382 8 76.74333
598.7244 473.3889 8 76.7767
601.1453 466.867 8 76.81007
603.0555 460.5147 8 76.84343
604.3154 453.5609 8 76.8768
605.1306 446.7885 8 76.91017
605.7255 439.7991 8 76.94353
605.4331 432.723 8 76.9769
604.6529 425.6895 8 77.01027
603.4203 418.7058 8 77.04363
601.9033 412.4807 8 77.077
600.0814 406.2126 8 77.11037
597.8565 402.0298 8 77.14373
595.0116 397.5354 8 77.1771
590.141 392.3456 8 77.21047
585.7482 387.9192 8 77.24383
581.0374 384.3781 8 77.2772
575.203 381.4316 8 77.31057
568.5356 378.3737 8 77.34393
561.8667 376.342 8 77.3773
554.4879 374.7272 8 77.41067
547.9876 374.1299 8 77.44403
541.5935 374.6948 8 77.4774
534.7704 375.1794 8 77.51077
530.1589 375.5008 8 77.54413
524.3367 377.1663 8 77.5775
518.1352 378.8961 8 77.61087
512.4197 381.6995 8 77.64423
506.404 384.3266 8 77.6776
500.0399 388.1705 8 77.71097
494.4713 392.4762 8 77.74433
488.7815 397.2904 8 77.7777
484.0299 400.9267 8 77.81107
482.6847 398.5594 8 77.84443
478.4017 397.0051 8 77.8778
475.7583 395.5917 8 77.91117
472.4319 394.587 8 77.94453
468.3842 393.2294 8 77.9779
461.4995 392.3036 8 78.01127
455.6561 392.3494 8 78.04463
447.2681 390.126 8 78.078
440.0868 387.8215 8 78.11137
432.5254 385.8198 8 78.14473
425.184 384.2156 8 78.1781
417.4534 384.9982 8 78.21147
408.6321 385.7529 8 78.24483
400.0078 387.2653 8 78.2782
390.817 388.651 8 78.31157
382.9961 391.3101 8 78.34493
375.9867 394.7874 8 78.3783
369.5452 399.3048 8 78.41167
363.8505 403.5276 8 78.44503
357.995 408.4065 8 78.4784
352.7143 413.4219 8 78.51177
347.5813 419.0003 8 78.54513
342.5175 424.9436 8 78.5785
337.9749 430.9123 8 78.61187
333.9862 436.8122 8 78.64523
330.5169 442.8594 8 78.6786
326.6659 448.7275 8 78.71197
323.7167 455.2249 8 78.74533
320.1335 461.8446 8 78.7787
317.1744 468.1547 8 78.81207
314.6987 474.8242 8 78.84543
312.1832 481.0883 8 78.8788
310.2787 487.7948 8 78.91217
308.3944 494.8002 8 78.94553
306.7284 501.5848 8 78.9789
305.2452 509.3727 8 79.01227
304.5865 516.5609 8 79.04563
304.1287 523.9795 8 79.079
304.1342 530.7479 8 79.11237
304.8951 538.1535 8 79.14573
305.7602 545.6198 8 79.1791
307.0314 552.6955 8 79.21247
309.0299 560.058 8 79.24583
311.1588 566.9578 8 79.2792
317.4922 572.4478 8 79.31257
322.4632 577.8875 8 79.34593
328.8521 583.8973 8 79.3793
334.8724 588.7479 8 79.41267
341.0439 593.8852 8 79.44603
348.884 598.9315 8 79.4794
353.4223 602.8965 8 79.51277
358.3839 608.3937 8 79.54613
364.2013 613.8585 8 79.5795
370.1861 619.8534 8 79.61287
375.3285 625.899 8 79.64623
379.0877 632.1785 8 79.6796
381.735 638.8906 8 79.71297
384.0728 645.1228 8 79.74633
388.5895 651.8857 8 79.7797
392.7352 658.0676 8 79.81307
395.5564 664.1874 8 79.84643
397.8105 671.0787 8 79.8798
397.6298 679.381 8 79.91317
398.6915 687.3125 8 79.94653
399.5113 694.1612 8 79.9799
400.9614 701.8426 8 80.01327
403.3568 708.7442 8 80.04663
406.4189 717.1137 8 80.08
409.5055 723.2037 8 80.11337
413.3282 729.2378 8 80.14673
417.6005 734.6237 8 80.1801
422.1566 739.971 8 80.21347
426.7289 745.2204 8 80.24683
431.4692 750.2623 8 80.2802
436.1802 755.0698 8 80.31357
441.4261 759.576 8 80.34693
446.7856 763.7368 8 80.3803
452.1156 767.6853 8 80.41367
457.8588 771.1416 8 80.44703
464.4199 774.5026 8 80.4804
470.9667 777.7381 8 80.51377
477.9709 780.4716 8 80.54713
484.7874 782.6186 8 80.5805
492.1686 784.298 8 80.61387
499.4156 785.3408 8 80.64723
506.4641 785.7551 8 80.6806
513.8986 786.1414 8 80.71397
521.7381 785.8083 8 80.74733
529.0579 785.1306 8 80.7807
536.9983 783.8222 8 80.81407
544.28 782.4497 8 80.84743
551.3497 780.5851 8 80.8808
555.9929 779.6838 8 80.91417
558.6881 780.0278 8 80.94753
562.3349 779.4174 8 80.9809
566.128 779.8237 8 81.01427
571.6755 778.9805 8 81.04763
576.0015 778.0863 8 81.081
581.9628 776.0463 8 81.11437
588.4439 773.8206 8 81.14773
594.8615 770.7075 8 81.1811
601.2286 767.17 8 81.21447
607.2797 763.5626 8 81.24783
613.2264 759.2237 8 81.2812
619.0144 755.1236 8 81.31457
624.7808 750.6701 8 81.34793
630.1744 745.9752 8 81.3813
635.6073 740.5571 8 81.41467
640.3415 735.8175 8 81.44803
644.037 730.2849 8 81.4814
