1 461.109 611.2818
2 539.9495 60.43254
3 604.8096 211.4731
4 455.4408 921.5354
5 433.8832 747.3799
6 600.0988 66.65604
7 428.8106 58.62211
8 431.438 678.2895
9 413.2394 290.6239
10 296.0683 165.5579
11 153.0853 193.1286
12 214.2684 156.3615
13 821.5356 224.2305
14 55.2767 609.0179
15 67.83435 319.0671
16 731.5976 138.0927
17 322.4001 82.36161
18 514.0741 218.2378
19 69.86822 672.6844
20 553.7822 166.7838
21 439.6172 349.6464
22 121.7431 227.7694
23 349.1171 343.8074
24 478.053 85.05076
25 461.8548 253.2742
26 405.9828 225.496
27 547.6851 930.1106
28 556.0564 657.7484
29 574.3702 107.7374
30 95.79855 273.385
31 413.5642 535.9939
