1 502.6843 339.4133
2 365.8076 160.9612
3 781.8876 440.4274
4 747.4321 844.2859
5 86.57023 446.2256
6 458.4569 209.2436
7 570.3646 338.736
8 442.4721 332.3134
9 793.5671 335.978
10 679.5176 285.7904
11 235.5744 166.7017
12 170.9317 186.727
13 820.2406 392.4781
14 41.808 584.1904
15 200.3123 673.0769
16 740.3534 359.8032
17 131.7732 211.2151
18 784.4998 182.3735
19 64.44036 657.0027
20 392.4492 297.8877
21 722.7246 426.3029
22 106.0617 251.4167
23 667.6691 448.1151
24 265.4348 222.1014
25 679.4007 374.4459
26 198.1753 144.8915
27 195.7222 778.7262
28 791.8028 803.9419
29 496.14 278.1398
30 79.95277 298.5181
31 693.5666 878.4247
