1 350.027 434.8282
2 872.3189 692.7535
3 153.3599 615.3459
4 68.60816 667.0447
5 619.3322 910.9258
6 207.645 726.1763
7 333.8248 546.7511
8 388.4921 591.8161
9 273.1375 564.1092
10 206.1938 786.1218
11 193.5678 664.7011
12 388.7482 519.9077
13 695.5815 876.5007
14 813.4858 214.8704
15 59.04602 347.2204
16 271.3618 104.2538
17 663.2101 238.2274
18 219.4116 134.5567
19 130.8473 558.6512
20 314.3247 492.6646
21 756.5379 281.2282
22 891.9635 356.7681
23 437.8262 467.8112
24 610.8165 276.8992
25 113.4353 242.3884
26 908.8417 413.0855
27 825.8695 768.1091
28 791.2681 805.6195
29 864.7481 306.2736
30 78.99337 313.9157
31 498.7956 496.5503
