1 445.7164 588.756
2 463.2889 532.2913
3 732.7689 856.8753
4 376.3401 342.8646
5 262.3433 460.4625
6 158.3334 191.1597
7 881.253 475.3494
8 559.8061 539.3352
9 717.0218 785.3434
10 918.5598 506.4294
11 616.0455 84.36764
12 53.75869 586.0222
13 250.3462 117.6683
14 72.46215 376.0003
15 675.1812 885.3178
16 409.432 292.0659
17 97.11655 638.9312
18 623.4254 911.0081
19 823.9909 318.0331
20 637.3222 838.4325
21 370.881 586.3376
22 154.6587 693.5667
23 276.496 345.7557
24 379.0345 402.8397
25 335.4061 504.2409
26 404.5961 459.9518
27 195.1238 154.9009
28 231.4604 296.5555
29 383.3924 695.3553
30 870.5062 693.2373
31 323.9154 906.8454
