1 493.2591 511.7455
2 318.6845 82.58451
3 690.8799 881.888
4 738.6361 736.117
5 595.0677 708.408
6 149.0894 578.8713
7 873.5594 304.6542
8 315.1348 357.0661
9 418.9833 407.4645
10 688.0669 821.5825
11 841.3362 251.155
12 252.9146 258.0528
13 426.8319 65.30542
14 72.52423 315.1343
15 112.4086 745.8355
16 233.1817 388.8737
17 192.8934 155.5792
18 910.9003 577.2861
19 256.7006 331.6779
20 404.2964 838.9835
21 219.398 763.6107
22 115.7457 516.9013
23 379.0536 321.3427
24 44.1425 601.064
25 228.0008 201.8239
26 490.5765 56.22654
27 128.4227 443.4381
28 776.372 689.829
29 908.1703 410.3358
30 562.1585 518.9821
31 606.4924 915.864
