1 745.0459 793.055
2 680.8519 885.7654
3 44.67104 516.1358
4 164.2348 603.6012
5 894.6034 492.4635
6 332.5651 78.05079
7 439.558 500.2985
8 483.3872 843.4166
9 892.1406 651.1202
10 336.9304 576.1081
11 214.5077 849.1424
12 255.9133 436.2996
13 40.48026 410.9684
14 714.7124 251.7066
15 820.8553 220.8587
16 532.8079 688.742
17 812.3402 677.0649
18 206.3035 647.7901
19 420.864 217.4872
20 499.6178 516.4604
21 794.2532 492.4547
22 868.4523 703.422
23 475.0255 450.0595
24 50.64685 355.6958
25 372.4296 281.6479
26 821.2178 742.5574
27 94.06378 358.6749
28 24.65623 470.9079
29 722.6621 859.6728
30 775.0381 261.0151
31 481.966 390.4997
