1 417.1727 563.489
2 497.0616 537.3391
3 726.5856 860.813
4 385.2564 325.8345
5 294.5715 436.2718
6 176.7046 182.2267
7 867.0679 498.5741
8 550.0227 505.4627
9 690.7679 813.387
10 917.1895 525.0298
11 598.2224 118.5383
12 44.11894 582.6119
13 264.8938 108.7152
14 106.8637 396.525
15 671.3748 892.8755
16 419.7661 275.3979
17 66.10292 644.8604
18 615.4457 915.1574
19 838.1196 345.9781
20 633.675 812.19
21 377.2842 615.3862
22 187.6135 684.3049
23 300.1837 340.7722
24 408.2861 385.8217
25 340.8785 539.013
26 373.1273 471.1073
27 210.735 141.739
28 221.5313 317.8946
29 352.5161 711.2627
30 878.9882 673.3748
31 295.5497 896.5691
