1 756.4432 644.9978
2 240.4756 184.3061
3 710.3576 789.5004
4 747 844.8196
5 492.4866 345.7138
6 226.4522 568.9903
7 696.5138 114.3558
8 475.4414 621.3839
9 532.4581 646.3283
10 810.3106 672.7869
11 521.3328 58.77788
12 204.3187 146.2487
13 674.3612 343.4934
14 34.98412 449.3923
15 274.2924 885.7489
16 506.4048 497.3428
17 159.8803 174.8964
18 914.6969 429.5547
19 45.74081 576.243
20 280.7554 609.8395
21 567.8337 700.1368
22 105.4042 255.2414
23 238.4072 505.1762
24 169.5495 604.7617
25 362.3056 327.6562
26 255.4857 109.7727
27 158.4458 712.7341
28 800.3906 793.9327
29 744.7422 149.0525
30 237.0744 380.9806
31 639.4466 905.5457
