1 588.1958 563.8555
2 342.0129 913.6471
3 767.0451 821.5054
4 441.9844 472.988
5 142.3908 782.2196
6 420.0402 700.458
7 575.0388 927.3711
8 776.9427 605.366
9 389.6216 835.6861
10 466.5616 934.1452
11 628.6603 895.893
12 226.2445 711.7185
13 841.1839 376.522
14 399.2652 895.743
15 593.867 712.4569
16 908.447 404.5011
17 486.2695 655.6825
18 322.7896 679.0958
19 742.8517 846.8229
20 889.8307 340.0038
21 776.3114 776.7293
22 534.0216 883.3863
23 713.7921 519.2948
24 737.9314 193.1903
25 252.7287 843.0519
26 187.262 825.7993
27 565.0637 215.2188
28 43.29658 593.0927
29 158.1421 643.2387
30 437.3416 535.997
31 142.5723 489.7728
