1 660.799 98.83824
2 611.0947 132.1793
3 393.3616 508.0425
4 467.5522 576.1639
5 680.2907 616.2989
6 643.2501 555.2383
7 454.2224 343.4133
8 664.9054 486.1721
9 44.63014 397.3577
10 521.6433 431.4242
11 308.8325 833.0269
12 66.15126 655.4671
13 774.5972 416.0837
14 119.1833 749.5051
15 450.3741 871.1868
16 666.1544 182.45
17 454.7426 516.241
18 56.35701 461.0197
19 105.7205 400.2823
20 341.7398 886.9225
21 912.4592 576.6767
22 216.022 297.7057
23 205.9129 233.0965
24 498.2325 631.9148
25 825.4743 720.4515
26 435.8409 685.7904
27 279.2354 887.559
28 654.3123 896.1077
29 853.7783 591.3692
30 452.9741 802.1641
31 596.8546 512.6207
