1 643.4727 783.5874
2 224.3266 635.3465
3 376.1773 516.7917
4 477.8106 500.3967
5 160.5279 638.0395
6 660.4211 598.3164
7 397.5058 275.6261
8 581.9628 776.0463
9 411.7308 867.5388
10 247.6625 118.7506
11 795.2888 470.9272
12 207.3387 693.9869
13 606.6506 303.9302
14 350.3654 320.6651
15 410.7023 935.2156
16 229.7212 861.6417
17 130.5216 689.4289
18 387.8292 578.0193
19 347.4756 710.3262
20 284.3959 891.998
21 64.58542 509.2917
22 430.33 447.1325
23 847.3365 387.0609
24 491.1476 443.8805
25 273.0879 363.5366
26 470.3246 858.6518
27 907.0151 397.2324
28 461.593 933.9313
29 511.8799 934.7943
30 802.8153 247.1717
31 48.10985 369.8128
