1 824.0662 225.8721
2 370.3378 922.2949
3 562.0013 569.1578
4 72.07353 677.5427
5 521.6875 160.0589
6 561.4557 205.0126
7 513.4465 94.73148
8 365.6734 393.91
9 42.03657 407.9878
10 169.236 693.5561
11 621.5571 415.561
12 166.0168 327.7583
13 249.8876 873.2429
14 570.6767 124.1274
15 565.095 65.66952
16 861.5732 279.2372
17 141.6556 745.3016
18 43.07587 587.9502
19 765.3154 635.8842
20 568.7955 679.2659
21 630.4383 81.7978
22 785.3434 185.6987
23 813.6783 317.6094
24 148.1794 495.2077
25 57.83267 344.8084
26 881.0402 679.9207
27 916.8104 548.0558
28 509.8426 656.3807
29 561.0857 927.7485
30 315.4637 886.5187
31 888.8323 340.6271
