1 687.4413 455.0137
2 781.5395 692.62
3 204.3511 792.3823
4 536.4028 803.7873
5 599.0144 433.0146
6 691.5504 293.5597
7 661.965 713.5578
8 621.8282 490.0097
9 873.4952 343.7799
10 751.0052 447.7451
11 459.9101 916.7763
12 299.295 589.8848
13 31.75641 492.3107
14 369.7375 109.4552
15 860.9087 634.665
16 824.6433 385.8674
17 846.0379 548.2912
18 386.409 881.7969
19 63.28649 330.1123
20 722.9381 714.5959
21 496.5802 744.0852
22 914.8346 533.2347
23 556.5407 503.4731
24 39.96094 423.066
25 472.6965 538.4045
26 640.0851 657.9755
27 90.31879 275.0825
28 156.8033 480.7807
29 557.248 732.6979
30 331.6258 192.2358
31 510.9433 61.93375
