1 682.9642 402.7664
2 240.7679 635.3609
3 443.8675 272.1455
4 558.7799 293.867
5 798.4913 588.9373
6 754.979 234.9383
7 376.8616 282.1275
8 545.6928 553.945
9 35.96905 438.6167
10 772.0977 302.2716
11 831.6935 730.0148
12 119.7495 755.8661
13 918.6476 545.9659
14 367.5879 921.6061
15 322.9589 602.2723
16 263.3527 579.1225
17 869.1186 585.1675
18 416.165 883.3793
19 97.4473 262.6087
20 330.5728 366.8635
21 671.7195 344.7081
22 568.7089 67.73928
23 183.0745 162.5213
24 693.9167 262.9884
25 819.0913 665.5436
26 50.06691 613.0851
27 648.4624 899.5751
28 525.7389 755.934
29 860.8274 512.987
30 139.1651 349.8261
31 814.1662 222.2703
