1 244.0486 502.5502
2 549.3852 94.03293
3 371.4566 632.7293
4 313.9179 877.7423
5 627.342 497.5028
6 107.5852 245.5327
7 291.4408 240.4295
8 448.6325 908.4623
9 347.7703 558.7176
10 235.2164 556.7249
11 404.7471 185.9356
12 425.5941 556.898
13 293.9106 588.6433
14 350.0996 155.3395
15 162.791 224.5755
16 344.4001 785.6805
17 413.3546 768.3249
18 812.1439 250.9826
19 419.1469 848.7327
20 504.4931 931.8572
21 863.6172 421.4421
22 307.4532 630.6566
23 915.5966 451.7859
24 44.7525 392.9483
25 433.2959 629.4947
26 493.9237 58.83334
27 905.1787 389.9274
28 482.8572 723.94
29 426.2002 58.414
30 481.378 192.1208
31 386.7903 504.3985
