1 744.4021 438.3088
2 419.0644 317.6338
3 525.523 158.1123
4 511.8401 351.4772
5 642.0423 538.3945
6 114.5997 412.8298
7 395.6542 398.0225
8 717.4059 495.7557
9 220.7508 149.5225
10 563.9466 117.5573
11 612.5344 82.75235
12 278.1752 888.5558
13 677.0402 162.5294
14 836.711 488.3796
15 192.7649 832.9244
16 556.1284 566.0316
17 897.7244 632.3474
18 581.0867 436.1184
19 59.88845 450.322
20 584.6676 182.142
21 774.7444 251.3505
22 854.0744 272.9935
23 550.8012 61.25219
24 239.8715 271.7581
25 257.1173 822.062
26 39.99799 568.9281
27 918.7834 544.3522
28 881.8838 588.3929
29 129.3916 478.2644
30 501.0325 97.83944
31 493.2845 234.3266
