1 570.0796 820.4295
2 553.0447 929.2921
3 34.12417 546.7376
4 324.8446 643.6667
5 702.6116 116.2781
6 633.1024 261.0383
7 809.1764 341.2308
8 509.0645 844.8025
9 604.7169 773.0392
10 57.11571 634.1051
11 425.1619 929.4671
12 469.9555 651.2354
13 85.86024 281.9012
14 830.7163 717.4911
15 570.609 98.3564
16 754.0176 835.101
17 799.2004 801.3216
18 354.9469 760.6139
19 525.4207 60.32328
20 851.457 384.7973
21 849.8361 263.239
22 559.0325 877.8284
23 807.5534 205.4826
24 122.3357 226.6181
25 161.4176 462.6687
26 363.4428 593.0672
27 302.3948 89.60305
28 360.2666 278.4095
29 606.6742 916.4667
30 914.0863 549.3029
31 757.1169 159.5468
