1 701.2315 119.5715
2 575.9807 68.29131
3 373.2217 302.8923
4 335.1524 414.6814
5 425.7048 592.1645
6 408.4173 538.0819
7 538.6107 196.9257
8 457.0401 493.2985
9 154.8901 493.641
10 637.8728 253.6012
11 354.2492 776.2905
12 44.91668 595.0296
13 778.7412 206.6544
14 230.2343 681.5857
15 265.2196 814.0846
16 836.7459 241.3441
17 570.3676 413.5576
18 145.1618 603.7911
19 206.9433 522.2983
20 360.1519 848.4446
21 913.876 558.8015
22 116.7231 238.179
23 193.3966 153.7251
24 653.0348 729.6436
25 638.85 595.3411
26 611.3879 826.1946
27 236.1197 863.8085
28 544.508 929.7087
29 801.6792 754.1954
30 639.4033 893.0772
31 398.6175 473.1516
