1 564.4946 840.0463
2 539.7401 934.703
3 36.6953 560.0019
4 320.3701 624.9589
5 672.8701 107.2039
6 656.6867 284.8956
7 832.6941 332.7953
8 501.4871 818.8279
9 603.3512 797.2265
10 53.49473 624.495
11 446.3384 933.6256
12 484.8356 628.6893
13 89.01405 284.8164
14 835.052 744.3217
15 556.7772 126.7849
16 763.7022 827.995
17 804.1574 791.531
18 384.8738 771.3596
19 546.0484 69.80997
20 872.3125 378.3313
21 839.4463 247.775
22 533.1968 889.5417
23 790.2278 188.1358
24 122.2155 226.0933
25 177.8241 487.0246
26 344.4199 568.681
27 322.6804 82.32533
28 388.2887 274.5114
29 598.7921 919.2884
30 913.8585 555.9674
31 738.3725 143.3903
