1 740.1111 467.1001
2 444.0274 321.6074
3 544.9431 158.2533
4 524.2795 327.8277
5 647.3417 566.6843
6 123.6318 413.8405
7 399.1626 370.4618
8 699.4675 516.8767
9 229.1062 178.0894
10 567.6603 118.9481
11 611.1134 78.00034
12 273.2082 886.3931
13 650.3791 171.7329
14 842.5873 517.872
15 191.1381 832.8419
16 561.3353 593.4134
17 900.5834 624.6066
18 575.2611 408.9915
19 68.09773 423.8756
20 578.6994 199.2337
21 748.6075 246.4935
22 843.8843 255.9872
23 550.6063 61.96884
24 263.1425 257.1184
25 285.8327 819.1801
26 45.92116 599.7541
27 918.7032 533.5972
28 889.8195 581.1171
29 141.8859 478.584
30 503.1685 99.00849
31 493.7105 203.3349
