1 507.6113 856.7848
2 503.0278 941.8442
3 34.45092 535.8304
4 247.6683 527.6138
5 589.2286 221.3274
6 774.3272 391.7037
7 887.0492 333.4721
8 492.7668 680.1864
9 596.4859 876.1381
10 43.36861 600.0801
11 438.7091 933.9549
12 468.0637 498.6897
13 206.5259 360.4197
14 841.2193 751.6484
15 468.5711 249.7756
16 775.4643 820.4227
17 807.7305 782.5256
18 442.5908 847.1534
19 613.7006 153.66
20 912.995 427.3017
21 795.7279 196.201
22 473.3362 892.4551
23 722.0054 160.9151
24 65.69063 325.5086
25 242.0749 602.635
26 222.6851 455.7311
27 426.5539 58.32772
28 535.0344 281.9696
29 564.041 929.9785
30 917.3715 498.9229
31 681.1693 107.8165
