1 393.4531 351.7327
2 429.0321 86.30379
3 805.1944 367.9065
4 702.8872 874.7543
5 89.73903 551.6208
6 544.4201 118.6678
7 470.9948 315.8415
8 341.8504 380.5866
9 793.794 248.5289
10 607.9259 207.5619
11 237.7152 122.9427
12 221.8664 236.2881
13 853.0783 299.1776
14 44.13324 595.8362
15 176.6181 563.1848
16 793.3479 309.2811
17 165.4439 211.8498
18 791.3406 185.2024
19 63.14837 652.3605
20 404.6439 215.6108
21 740.5985 331.9106
22 113.3079 236.7261
23 680.6496 359.6551
24 328.0852 156.5857
25 663.5625 269.5206
26 195.1854 154.341
27 294.2887 805.0192
28 751.9838 838.4552
29 466.1775 196.5537
30 88.04118 290.0628
31 665.5816 798.496
