1 650.3113 219.0662
2 657.9705 846.8966
3 203.6142 515.9675
4 99.43118 722.792
5 444.4635 569.4969
6 857.8296 283.2475
7 475.3758 56.01467
8 709.4176 426.3353
9 119.2489 237.9211
10 155.7095 793.7037
11 726.7558 859.5837
12 284.5768 461.0424
13 329.2992 909.5367
14 899.8865 373.1789
15 353.5171 71.93069
16 791.9057 430.1325
17 289.3646 893.8303
18 156.6885 184.7984
19 507.7285 279.6563
20 480.6388 376.8637
21 408.9212 61.29392
22 483.2276 157.5525
23 408.8609 163.7111
24 409.2305 861.0771
25 234.0806 160.5854
26 825.7933 738.4621
27 764.0349 741.0823
28 673.8311 897.557
29 405.1154 929.9891
30 271.9144 732.502
31 642.9263 500.039
