1 690.357 446.6322
2 174.322 203.4362
3 747.7727 595.8385
4 768.2733 827.0848
5 263.3044 290.7913
6 299.3371 398.8481
7 694.701 202.3167
8 590.0508 450.6639
9 714.4202 547.1297
10 753.547 499.5184
11 318.1755 84.05843
12 158.1884 166.2653
13 804.3089 465.9469
14 33.31241 534.2525
15 164.5297 802.5428
16 658.8621 522.4219
17 129.0669 212.5988
18 874.4906 308.9461
19 69.75531 668.333
20 301.5658 454.7807
21 675.6535 595.3319
22 104.9355 252.1215
23 474.5926 479.8846
24 246.467 424.7856
25 522.9868 448.4907
26 204.0213 145.2919
27 120.9811 757.1982
28 854.3349 725.3937
29 671.4123 256.5135
30 77.45194 298.6082
31 581.1238 922.521
