1 535.4776 215.847
2 483.2255 244.5861
3 511.2802 502.2091
4 628.068 595.8095
5 818.4188 545.6509
6 808.5327 485.1614
7 292.3084 321.4997
8 688.3575 333.04
9 33.31714 538.3613
10 574.2114 531.4038
11 416.8992 862.9247
12 77.25737 684.5456
13 856.937 515.7418
14 139.3735 782.1231
15 630.6424 905.3443
16 539.0576 274.0465
17 564.399 580.8422
18 233.1993 509.9689
19 103.8721 253.2371
20 370.8588 756.6002
21 835.082 627.0041
22 352.6908 217.5386
23 357.7506 149.2546
24 499.6308 565.217
25 884.8091 668.7675
26 252.3009 631.3357
27 420.5659 928.8816
28 707.2434 870.0069
29 918.6287 513.1002
30 303.1946 715.6142
31 751.4607 499.8535
