1 361.9839 569.7078
2 543.2126 59.95671
3 409.6857 526.0605
4 554.2722 929.6324
5 524.0156 343.419
6 588.5741 72.85158
7 517.5021 86.14326
8 475.9845 503.4614
9 418.6683 700.537
10 359.3817 492.9163
11 450.5755 290.5656
12 301.0727 492.8498
13 854.8213 646.5457
14 468.8639 791.7181
15 256.1428 219.1619
16 640.6664 88.55479
17 479.0627 102.4846
18 222.7621 431.8559
19 81.6047 294.2067
20 367.3325 429.4523
21 470.8375 732.4765
22 227.6726 161.3474
23 552.1573 702.1365
24 826.1867 342.2656
25 503.6545 651.3707
26 302.0429 575.2149
27 803.9229 792.0351
28 701.8554 247.7024
29 390.5937 182.5058
30 435.2818 380.1491
31 37.75038 562.1413
