1 464.8296 375.2553
2 184.4043 483.2743
3 282.2247 151.5489
4 557.0163 656.1233
5 485.3703 619.5167
6 78.6612 534.8863
7 145.8558 530.2524
8 580.1782 255.4247
9 219.4035 167.5784
10 336.3796 334.0909
11 395.4309 304.3525
12 243.5472 865.6147
13 800.5506 278.6506
14 661.7917 169.6272
15 397.8865 756.1086
16 240.7009 521.8197
17 889.1955 658.1397
18 357.5138 657.4741
19 275.5856 679.0796
20 554.458 63.66862
21 860.8933 298.1027
22 914.9282 445.0316
23 817.3087 218.6588
24 48.9805 478.5063
25 189.2398 826.4643
26 99.45261 593.1363
27 742.2953 672.0426
28 573.1885 592.2246
29 55.24321 356.9756
30 607.5654 86.77612
31 424.2806 600.3041
