1 390.5363 783.6557
2 579.4336 849.9415
3 115.4203 643.6367
4 87.82056 558.9398
5 707.9269 377.7976
6 869.6308 541.8863
7 844.504 253.7872
8 331.0982 675.6585
9 554.8113 927.9525
10 160.5517 541.8457
11 506.5582 839.8036
12 330.1135 534.7247
13 275.0745 508.9944
14 850.6441 715.4856
15 448.5844 472.5472
16 791.5 805.0305
17 826.111 759.5585
18 526.1234 667.6106
19 656.8406 331.7835
20 913.1225 429.7437
21 753.3441 154.8892
22 294.0237 872.1023
23 759.6635 345.4477
24 32.63939 493.6501
25 358.2114 728.2425
26 45.97137 380.1705
27 550.9034 62.69336
28 660.4596 439.1085
29 500.6745 904.6042
30 913.1562 493.7276
31 712.4379 297.641
