1 907.7031 403.1694
2 575.3395 527.7037
3 437.8168 630.9807
4 570.8517 848.0219
5 762.8703 161.3075
6 475.5406 563.8318
7 252.2376 531.2689
8 495.1961 620.8775
9 715.2088 198.3026
10 730.5451 821.3187
11 386.6237 724.1493
12 299.307 610.0087
13 426.1543 74.61373
14 42.57861 406.9663
15 605.0918 715.7232
16 657.3032 806.1881
17 631.5931 862.4139
18 289.9446 674.9499
19 89.32568 277.3411
20 554.5829 627.5852
21 163.9123 375.5733
22 651.2146 197.3656
23 407.8836 511.5368
24 155.9916 796.7735
25 207.0594 423.8582
26 185.3852 251.1565
27 502.1813 214.8797
28 412.1126 121.537
29 373.1408 661.9051
30 165.2783 182.9549
31 373.354 65.81461
