1 597.3519 418.1918
2 120.6114 675.9018
3 493.4752 481.2244
4 668.8218 441.4802
5 739.3988 848.5343
6 63.70601 653.8507
7 32.46615 514.1855
8 509.9966 562.8644
9 431.098 464.5336
10 397.537 690.1365
11 90.56609 545.5173
12 103.9117 734.8987
13 539.4223 498.6557
14 467.8552 416.6943
15 672.2636 508.7627
16 184.1803 826.4519
17 898.6575 506.4181
18 141.9109 778.5013
19 513.9874 919.1942
20 802.6171 202.6304
21 531.7209 419.475
22 824.0501 538.7642
23 882.6005 336.8971
24 43.30776 581.6397
25 492.2695 725.6032
26 482.8199 652.385
27 725.662 397.8192
28 311.1778 365.3113
29 64.4547 327.4007
30 364.254 318.174
31 637.2753 794.0219
