1 917.3256 548.0045
2 267.591 883.0332
3 442.2672 268.6857
4 75.72248 685.2818
5 144.2859 199.6282
6 73.64571 297.7412
7 633.0733 87.17119
8 524.3367 377.1663
9 119.908 307.4847
10 398.8407 312.7327
11 670.9929 103.5216
12 426.6101 485.5782
13 226.741 373.4473
14 111.6353 242.4399
15 481.1753 510.7774
16 465.0324 386.222
17 164.5875 348.224
18 92.62981 626.1417
19 879.4775 673.7889
20 342.4147 915.5502
21 300.7959 235.114
22 672.7656 159.5719
23 907.7374 418.1927
24 33.89683 513.7631
25 369.5416 257.4834
26 894.2993 611.9772
27 920.7279 485.2635
28 606.3139 915.0941
29 669.4136 893.3761
30 623.8427 586.3955
31 581.8915 337.0789
