1 877.9941 450.5997
2 665.9475 242.9006
3 275.7028 833.5605
4 568.3233 926.236
5 837.8084 401.2658
6 303.0377 459.1286
7 238.9308 772.5325
8 399.3814 519.5542
9 764.8018 437.9565
10 431.9408 729.5721
11 272.1764 888.7543
12 383.0084 452.1157
13 317.6694 87.33872
14 199.5831 404.6486
15 705.9539 407.1429
16 373.1149 756.9048
17 762.4926 831.7228
18 167.3525 790.0473
19 99.74469 260.0862
20 308.2037 558.6508
21 277.9275 161.9884
22 584.254 70.97552
23 414.886 288.7418
24 326.2753 907.1072
25 441.7581 425.9053
26 472.9714 207.4112
27 643.3681 89.41226
28 547.3818 112.1976
29 223.4192 578.2551
30 222.8478 132.5513
31 278.5243 219.2133
