1 428.0354 573.7946
2 483.5864 534.7054
3 727.6228 857.8835
4 381.3653 331.2811
5 281.4939 445.3308
6 167.2861 185.3898
7 870.8098 488.997
8 553.0078 519.2468
9 701.0481 801.8635
10 918.2663 516.5395
11 604.9185 104.2987
12 45.2976 585.0805
13 257.4169 112.5157
14 93.17628 388.65
15 672.1227 888.401
16 415.4519 281.2944
17 76.37553 644.2196
18 618.5854 912.4581
19 833.1209 335.164
20 635.991 824.1272
21 374.3779 605.5089
22 174.0864 687.5137
23 287.7622 340.0571
24 395.4555 394.6004
25 339.0268 525.0694
26 386.1908 462.8291
27 204.3074 146.9103
28 229.1409 311.14
29 365.5595 704.1882
30 876.7752 682.2803
31 306.2463 900.6197
