1 562.0557 721.1017
2 387.0514 62.34718
3 490.4553 756.6739
4 525.2261 932.4627
5 268.4498 178.4345
6 381.554 161.5385
7 292.8533 92.87465
8 639.7326 531.6929
9 674.7977 587.5603
10 608.3545 407.1611
11 421.0615 589.1689
12 502.093 573.5655
13 612.0864 760.2496
14 720.437 798.225
15 545.869 324.9894
16 450.1631 63.15038
17 687.242 108.4181
18 191.6858 157.7491
19 74.20199 308.3908
20 175.8636 577.8445
21 650.5687 807.9203
22 363.1697 379.1116
23 622.6418 466.7176
24 917.7073 495.8673
25 737.5663 571.0293
26 349.5739 886.0403
27 901.8696 621.9869
28 902.2825 382.1337
29 308.4526 353.1443
30 670.2152 415.0149
31 37.16391 556.4009
