1 390.9954 62.98697
2 763.0305 830.2105
3 386.2656 182.2806
4 158.1431 802.4194
5 292.9809 635.1675
6 377.7607 682.7973
7 554.2338 142.3386
8 376.4222 399.685
9 156.5703 360.9763
10 289.8542 892.6207
11 378.0019 779.63
12 447.9736 178.6095
13 354.735 612.0992
14 764.0437 163.1598
15 95.47961 269.9708
16 323.7041 199.0896
17 289.9244 567.9362
18 446.4133 55.54412
19 376.9408 118.2315
20 601.2782 106.0878
21 238.1762 122.062
22 704.401 247.9147
23 446.1397 115.9388
24 719.0016 736.401
25 152.113 255.8019
26 707.2412 202.6366
27 698.5221 877.092
28 649.2006 902.3379
29 513.5808 736.463
30 78.12483 544.0712
31 518.1932 58.25403
