1 767.6745 420.6546
2 374.2281 202.7267
3 477.4215 914.6298
4 483.9424 624.4103
5 321.054 843.1868
6 367.1279 417.8275
7 885.9374 331.8803
8 620.665 356.476
9 680.5254 363.0033
10 825.9105 571.8812
11 864.0864 284.9701
12 358.8641 483.1104
13 397.4032 62.40259
14 31.83263 485.2722
15 309.0357 652.5016
16 84.05931 378.1918
17 140.8505 361.2512
18 867.0549 704.9398
19 456.3604 168.6533
20 534.8254 931.3647
21 90.89712 492.1847
22 42.00208 590.904
23 381.8811 549.5995
24 35.08768 538.6316
25 55.81549 430.2276
26 565.1471 64.35288
27 68.74161 318.2335
28 596.4023 482.6012
29 809.934 667.0301
30 876.8 608.0453
31 423.0726 931.0387
