1 683.8355 271.3697
2 339.3946 709.2329
3 461.8083 404.2185
4 527.657 398.6533
5 751.4256 712.3917
6 687.2654 113.6512
7 304.2066 360.4964
8 669.4056 512.0185
9 33.51706 452.6712
10 692.263 195.6864
11 884.6832 660.898
12 130.6834 769.391
13 817.1968 593.8442
14 478.422 934.8503
15 210.1183 631.6009
16 180.5388 694.3941
17 771.9225 640.0377
18 326.8016 781.598
19 128.3194 219.2677
20 302.5371 256.2263
21 642.0329 228.9249
22 630.4685 85.1473
23 224.8552 130.3924
24 604.0941 178.7908
25 834.1234 751.3157
26 49.32862 615.5085
27 733.7773 853.3671
28 508.6899 623.8618
29 766.6659 564.8519
30 238.5898 256.5896
31 735.1368 141.254
