1 593.1742 402.504
2 123.2007 677.4315
3 495.6861 490.5231
4 673.5818 428.5046
5 748.7518 841.1118
6 65.22978 655.0194
7 31.91201 520.9348
8 522.2401 572.2866
9 434.1463 479.6606
10 410.4058 699.1384
11 91.37112 550.6288
12 106.357 736.0671
13 543.9905 512.7016
14 465.9184 428.9171
15 681.794 497.2752
16 185.032 823.4582
17 891.8681 494.4172
18 137.5241 779.4527
19 524.134 926.643
20 805.8116 205.8117
21 529.5036 425.2181
22 814.4814 547.7646
23 873.5593 325.0603
24 43.56139 584.678
25 506.3751 721.3021
26 497.7121 648.4881
27 735.0868 387.9871
28 300.861 355.2071
29 61.13414 337.4192
30 357.3453 322.4277
31 651.7914 791.0519
