1 910.8469 592.4738
2 258.9944 879.1544
3 367.1314 255.7584
4 57.10651 635.4312
5 118.7409 230.5896
6 54.99926 334.9178
7 627.3068 81.42609
8 455.6561 392.3494
9 94.59848 387.9506
10 312.7171 271.6855
11 680.6034 108.3371
12 446.4304 454.476
13 265.7048 319.5033
14 87.73562 283.4157
15 451.3482 609.3386
16 377.9781 413.168
17 146.7778 288.8566
18 152.8693 712.2548
19 845.7878 643.4842
20 330.5925 911.596
21 208.2316 276.445
22 583.7697 129.3339
23 907.8222 412.9423
24 40.10862 572.281
25 394.9901 157.0932
26 811.8919 600.1214
27 918.4222 535.8204
28 584.0482 923.014
29 635.6516 906.7479
30 721.2779 597.7352
31 488.3607 346.3697
