1 321.3338 461.3027
2 882.0368 674.4857
3 118.5232 626.2172
4 73.37722 679.114
5 584.2273 919.0132
6 199.7912 689.2769
7 345.8997 556.4799
8 366.5406 618.0498
9 291.2016 591.2014
10 196.96 748.4033
11 197.2861 624.5868
12 366.1502 509.9346
13 712.3341 866.2379
14 819.7654 234.6139
15 52.19286 363.8759
16 287.0466 96.47098
17 673.9098 240.9428
18 234.1576 125.5719
19 101.3929 566.0737
20 297.0108 518.9504
21 776.92 306.7605
22 896.184 362.903
23 396.466 458.7355
24 599.5332 256.5196
25 99.29636 264.0036
26 914.5247 420.4128
27 832.3833 760.1159
28 798.6036 799.2988
29 874.1359 307.5727
30 68.3147 321.1018
31 475.2633 517.8595
