1 479.0927 346.8985
2 170.6466 471.3777
3 271.1896 128.9456
4 538.1641 638.1309
5 486.5766 590.9905
6 78.37817 525.8573
7 146.9689 526.2737
8 609.5654 255.5137
9 208.0752 147.4074
10 354.3005 307.6085
11 415.5311 287.9826
12 249.5119 870.9045
13 825.0754 263.3085
14 687.2935 187.4634
15 378.509 781.1364
16 267.3087 515.4476
17 876.9764 677.729
18 386.5173 652.6382
19 250.1955 670.3971
20 538.4809 64.71483
21 873.7618 305.051
22 913.1221 433.0617
23 795.2946 198.8272
24 67.36944 463.6797
25 187.318 827.2884
26 68.90994 584.6302
27 770.966 671.2529
28 594.0997 606.6881
29 61.33846 340.4436
30 588.4881 68.26215
31 428.7425 570.5796
