1 560.6364 578.6408
2 337.6287 912.483
3 757.711 830.9265
4 420.2705 459.2924
5 148.4985 790.2713
6 444.6446 722.7914
7 574.2385 927.5179
8 756.5253 618.4694
9 391.2865 821.8427
10 442.7355 933.3284
11 636.6213 904.6638
12 204.6658 729.132
13 863.1481 384.3935
14 388.1347 881.9123
15 600.6508 683.447
16 911.7996 420.8428
17 513.7981 667.116
18 296.1331 662.8187
19 730.9705 854.675
20 883.3309 324.7776
21 782.7782 788.0168
22 554.3775 873.256
23 692.7418 498.4959
24 722.8889 172.012
25 250.0765 814.6664
26 194.8094 833.3601
27 593.544 207.7449
28 43.37267 587.8619
29 178.1605 622.4764
30 428.1819 556.8855
31 158.7023 466.6188
