1 454.8177 446.4101
2 187.389 502.4805
3 300.8496 215.3726
4 612.6962 673.7139
5 494.6464 684.614
6 89.50285 565.6566
7 118.695 504.6624
8 518.8188 278.4256
9 236.2318 229.8355
10 309.7214 401.8314
11 353.8618 358.7033
12 211.4134 848.3389
13 745.4734 319.5323
14 614.6465 193.0682
15 435.4189 709.7426
16 205.2636 561.5573
17 902.8264 614.8842
18 310.8807 638.1099
19 316.5031 706.8082
20 587.9965 70.04786
21 804.7518 318.5517
22 915.2726 458.0983
23 839.7986 268.52
24 33.20166 516.8199
25 196.0568 793.3355
26 159.6189 609.8718
27 679.3774 668.4643
28 515.8977 574.5991
29 47.56975 379.3852
30 600.005 130.4683
31 417.198 648.5468
