1 726.0793 136.6138
2 380.2842 101.5153
3 551.9126 219.5428
4 494.2833 250.3361
5 221.0211 397.7497
6 180.8307 332.5237
7 331.7496 211.3673
8 554.5518 325.5123
9 219.6184 639.6785
10 834.4846 361.3576
11 518.5973 510.0946
12 32.97648 520.3287
13 857.4389 273.3951
14 429.9597 535.2285
15 363.612 609.842
16 885.5754 331.4136
17 748.5111 505.5268
18 425.9904 595.6752
19 369.9759 523.0598
20 561.075 735.5076
21 776.7383 363.0926
22 295.8972 91.25
23 425.7621 57.27978
24 782.5021 811.1275
25 675.335 323.6943
26 492.2583 935.7902
27 133.3253 773.0046
28 412.3611 929.6092
29 728.524 837.0064
30 570.9184 923.6192
31 240.2364 287.9042
