1 714.4874 128.4968
2 463.2057 856.3946
3 377.1761 603.7936
4 59.9504 647.9798
5 473.6279 414.6921
6 810.1033 212.2351
7 552.6245 58.36848
8 597.2358 269.909
9 98.32983 299.0331
10 137.4098 777.3099
11 613.2334 720.1503
12 372.3672 386.4132
13 259.6963 878.7954
14 786.6512 265.4131
15 462.2884 56.08743
16 900.3126 373.1813
17 185.7494 826.5704
18 134.5619 339.48
19 589.1724 444.2462
20 469.8447 528.2605
21 505.8556 56.27667
22 646.7896 93.04468
23 556.101 316.0264
24 299.4781 721.5444
25 111.5596 241.0532
26 814.087 779.3954
27 867.5743 701.606
28 559.3924 753.571
29 561.0163 926.4238
30 420.5024 805.5968
31 836.9907 492.6008
