1 433.3287 292.9847
2 471.6995 605.1367
3 680.9306 890.0377
4 633.4789 349.5118
5 495.6171 689.6264
6 514.7943 934.9149
7 351.9174 814.1107
8 526.8803 373.0025
9 752.9203 658.2132
10 542.6431 542.6058
11 577.6023 921.9469
12 55.07081 631.3781
13 779.3214 755.9829
14 802.0944 692.7412
15 866.1458 309.6467
16 841.4134 752.0052
17 660.9425 852.5332
18 192.0958 828.2846
19 634.1421 907.1579
20 897.6121 367.0853
21 726.9837 858.5101
22 621.483 806.6912
23 916.346 508.9341
24 531.5422 62.40763
25 476.8589 507.1938
26 542.3061 725.4267
27 741.5379 171.8242
28 214.0522 343.2631
29 199.145 276.3372
30 143.3573 784.4828
31 562.8112 320.2729
