1 289.9808 483.7796
2 888.4955 653.4999
3 86.53582 636.9333
4 79.88949 691.6684
5 549.1211 930.3116
6 190.418 647.6656
7 349.6462 558.4622
8 349.4685 646.5996
9 302.74 604.1991
10 190.7195 709.3976
11 194.9987 585.1176
12 342.5797 514.4412
13 716.4901 848.3424
14 799.9601 266.3511
15 48.50496 382.319
16 311.5751 86.05002
17 708.8457 239.4872
18 248.411 116.5921
19 72.53728 574.3839
20 288.9403 543.7545
21 797.7458 331.1882
22 898.1956 369.0407
23 354.1275 453.0673
24 567.6772 253.3375
25 91.56177 276.9046
26 913.8651 426.0801
27 838.0343 752.9504
28 804.0523 793.1357
29 879.2459 316.1928
30 63.85047 334.7053
31 456.9645 546.6106
