1 373.4731 342.4058
2 564.5597 706.9255
3 714.3044 826.7903
4 559.1573 159.7725
5 427.9832 501.4912
6 241.0962 153.3311
7 719.0253 612.2185
8 666.3315 349.1851
9 710.2136 872.7369
10 779.178 668.0784
11 589.1916 392.6394
12 33.94584 520.8024
13 410.7608 100.8232
14 342.1084 549.4583
15 549.6878 929.6857
16 613.3205 273.1656
17 70.58099 668.9482
18 485.3873 935.6379
19 868.6609 566.3211
20 630.0577 602.6299
21 391.2563 838.6227
22 332.8161 834.0788
23 533.4963 366.9959
24 649.8151 410.8803
25 346.588 772.4349
26 287.4179 593.6427
27 344.1461 74.49151
28 29.26865 462.541
29 165.55 753.1543
30 849.3724 680.1105
31 109.8278 741.8226
