1 664.8104 816.8328
2 220.5452 662.8969
3 408.3083 510.9855
4 502.9166 479.8261
5 159.7937 670.2036
6 700.2099 601.1851
7 382.8307 241.9406
8 613.2264 759.2237
9 423.0796 871.4027
10 228.514 130.4581
11 828.3755 488.6937
12 224.2559 720.9997
13 632.7163 329.5221
14 346.3228 292.5096
15 405.1531 932.7428
16 239.9895 864.5765
17 138.944 730.6812
18 420.4587 576.1281
19 322.5286 731.8008
20 293.5276 896.991
21 64.57 477.2694
22 450.0919 445.3887
23 848.4357 348.7718
24 513.4971 421.0118
25 283.3812 397.3253
26 482.9434 880.7174
27 904.0977 378.5373
28 456.999 935.2679
29 508.0647 934.4875
30 817.3497 220.2222
31 62.59835 334.3127
