1 750.3638 153.4582
2 377.4885 112.3172
3 514.8274 199.8634
4 454.4149 240.9336
5 236.951 445.7706
6 217.5581 371.5394
7 367.8462 190.7985
8 509.9831 326.2687
9 264.3215 629.8613
10 838.4168 355.0891
11 502.2949 563.8357
12 36.13589 544.4275
13 846.3786 260.032
14 400.0803 541.556
15 333.498 647.1189
16 877.7416 313.7603
17 738.7956 468.7797
18 383.4457 607.1018
19 339.0423 553.5877
20 525.9131 744.2815
21 790.4792 397.1082
22 261.7762 107.5554
23 406.8409 58.72782
24 783.297 813.7661
25 669.1623 363.0966
26 528.8521 931.8553
27 131.6742 770.8854
28 444.6218 933.0462
29 731.5863 852.9823
30 598.1088 917.7494
31 276.0916 312.0489
