1 743.7839 415.7407
2 398.3455 317.1069
3 506.9868 152.391
4 505.0689 371.5911
5 633.4729 517.264
6 102.1649 411.5498
7 390.3454 417.0701
8 729.1038 479.1037
9 213.7178 138.3752
10 560.9478 116.9883
11 615.6933 86.05647
12 279.4658 889.6478
13 698.9309 160.1507
14 831.4222 465.6317
15 192.1125 833.4843
16 551.58 545.5557
17 894.142 646.0403
18 585.2923 457.0318
19 62.26549 470.1873
20 583.6215 165.8687
21 794.1138 253.3618
22 859.6549 282.6696
23 555.1648 60.94522
24 222.2404 281.588
25 252.2751 819.8412
26 36.03811 551.1348
27 913.6135 557.3737
28 871.5392 594.4951
29 121.5619 475.7358
30 501.7011 92.18341
31 492.7354 256.5188
