1 904.2968 424.4798
2 646.3476 272.0275
3 303.0267 820.8287
4 590.9888 921.942
5 864.5681 378.1852
6 301.4161 463.4986
7 215.9955 745.9981
8 377.4792 521.0547
9 771.7185 405.3028
10 461.6487 756.9902
11 246.279 873.8091
12 363.8775 450.0946
13 348.3591 74.26665
14 162.231 417.6779
15 690.6881 439.2467
16 397.6392 760.0613
17 735.0591 853.25
18 190.1746 820.6744
19 85.53799 284.9116
20 331.323 565.9525
21 262.6146 157.2914
22 579.9614 69.78071
23 382.0275 312.9362
24 304.2883 899.9166
25 421.2543 408.4864
26 434.9314 198.5412
27 641.486 88.24645
28 522.907 87.71426
29 253.9761 561.164
30 204.8469 146.1066
31 302.4775 202.5776
