1 777.5373 442.1987
2 382.052 222.4406
3 466.2512 903.4878
4 463.817 620.2346
5 303.719 826.4921
6 363.9333 414.8614
7 884.2947 328.8369
8 629.898 375.7199
9 692.7355 377.964
10 848.7703 568.2524
11 862.2878 284.5477
12 360.2893 481.3275
13 405.512 62.04865
14 32.20729 474.1382
15 331.996 652.8056
16 91.16556 372.0919
17 150.1276 368.3631
18 868.5709 702.4138
19 476.0209 163.7577
20 533.6278 931.7311
21 91.08752 471.4361
22 42.22991 582.2708
23 368.5264 568.6679
24 34.55547 530.9539
25 47.56706 414.7388
26 565.9206 65.10521
27 69.80656 316.433
28 595.9213 459.3046
29 791.121 663.5028
30 887.1538 618.2995
31 415.5701 930.542
