1 884.4771 642.4625
2 252.2842 875.733
3 200.8559 191.6103
4 149.6971 643.7048
5 62.0696 337.3815
6 160.6643 498.1808
7 533.952 63.4753
8 306.7284 501.5848
9 190.432 547.2951
10 142.9082 206.6169
11 595.7689 82.97967
12 328.2694 371.8275
13 269.002 215.947
14 37.46299 418.872
15 420.5403 817.3183
16 194.14 442.2759
17 92.54035 387.856
18 199.3513 838.2772
19 735.5172 603.9791
20 320.5609 906.974
21 135.4413 431.2671
22 394.4902 145.948
23 751.9686 273.2654
24 138.7949 582.8678
25 387.5342 63.62835
26 647.8486 589.1591
27 906.7614 599.916
28 538.0559 932.0406
29 585.5557 920.8294
30 726.5983 668.1178
31 293.4669 307.3769
