1 421.1361 276.7758
2 527.4741 764.4455
3 690.2759 821.7207
4 621.608 181.2476
5 387.0926 565.7915
6 228.6657 233.4739
7 656.2888 613.4639
8 730.5606 320.1857
9 687.5907 880.9552
10 782.6981 723.9702
11 625.4248 435.0755
12 57.94475 553.562
13 469.4898 143.7508
14 361.1884 619.3889
15 493.2989 932.8516
16 677.4827 290.3101
17 100.6961 642.0125
18 426.5363 930.6949
19 854.0192 623.9645
20 645.7038 552.161
21 438.3467 870.2196
22 351.1969 891.7411
23 617.8768 373.4816
24 691.1622 410.5299
25 316.9788 842.0152
26 227.2791 641.479
27 331.4244 77.16976
28 25.20637 513.0238
29 117.015 755.6222
30 790.3272 647.7668
31 89.00261 702.5392
