1 552.9953 69.49031
2 740.7578 858.991
3 149.9923 304.113
4 186.4314 828.0969
5 359.5711 787.2639
6 660.2584 395.9626
7 626.2859 81.9739
8 596.8543 570.7588
9 113.8303 241.6316
10 289.3167 894.4926
11 755.2152 819.1585
12 215.3789 270.9617
13 290.9371 786.0544
14 912.4795 421.4056
15 249.3094 117.5998
16 585.1061 437.9151
17 271.7224 833.3038
18 301.7881 208.4442
19 487.6585 74.69165
20 540.945 206.0231
21 299.9597 91.69093
22 472.6327 173.5021
23 365.115 66.90256
24 514.6196 887.4969
25 416.5672 200.8979
26 742.4204 545.0529
27 687.2878 849.4438
28 658.2362 898.8109
29 390.4969 928.121
30 141.4392 784.5584
31 496.8385 356.3252
