1 912.781 432.3061
2 621.1454 607.6629
3 426.5001 526.4697
4 541.9385 768.9428
5 685.7933 110.9394
6 566.9449 580.8352
7 353.3134 528.5296
8 573.5942 653.892
9 622.2271 202.9158
10 819.4717 772.8185
11 481.2966 745.4525
12 401.5368 588.6428
13 447.6973 158.5873
14 33.88154 511.9296
15 597.4923 758.0647
16 749.9463 765.7758
17 643.8278 800.6137
18 394.1907 663.3023
19 74.05272 305.5061
20 632.7081 664.6241
21 86.97425 436.2546
22 697.328 282.1011
23 487.9803 437.5456
24 110.5776 739.5328
25 146.5158 516.6076
26 116.9162 350.9974
27 419.0683 227.0123
28 318.8968 100.731
29 427.1325 724.6855
30 181.0826 165.0039
31 415.9475 60.54829
