1 656.247 236.4584
2 379.4699 710.373
3 472.2862 445.6955
4 546.4714 436.6944
5 729.185 753.4977
6 673.6175 110.8522
7 263.1092 362.828
8 691.795 475.6265
9 35.93613 432.6994
10 663.1172 170.6337
11 895.2431 622.0259
12 141.2783 782.8171
13 780.9262 590.7913
14 514.8209 932.4161
15 164.6144 646.5457
16 160.0246 725.0436
17 746.2251 673.0511
18 299.2269 740.5589
19 131.9972 215.8678
20 317.0045 222.1168
21 606.5657 199.7024
22 616.6376 79.23586
23 251.063 115.9361
24 571.2735 152.4272
25 827.6745 762.5019
26 50.69882 619.8626
27 755.1785 837.318
28 509.7039 579.8403
29 725.5037 572.2668
30 253.6353 225.0873
31 723.607 133.0427
