1 765.8929 788.956
2 671.0845 890.2209
3 34.61305 511.8063
4 149.8772 617.2203
5 902.6831 473.5307
6 315.7529 85.65754
7 450.3081 492.0999
8 494.4493 861.2591
9 886.1635 665.2049
10 318.2726 580.8326
11 230.2804 859.9412
12 243.4674 452.8316
13 44.53385 397.9581
14 715.8452 274.9581
15 805.1048 205.7715
16 537.2848 710.29
17 820.0006 674.9133
18 191.4524 665.6334
19 439.0583 210.154
20 513.9911 511.2343
21 809.5395 479.9018
22 860.3759 717.7548
23 496.3484 452.128
24 55.81107 343.4217
25 350.7977 274.5837
26 801.6702 736.2609
27 99.50206 344.104
28 27.98493 454.8117
29 713.6503 867.4232
30 788.5168 275.7637
31 502.5754 386.5921
