1 643.7375 547.6516
2 782.7377 790.4988
3 276.7942 799.4648
4 532.9328 730.3242
5 616.9387 493.0625
6 618.7647 208.3512
7 595.5742 713.2248
8 594.9851 583.541
9 894.6937 435.3722
10 654.8837 445.0978
11 352.132 883.9526
12 391.1825 598.897
13 33.37724 465.6795
14 402.4174 61.81709
15 855.4799 555.6891
16 747.5092 432.0806
17 754.0103 577.026
18 340.2196 806.5953
19 65.46218 323.8495
20 651.3108 731.2726
21 541.1912 669.5549
22 906.3334 602.9014
23 536.2131 400.9454
24 41.88138 407.1345
25 553.0648 491.4087
26 714.5084 693.5222
27 94.43725 267.3111
28 64.57356 522.6045
29 597.79 649.7442
30 427.9475 166.3996
31 466.8746 69.30584
