1 906.1604 489.9906
2 884.7278 597.3219
3 145.748 530.9259
4 342.1957 751.7192
5 438.8724 172.4648
6 859.6056 539.774
7 648.4338 514.9896
8 824.041 591.5984
9 794.3355 434.7901
10 921.4562 552.2239
11 731.9344 855.4564
12 318.7144 365.4086
13 203.2368 458.7842
14 151.2151 285.7761
15 818.5644 777.6472
16 852.1971 468.6839
17 886.3042 660.4595
18 584.1533 921.3137
19 75.24271 304.3037
20 854.7487 725.2139
21 269.522 682.6799
22 899.5293 379.9359
23 348.0008 522.431
24 71.41131 643.9018
25 210.4233 654.8708
26 343.6701 620.3881
27 167.5057 177.8684
28 189.85 235.5336
29 526.8951 931.0407
30 120.7168 221.6667
31 498.8527 53.48294
