1 341.0015 442.2906
2 327.148 694.0405
3 697.6811 879.1478
4 485.3948 265.3559
5 312.4252 778.9329
6 562.4495 899.3574
7 462.779 933.8715
8 543.9459 554.3839
9 568.0646 644.4901
10 420.9834 703.6501
11 619.2364 910.2262
12 63.36919 654.7758
13 845.9333 609.5115
14 603.8832 703.934
15 730.7579 439.0599
16 906.9352 609.8843
17 675.5195 837.8265
18 98.31291 711.8677
19 668.5741 890.0355
20 833.6486 240.2765
21 741.9503 849.5317
22 709.082 803.9436
23 827.6352 340.841
24 628.3531 87.58904
25 308.2145 578.4643
26 354.3783 821.1976
27 690.4305 110.9634
28 182.2743 535.8154
29 271.9702 413.7489
30 261.0072 705.2336
31 371.2117 307.5936
