1 795.4182 804.6745
2 624.1577 909.8586
3 35.80728 528.2783
4 103.4326 726.107
5 893.961 352.9617
6 327.9071 90.67211
7 571.9576 463.4645
8 576.8173 925.6852
9 849.1104 723.7528
10 179.7653 639.0603
11 344.0309 913.8694
12 233.2183 588.6137
13 61.32193 336.001
14 729.765 423.6174
15 659.4142 136.8108
16 622.7725 834.8717
17 728.5217 740.5184
18 138.4172 777.9467
19 562.8313 152.7228
20 630.3105 482.2693
21 903.3784 412.8558
22 794.2552 741.3353
23 658.3634 421.4475
24 93.83495 271.3341
25 200.8897 288.8682
26 663.9375 672.3222
27 147.5136 246.3308
28 120.1154 362.1441
29 667.0495 891.9876
30 833.9098 332.2664
31 644.4433 353.3948
