1 559.351 61.86589
2 719.0837 865.7871
3 186.8396 227.079
4 180.8169 822.5078
5 291.2523 861.2412
6 577.954 457.9476
7 661.1106 95.77672
8 507.5082 593.8265
9 110.9694 244.9381
10 329.7418 907.2963
11 650.3682 797.8393
12 254.7469 190.2248
13 258.4801 743.3351
14 898.8881 368.496
15 221.8024 132.1628
16 512.6795 383.0508
17 231.5805 790.5953
18 395.2419 190.8576
19 496.6819 56.67645
20 578.7398 138.6086
21 298.573 93.18629
22 540.3428 208.4277
23 358.2045 70.25431
24 593.7619 859.1354
25 396.5501 261.0222
26 721.1804 454.2832
27 659.3616 889.9357
28 609.2703 918.1296
29 392.211 927.0539
30 138.3906 774.6639
31 491.9455 263.674
