1 804.4701 602.5894
2 289.0972 803.6611
3 188.6077 284.5216
4 260.7712 639.2
5 51.26515 399.6532
6 306.7587 534.7286
7 579.1521 159.3074
8 370.1861 619.8534
9 309.9476 599.8398
10 151.974 196.7362
11 617.859 204.1593
12 205.9217 420.547
13 331.5855 144.3773
14 122.2239 402.3345
15 451.7446 934.2914
16 172.9045 551.6862
17 92.87634 491.9127
18 234.4993 833.9886
19 613.8972 607.0928
20 309.5003 901.7234
21 52.52479 536.5188
22 300.5174 232.2919
23 641.0831 378.1294
24 238.3491 575.0842
25 314.6586 82.72993
26 506.5118 619.7616
27 911.2212 583.5037
28 506.195 934.784
29 560.5768 928.167
30 758.3838 560.7253
31 166.1615 348.0706
