1 391.4399 561.7174
2 579.5905 67.99687
3 511.9122 520.0784
4 470.5899 935.495
5 285.7436 476.1395
6 51.16857 573.6291
7 343.9995 500.4532
8 313.6573 366.9557
9 398.1385 463.6197
10 498.8198 145.6064
11 248.7237 874.455
12 336.7428 592.429
13 165.6311 561.1215
14 804.0951 466.5805
15 707.3626 121.1321
16 213.7536 423.4369
17 841.7084 376.6938
18 226.9339 549.4636
19 173.2474 173.2239
20 57.9452 640.8059
21 711.1195 403.7472
22 483.2173 56.51055
23 342.1052 435.0857
24 695.1243 707.1424
25 770.6452 169.145
26 619.4462 753.986
27 715.138 329.0164
28 884.029 332.8311
29 135.5236 778.1048
30 682.3363 176.1526
31 39.24131 501.2727
