1 429.6471 348.9594
2 581.4846 581.1885
3 622.8833 369.6992
4 770.7069 390.9611
5 696.3131 881.9786
6 497.286 231.7627
7 209.3748 166.4348
8 503.1517 338.738
9 54.95026 349.1612
10 512.4212 99.06803
11 881.8732 336.3964
12 168.4717 811.4026
13 540.8426 456.2889
14 641.05 874.8597
15 121.2734 760.3333
16 365.5673 831.2532
17 772.0537 822.0517
18 299.7615 444.6619
19 100.6763 259.034
20 391.6539 125.916
21 453.873 118.4843
22 572.7944 183.1159
23 402.8356 60.13463
24 466.2924 52.08837
25 708.4157 771.034
26 62.9104 652.1539
27 739.4599 657.4487
28 743.8926 491.1053
29 448.3891 588.8498
30 344.249 74.15476
31 557.1652 63.82009
