1 903.4847 608.73
2 257.7265 877.6448
3 337.2163 250.1611
4 58.73038 635.7691
5 108.2656 243.6588
6 61.78312 370.2373
7 603.6213 73.32874
8 417.4534 384.9982
9 87.40013 425.6317
10 279.9446 245.6743
11 659.0432 95.41986
12 443.646 443.261
13 271.9966 309.2764
14 73.52771 310.7191
15 443.725 646.1612
16 344.2193 414.631
17 131.3297 305.2409
18 157.7761 749.3455
19 827.4291 641.8028
20 326.3846 909.4562
21 193.5813 290.1232
22 549.7574 120.7236
23 901.7273 377.5374
24 41.272 571.0775
25 394.9207 120.0885
26 791.7947 595.5682
27 916.1835 554.7622
28 574.7861 924.9998
29 622.1332 910.1918
30 727.4832 609.5846
31 454.2182 344.8654
