1 501.3964 604.8435
2 320.5399 81.5323
3 706.887 873.058
4 805.2315 786.032
5 628.441 619.2499
6 66.94455 599.8955
7 860.0598 279.3767
8 316.5756 438.071
9 379.678 485.8032
10 758.8722 826.9858
11 789.7712 191.3877
12 294.9265 188.3282
13 482.6198 103.9892
14 45.40979 387.5543
15 140.1648 782.3289
16 263.8523 405.6414
17 191.8108 156.5244
18 917.5708 535.9104
19 204.3969 373.8336
20 344.6476 823.1909
21 294.8154 782.6009
22 106.7778 491.5952
23 301.555 276.8883
24 65.04942 658.2098
25 284.6279 128.9202
26 524.7209 58.4309
27 157.7891 454.055
28 840.3731 734.5109
29 887.9535 342.4723
30 492.5009 489.3807
31 617.1352 914.4583
