1 505.1669 445.7199
2 549.0028 62.37275
3 661.1749 616.6154
4 607.3119 916.9874
5 156.8659 365.1374
6 107.1131 429.6769
7 267.3298 316.1581
8 497.4345 288.7401
9 525.5134 343.8493
10 700.7353 169.9802
11 265.1087 882.0583
12 372.4486 403.3834
13 371.0951 580.4883
14 892.9611 647.9459
15 790.5376 190.277
16 321.8697 288.8266
17 846.8033 257.0461
18 262.1757 374.7127
19 80.10898 294.9412
20 78.8559 690.4716
21 780.6078 565.2728
22 476.0384 114.9217
23 379.0977 321.9532
24 840.5297 610.0594
25 838.4089 321.3908
26 544.8093 927.0971
27 770.8721 483.643
28 899.2008 370.2209
29 263.2233 649.1007
30 786.6033 290.8153
31 32.9079 516.1155
