1 905.4682 391.3709
2 593.2567 379.9982
3 397.7789 744.3229
4 587.0347 922.6181
5 852.1169 270.7856
6 313.6936 515.8062
7 184.2747 637.8147
8 368.2742 581.4377
9 768.3996 292.1333
10 576.3023 813.8141
11 240.9827 813.6242
12 260.6945 479.8608
13 390.546 62.48303
14 35.60655 449.3897
15 645.4837 557.4455
16 507.7223 784.9497
17 647.007 902.3925
18 185.3592 793.1567
19 93.91486 270.2618
20 422.8697 604.6406
21 237.7399 258.9921
22 612.9474 94.21096
23 292.7393 417.0924
24 253.7093 873.9671
25 338.3097 366.2223
26 314.9794 187.5552
27 622.399 158.8321
28 454.9313 54.7325
29 311.8618 559.5157
30 190.0782 157.8634
31 317.8847 82.86114
