1 260.6722 500.6085
2 900.9953 619.9952
3 69.64496 657.8046
4 91.4166 712.165
5 504.7286 934.0399
6 162.7731 573.6225
7 372.6201 550.3218
8 298.402 684.3268
9 273.0829 629.7649
10 182.5503 630.2578
11 178.4334 507.5517
12 313.3678 534.5138
13 701.5054 786.0479
14 757.5421 322.615
15 39.79256 414.3483
16 353.4436 71.49061
17 770.4433 263.4596
18 259.5637 109.4857
19 47.57469 595.8881
20 261.2446 564.8208
21 837.1442 375.037
22 909.3311 401.2821
23 321.7092 470.3873
24 504.4651 251.297
25 114.7195 237.6086
26 918.2957 458.9994
27 846.0394 741.3962
28 813.8062 782.6331
29 890.8493 340.5148
30 51.11154 362.0138
31 410.8958 596.7013
