1 263.8012 493.8251
2 899.2181 624.9594
3 65.52003 651.8531
4 87.50262 704.6192
5 514.7534 934.6286
6 173.0587 594.5018
7 374.3176 558.3217
8 313.0535 671.2101
9 288.1571 616.0718
10 185.0963 653.3928
11 183.6948 529.1677
12 320.082 530.9708
13 705.9972 805.2011
14 771.9526 308.2833
15 42.62191 404.7323
16 338.9405 76.36671
17 752.8757 251.5544
18 260.2638 108.9515
19 48.82771 586.7474
20 268.2539 560.3665
21 824.7749 359.5951
22 905.4407 389.376
23 326.2471 465.9156
24 523.4985 250.7635
25 106.225 249.5594
26 916.2821 449.1155
27 841.2897 746.7943
28 810.7241 786.3144
29 886.9522 331.6473
30 51.12661 352.3447
31 427.3659 584.7818
