1 794.4228 788.01
2 659.8743 895.5265
3 31.83721 499.8057
4 135.0977 638.907
5 911.3551 447.6456
6 290.5423 93.08381
7 474.8276 482.2063
8 511.6719 883.4547
9 876.113 682.3347
10 291.8163 588.2695
11 251.2284 873.2601
12 230.0092 476.296
13 47.51837 382.5545
14 715.8372 303.4788
15 778.9869 187.9044
16 544.3498 736.9105
17 823.9333 681.2524
18 170.0211 690.4077
19 462.4283 201.7477
20 536.073 507.3305
21 830.0482 462.5475
22 845.7168 740.4137
23 524.518 445.2488
24 62.10942 329.2553
25 322.6511 270.8401
26 780.5908 724.314
27 105.7048 326.4314
28 40.49153 443.2609
29 701.6722 874.6232
30 808.8251 293.6048
31 528.7409 381.4234
