1 613.8818 651.8009
2 386.5423 475.6539
3 662.1069 794.4104
4 328.6228 437.299
5 165.2609 555.3622
6 194.2163 223.196
7 909.0617 403.5875
8 664.9498 612.4467
9 728.5316 628.4125
10 916.3 547.2985
11 692.9391 113.2744
12 197.9784 608.6545
13 329.0873 80.27591
14 46.29501 387.8624
15 603.4634 768.7771
16 318.4988 376.0558
17 247.4879 553.583
18 725.1199 851.183
19 724.4371 202.9151
20 595.7436 920.0952
21 303.9574 492.1012
22 75.949 680.7065
23 148.5063 478.5515
24 259.7657 442.3301
25 215.0407 397.3708
26 475.03 295.8749
27 188.6194 163.8103
28 394.1141 285.6234
29 533.3504 663.4321
30 882.2339 668.0352
31 394.4769 927.3135
