1 396.5458 502.4947
2 530.9556 59.92248
3 431.187 455.0426
4 587.869 922.462
5 554.256 414.1319
6 578.7714 64.50931
7 494.445 68.98771
8 490.048 445.9675
9 368.3707 663.0846
10 348.3059 443.4467
11 429.9216 213.4922
12 290.4464 432.315
13 890.742 593.9721
14 406.1609 742.1095
15 205.3932 160.3389
16 666.3839 99.84886
17 452.4585 54.47701
18 268.1448 489.7412
19 86.7505 353.6771
20 400.3316 403.6506
21 423.7892 685.3467
22 249.6773 114.8008
23 476.6162 722.0338
24 775.0809 309.0941
25 456.9091 613.2569
26 332.1837 504.5899
27 767.5779 828.0708
28 646.491 289.7453
29 438.9008 140.3359
30 383.9924 342.6198
31 35.64959 537.6296
