1 272.5841 206.1034
2 846.6249 739.6125
3 364.9835 465.8652
4 86.68059 701.7525
5 650.0188 704.5818
6 255.357 876.4887
7 279.3256 324.3486
8 600.8807 506.8549
9 66.89057 427.7042
10 366.4603 919.3389
11 157.5956 800.1224
12 573.5454 412.6021
13 624.7837 800.7102
14 730.8126 138.45
15 115.838 238.0011
16 194.9695 161.67
17 552.9148 333.5278
18 306.1829 150.7312
19 309.1856 429.4288
20 426.7837 331.3565
21 571.2394 123.2753
22 837.9462 260.4501
23 488.3393 327.1942
24 739.2744 415.121
25 150.6748 198.2705
26 864.0255 291.0014
27 785.3449 813.091
28 744.0854 847.2462
29 753.6784 477.3774
30 97.49244 343.3758
31 598.2398 286.53
