1 365.8387 554.9055
2 544.0777 61.29501
3 414.3736 510.8646
4 561.8876 928.0993
5 529.8212 358.0078
6 590.2869 69.56753
7 516.0411 85.6246
8 474.951 489.045
9 408.3639 697.8919
10 354.6723 484.7673
11 446.9016 274.2131
12 299.0313 477.8644
13 862.0436 635.7233
14 454.1684 782.4844
15 244.0915 207.5473
16 641.6219 89.30648
17 473.9888 89.41613
18 228.8004 445.8605
19 76.41 304.0578
20 377.6569 425.7028
21 461.8662 723.7212
22 230.3003 148.7662
23 533.9002 704.2581
24 815.4661 335.3749
25 499.2132 651.2574
26 305.4156 560.2422
27 796.5322 801.171
28 689.1599 253.6633
29 400.1053 174.3495
30 422.9998 370.5734
31 38.32192 558.1001
