1 808.305 433.4275
2 835.0668 614.9255
3 129.9702 707.334
4 448.6035 855.2261
5 531.1521 333.449
6 762.9887 398.8046
7 737.8716 638.863
8 719.8205 481.1833
9 869.0592 298.2018
10 850.8864 477.3301
11 590.0759 915.5703
12 234.7531 505.1384
13 60.36684 553.5979
14 283.528 201.5514
15 841.7751 729.2617
16 882.9353 360.7217
17 906.4556 598.6826
18 504.7315 927.4174
19 76.68119 302.6847
20 790.0954 685.4244
21 413.8824 752.7373
22 917.0488 461.3875
23 500.6865 582.3999
24 34.57725 498.6288
25 372.2088 588.7924
26 532.5643 658.5687
27 130.9907 215.1602
28 234.1766 394.7263
29 522.0984 842.3015
30 228.943 237.6027
31 592.8898 72.9737
