1 552.9948 681.8358
2 384.0802 65.60663
3 719.0578 864.9569
4 807.981 788.8896
5 624.6366 527.6396
6 59.70586 654.8531
7 820.7481 223.6016
8 317.0833 526.61
9 373.6672 569.4985
10 763.6236 833.8424
11 727.1338 135.5931
12 280.475 130.9556
13 536.7164 174.593
14 50.83418 364.636
15 137.9964 774.4099
16 336.8656 415.5132
17 212.5834 139.1417
18 918.3197 519.2965
19 174.9649 430.0022
20 326.4289 786.6736
21 363.527 741.927
22 113.2415 436.8501
23 216.2224 304.2921
24 93.18421 713.6772
25 326.4213 97.45219
26 444.896 56.46717
27 187.0141 521.778
28 842.9405 741.5467
29 858.1519 276.0365
30 410.7368 472.2938
31 565.7543 928.3726
