1 331.6285 894.4634
2 579.9778 219.0444
3 145.6369 577.1147
4 153.4407 637.426
5 918.635 513.5672
6 331.0709 313.0385
7 547.761 59.22231
8 470.3951 621.7805
9 338.6094 834.7058
10 109.3346 526.7751
11 747.1749 151.2017
12 216.8682 579.4015
13 47.28199 612.7838
14 717.5059 468.1193
15 511.3905 327.1922
16 275.4946 870.9671
17 268.9949 812.5157
18 544.8677 167.6354
19 693.0041 721.1778
20 646.6937 902.1544
21 901.2584 366.874
22 72.44299 671.9017
23 727.2417 661.2591
24 51.91607 366.1528
25 225.02 638.0667
26 373.3551 138.3449
27 879.5464 317.2165
28 386.9817 925.2717
29 431.3166 142.8656
30 485.5557 56.5864
31 730.5948 530.8767
