1 304.9347 900.0769
2 605.016 363.0487
3 262.9391 448.1302
4 300.7323 553.8421
5 906.3953 595.0914
6 515.7248 423.686
7 650.3695 91.99655
8 640.6459 620.7058
9 364.3914 923.1908
10 220.617 399.6705
11 683.9448 177.1216
12 326.767 476.9323
13 46.66104 606.3987
14 757.7823 636.5838
15 596.0212 497.4593
16 434.1293 821.3394
17 384.5941 687.9015
18 519.6193 360.3724
19 822.2852 683.6389
20 759.2927 813.7395
21 883.3746 329.1482
22 87.9501 708.2736
23 695.9131 577.4053
24 34.86849 474.4945
25 357.0587 528.7086
26 274.5073 263.2259
27 859.6948 279.7407
28 516.2994 908.0464
29 437.0797 291.8666
30 617.6216 140.9801
31 846.2225 627.148
