1 705.4729 694.3383
2 267.6151 135.1064
3 725.8295 846.8176
4 780.6238 816.9952
5 555.1755 390.9197
6 155.7006 598.5444
7 735.7658 140.2911
8 405.5312 632.6345
9 460.2013 656.7749
10 775.4184 739.2065
11 586.9029 70.85644
12 218.0524 135.9692
13 630.8706 299.7338
14 40.55598 420.3416
15 250.6599 872.9689
16 450.1667 458.1423
17 176.4159 167.0428
18 913.8073 427.907
19 81.8699 522.6974
20 305.8477 663.2807
21 501.6135 699.6771
22 98.98892 297.965
23 184.6701 458.6586
24 126.2102 651.844
25 340.4502 256.9647
26 312.465 85.36467
27 190.4433 659.7967
28 820.272 772.324
29 782.6648 180.3049
30 291.9649 426.5182
31 624.3781 910.8367
