1 557.1713 64.15085
2 731.0708 864.8175
3 158.0926 276.3331
4 189.3571 830.6953
5 340.8317 811.5596
6 635.0682 413.6717
7 637.907 86.30847
8 571.8669 583.9182
9 104.3052 251.3486
10 296.2956 893.5705
11 720.2292 812.8324
12 223.7165 243.5794
13 281.5713 780.0562
14 910.8009 418.5242
15 243.2651 118.3684
16 560.2698 423.2734
17 267.2406 834.1805
18 331.9234 207.1967
19 490.3564 58.65525
20 551.7671 184.5256
21 294.1032 95.12969
22 487.5632 188.6416
23 357.9538 68.69894
24 538.4195 878.1155
25 427.4336 219.3874
26 735.3269 518.03
27 679.0693 863.7441
28 637.7958 906.7422
29 389.5689 926.6672
30 145.4163 787.1445
31 490.575 328.0569
