1 399.0507 773.4095
2 566.3733 857.2989
3 105.2022 633.5188
4 91.35525 547.2135
5 698.1855 365.1485
6 868.3415 528.3941
7 850.52 263.5766
8 342.3323 667.9872
9 564.7992 928.4118
10 158.1233 555.0789
11 499.2289 853.7543
12 336.7985 523.2691
13 283.0793 494.6613
14 846.3439 714.6293
15 448.29 457.9202
16 791.1539 805.1567
17 823.2706 759.3396
18 515.3253 678.3195
19 656.2753 317.9094
20 911.993 424.5395
21 759.1935 160.1158
22 307.4117 869.5405
23 750.3627 334.0377
24 32.65247 482.8405
25 355.5575 725.2454
26 45.46367 379.3475
27 544.3664 61.26241
28 655.187 426.822
29 508.6379 914.4079
30 917.3039 489.1245
31 709.4115 284.4284
