1 449.3412 445.2448
2 553.1866 63.01285
3 642.2783 573.932
4 594.3169 920.0911
5 208.2179 384.4547
6 67.59324 451.3524
7 267.6125 363.6442
8 446.9539 289.9483
9 472.2466 350.3162
10 656.1992 140.4066
11 269.4731 885.0794
12 339.2246 435.8669
13 329.6684 553.1979
14 881.3986 600.6367
15 795.242 192.4773
16 301.5041 312.0957
17 859.0002 268.1714
18 274.3786 430.5769
19 101.4568 257.4148
20 68.97854 668.5615
21 775.7007 523.2225
22 460.9487 68.59248
23 347.1752 357.0627
24 802.5389 627.3782
25 812.8772 289.9566
26 535.3256 900.2093
27 750.9531 449.2269
28 898.6652 368.8511
29 241.7939 691.0105
30 770.4121 246.8909
31 29.90489 504.1359
