1 359.7419 267.3816
2 849.4377 733.3997
3 296.9343 538.9719
4 74.46765 680.764
5 665.2409 809.829
6 245.8187 870.2507
7 271.6275 417.3057
8 519.7714 561.975
9 165.3491 438.4166
10 299.9561 896.5911
11 176.6612 818.8673
12 534.2031 495.8584
13 708.3407 858.3517
14 769.2967 167.8605
15 94.65404 268.2805
16 251.029 113.826
17 560.4151 324.6517
18 221.745 175.8321
19 253.2975 494.7054
20 416.6557 401.7553
21 652.4736 170.0075
22 867.0017 299.4283
23 530.9607 383.094
24 728.7738 358.6641
25 130.0551 217.1294
26 888.2933 336.6691
27 805.5272 792.9217
28 766.3774 829.4589
29 788.1669 388.1918
30 138.0579 285.3517
31 602.883 370.2007
