1 715.079 126.6457
2 499.8911 112.8776
3 440.781 232.415
4 351.4944 315.3064
5 329.5324 535.1844
6 320.9145 477.9163
7 450.8647 161.4174
8 420.474 407.0396
9 203.5699 592.1004
10 738.1966 266.5592
11 434.0464 699.4933
12 38.07947 558.3783
13 804.3959 201.5072
14 311.1395 611.6309
15 239.9447 761.9757
16 842.3283 250.9117
17 666.6613 397.2853
18 255.532 642.109
19 262.3075 568.1113
20 423.3201 793.9191
21 852.6425 499.5248
22 162.9144 179.0383
23 283.3742 97.05764
24 732.0482 772.0775
25 635.0149 491.8221
26 618.6284 912.452
27 187.8708 826.6872
28 495.1545 933.6826
29 750.2448 828.1926
30 677.364 887.8546
31 358.5828 413.0255
