1 666.0109 475.0265
2 777.6978 720.3512
3 230.3304 803.4701
4 547.8261 781.1078
5 612.3755 441.8495
6 672.1037 270.0381
7 638.9531 726.8655
8 609.6342 515.9882
9 878.2411 369.9373
10 723.3909 445.3544
11 428.2364 912.0015
12 324.8021 600.2813
13 32.80561 486.6587
14 393.467 87.53748
15 867.1568 607.2842
16 800.2027 399.4068
17 820.4015 550.764
18 359.6314 864.3999
19 63.42932 329.8386
20 699.9376 718.8294
21 512.9402 727.1092
22 914.6442 557.3506
23 553.8816 472.3726
24 42.61437 407.808
25 498.1181 522.8819
26 666.4815 667.8669
27 91.02516 275.4808
28 132.6528 497.6356
29 570.6926 705.7115
30 359.4229 177.8837
31 484.4885 55.58641
