1 319.2472 413.9842
2 387.5378 735.314
3 607.4236 709.7101
4 511.2274 217.393
5 802.786 797.8363
6 142.9022 632.7943
7 160.4541 690.6008
8 812.6232 561.6079
9 590.9457 773.2423
10 717.2239 722.7116
11 214.5999 743.9121
12 54.53412 622.7346
13 643.2185 738.5826
14 620.5543 650.8453
15 765.2202 182.9613
16 327.1083 751.873
17 607.2615 504.2499
18 267.9677 883.0963
19 567.4459 926.8898
20 825.5126 229.6519
21 520.0582 641.3365
22 848.1065 732.3149
23 626.8746 429.7152
24 90.09104 382.9051
25 788.372 733.1663
26 797.982 651.508
27 909.7342 407.1098
28 248.4414 117.4928
29 93.8467 268.9157
30 104.1085 516.5079
31 901.8646 608.5084
