1 219.6104 619.4153
2 521.6872 222.4644
3 406.5879 512.8327
4 325.0643 808.3658
5 535.6046 607.57
6 83.94178 321.7009
7 172.5792 177.5197
8 449.6235 778.0458
9 264.0489 449.5051
10 224.0576 501.4164
11 276.5234 143.951
12 410.6827 448.5567
13 369.2166 579.0024
14 218.7083 136.6934
15 147.4473 347.8663
16 402.5565 679.6418
17 452.3918 645.658
18 774.2273 328.4936
19 354.5482 751.7373
20 413.7657 874.0102
21 815.8209 373.9238
22 395.5749 616.7749
23 890.4097 478.9034
24 51.08814 372.5218
25 497.6158 514.7149
26 595.4362 145.8933
27 915.2658 436.9486
28 614.2911 721.0823
29 500.4327 56.91077
30 402.0532 299.8804
31 306.9152 546.8252
