1 315.1448 578.2639
2 567.845 65.49222
3 269.8168 686.3729
4 211.7381 847.102
5 725.5845 414.9085
6 141.2604 210.1223
7 406.843 217.6373
8 447.5496 935.6137
9 313.8471 639.2206
10 257.5898 543.4023
11 532.8299 162.4094
12 420.4581 642.3591
13 250.7112 600.4252
14 476.8573 188.7513
15 193.521 156.7188
16 273.4655 870.2735
17 298.0661 811.4034
18 739.1765 143.6449
19 487.0242 884.2864
20 509.4512 936.0094
21 907.1805 397.0448
22 232.472 638.9347
23 914.2461 554.2566
24 43.65425 406.1674
25 328.8681 711.4806
26 482.0824 57.41234
27 890.3322 342.1025
28 368.6627 758.4235
29 398.5416 62.19523
30 516.1175 96.69415
31 423.7103 500.3365
