1 275.9236 385.5969
2 675.9037 495.3472
3 122.2279 647.4588
4 162.765 803.1263
5 491.9164 933.9735
6 38.04962 479.0567
7 398.9032 371.3519
8 127.9237 712.6786
9 105.6568 569.9778
10 47.12158 528.3335
11 182.9531 202.212
12 161.67 602.428
13 616.0528 532.3841
14 480.9316 410.5493
15 40.50803 571.8106
16 448.4149 285.8192
17 789.1558 454.5503
18 360.1403 239.8274
19 64.62883 659.1122
20 195.6919 684.8938
21 718.7091 455.2273
22 736.5736 517.1821
23 510.9722 279.6715
24 241.0554 237.6384
25 324.3849 142.5627
26 918.3449 465.8063
27 871.9386 696.7154
28 845.842 740.1269
29 803.9853 202.8251
30 80.41198 295.6623
31 189.5915 738.3056
