1 599.9239 358.7508
2 285.7757 193.8783
3 755.1168 509.4644
4 723.0688 861.0972
5 129.9636 361.7557
6 400.1871 284.3199
7 641.8109 313.7324
8 533.0702 343.853
9 764.4837 425.7053
10 713.9543 364.1487
11 244.2027 133.6055
12 167.1619 176.4035
13 802.309 472.7698
14 35.46835 516.7636
15 193.2157 761.0022
16 705.6995 426.4574
17 140.9933 212.6777
18 825.6536 227.7778
19 66.27631 659.8753
20 364.6493 363.6518
21 695.4115 488.7056
22 111.6549 247.208
23 597.4974 474.3227
24 258.3011 299.4245
25 648.5611 448.5078
26 197.7585 147.4256
27 129.0889 763.9231
28 816.3828 778.2447
29 574.7061 300.8177
30 79.01368 293.5606
31 673.623 888.6597
