1 727.2735 134.4788
2 475.472 841.8428
3 357.3626 605.6504
4 59.00137 645.9393
5 459.9583 431.3986
6 817.4134 215.776
7 547.7727 60.94953
8 608.674 283.8082
9 104.9866 289.6913
10 135.7579 774.7289
11 621.8558 743.5832
12 374.4362 407.1224
13 258.2634 878.1688
14 805.3716 273.6777
15 454.7293 56.74727
16 905.1544 387.6439
17 196.1975 833.3253
18 144.7548 327.0267
19 577.0308 429.5698
20 476.6685 512.5374
21 498.1622 55.97346
22 630.8582 85.79213
23 542.9306 302.8327
24 309.3084 738.6136
25 119.4208 231.0398
26 815.7674 779.3987
27 863.3272 709.5301
28 572.0405 772.8475
29 550.2155 927.4399
30 426.693 797.4052
31 818.0592 498.4177
