1 636.2028 667.6148
2 741.7262 848.7919
3 257.7204 634.8248
4 413.9835 595.4846
5 758.1368 580.8927
6 502.0805 117.6818
7 463.7522 640.3168
8 571.0796 653.4496
9 915.6454 558.256
10 533.0496 491.383
11 154.4309 798.6336
12 459.8924 462.4667
13 34.48049 447.5146
14 543.0807 75.62383
15 890.3221 391.0735
16 591.8588 520.4918
17 742.6092 685.8568
18 402.403 662.8548
19 218.2912 315.7009
20 511.4462 681.3972
21 592.8057 585.1589
22 876.2781 685.4012
23 358.3237 332.6262
24 42.32858 396.1908
25 514.3778 361.0922
26 847.0189 739.4721
27 66.14899 336.4452
28 33.82391 524.9924
29 687.0684 711.4111
30 599.6047 197.03
31 464.5578 250.5312
