1 701.895 117.8249
2 599.9669 73.50816
3 349.4254 355.5579
4 356.2858 465.2852
5 485.0493 621.1315
6 459.8955 564.9445
7 553.4522 228.5167
8 506.1181 521.983
9 120.1105 442.2053
10 603.7964 269.9087
11 344.207 791.8783
12 51.18288 617.6946
13 769.443 246.1877
14 180.6945 719.3318
15 298.421 834.3824
16 826.711 224.2104
17 519.2605 432.9058
18 99.76676 557.81
19 164.7292 488.4138
20 330.4132 885.3827
21 908.8011 589.3644
22 124.5479 229.137
23 163.0358 181.1099
24 607.2702 705.9775
25 674.426 644.201
26 587.3843 767.1876
27 259.8469 878.1675
28 567.7816 925.3305
29 831.4425 706.7572
30 594.3535 868.9336
31 445.0996 505.0903
