1 712.9843 758.5814
2 604.0564 918.3458
3 33.26648 534.982
4 211.1185 703.8165
5 810.377 248.753
6 485.1853 139.0892
7 678.6544 403.4966
8 552.863 928.6969
9 727.0353 696.0048
10 77.01212 676.938
11 275.6106 887.8595
12 328.8834 681.5801
13 77.10864 301.03
14 777.7896 557.9046
15 611.7474 76.75074
16 698.4021 863.01
17 757.3941 834.9957
18 190.0655 760.054
19 547.1156 62.26982
20 730.3273 428.0635
21 890.7965 344.8308
22 655.2405 775.7784
23 784.4473 345.1862
24 122.8376 227.4198
25 136.0515 301.1913
26 517.8596 632.1938
27 203.5107 147.1713
28 196.8964 324.0298
29 651.9016 899.4259
30 885.3567 435.294
31 757.5529 287.6689
