1 389.5563 555.1703
2 576.7224 67.50529
3 518.7053 519.4265
4 474.1175 935.46
5 278.5004 471.9413
6 57.56444 569.8184
7 339.0836 496.1892
8 317.9406 362.0794
9 396.9023 456.9429
10 505.7793 142.0154
11 245.0079 871.747
12 335.7767 584.9393
13 173.6637 561.795
14 808.6825 471.6654
15 709.9287 122.4459
16 217.3902 417.4091
17 840.9854 370.4394
18 232.3491 542.8216
19 169.8292 176.7732
20 57.47029 641.3604
21 714.9234 408.2955
22 478.0455 56.91848
23 340.195 430.8015
24 699.759 703.37
25 773.6532 172.8055
26 615.9663 760.8379
27 715.6499 334.9958
28 887.4445 336.5829
29 138.5558 780.4448
30 688.047 178.966
31 34.39797 505.993
