1 428.5215 569.6464
2 315.606 828.278
3 730.1142 850.2653
4 391.7619 353.0144
5 201.9698 837.7239
6 550.8957 811.1241
7 548.7072 929.9434
8 648.7099 637.0092
9 447.3723 725.81
10 405.0783 842.8569
11 661.8639 894.3352
12 104.8521 726.3269
13 865.0368 480.5669
14 477.6127 784.9857
15 650.9309 565.6527
16 921.2768 498.9378
17 582.8603 764.4159
18 186.4372 634.175
19 701.9952 874.8183
20 857.9496 275.848
21 769.2962 824.5438
22 631.0332 846.1691
23 685.0542 380.1858
24 659.0186 92.93724
25 237.1547 695.3108
26 252.9345 875.2021
27 687.8373 152.6532
28 53.45856 587.577
29 237.8792 545.696
30 358.0332 639.0659
31 247.1272 381.4019
