1 446.4432 457.0966
2 590.9027 498.7093
3 602.9975 288.3973
4 742.0649 310.139
5 681.9044 867.0591
6 411.6997 293.7263
7 292.6329 137.9951
8 461.4579 397.1732
9 68.51849 320.3119
10 529.3205 118.0618
11 834.207 246.1701
12 201.0778 839.1991
13 523.3044 371.5744
14 694.6665 806.383
15 149.2986 792.6167
16 462.4177 812.4322
17 823.5036 767.7013
18 363.3137 368.3876
19 95.65065 263.8184
20 424.5341 125.22
21 480.35 155.6243
22 641.8179 240.6731
23 440.0933 58.59695
24 475.3516 86.35103
25 603.5256 768.4797
26 64.98874 654.8989
27 780.5971 580.1628
28 817.2454 531.7277
29 366.7413 567.8499
30 380.6786 65.05209
31 519.078 57.87517
