1 769.4891 548.5922
2 189.3732 201.1293
3 716.5092 700.1753
4 720.8885 864.0216
5 398.8044 310.9601
6 263.5677 499.4613
7 683.3632 112.693
8 535.5102 560.8543
9 601.6789 587.8357
10 824.933 585.9987
11 430.3499 57.68783
12 171.0447 161.1532
13 738.5517 404.61
14 41.24163 423.6146
15 202.9029 839.9891
16 584.7621 525.0099
17 140.1765 201.1006
18 900.9239 373.0621
19 61.64594 647.3945
20 276.9086 550.0064
21 644.742 681.4937
22 114.9633 240.8545
23 344.4296 494.9992
24 218.129 535.5209
25 408.2122 407.1616
26 216.9449 134.8645
27 128.5941 767.139
28 803.4517 792.9749
29 736.9458 150.588
30 164.8777 324.4706
31 560.641 927.101
