1 384.4904 320.5673
2 555.7285 725.4361
3 704.2592 827.4816
4 578.8492 159.178
5 421.8231 523.4365
6 236.8657 176.2652
7 699.3661 613.463
8 684.1027 337.4671
9 705.9052 875.5247
10 777.9582 687.8905
11 600.1215 409.5797
12 35.41433 532.9595
13 427.4005 112.8865
14 350.3932 569.8495
15 532.5199 931.5179
16 632.7749 277.5522
17 74.61803 660.218
18 471.3129 933.0599
19 864.8684 583.8658
20 632.9718 585.368
21 402.6943 850.4698
22 339.431 853.2932
23 558.6461 362.0473
24 664.4221 411.9878
25 338.3506 793.7437
26 269.0731 607.9339
27 349.7608 73.39274
28 28.40629 476.3467
29 142.9065 762.9106
30 834.174 664.5656
31 98.52691 725.0624
