1 611.3785 793.3038
2 580.1007 921.67
3 30.48581 514.7183
4 301.9668 674.3697
5 753.9413 157.1538
6 577.46 209.163
7 757.6968 366.3514
8 539.2756 888.1584
9 634.5759 723.3857
10 69.07805 666.2577
11 361.7988 917.2894
12 422.3707 685.7347
13 86.42421 285.2792
14 815.926 653.3685
15 574.7011 64.53855
16 727.0013 857.6941
17 778.2387 819.0554
18 290.0647 751.3071
19 512.4571 56.57938
20 805.6519 401.5809
21 870.9992 298.3091
22 588.9511 851.0762
23 825.4947 258.3019
24 119.6491 233.6381
25 137.8152 400.3976
26 409.1702 617.6201
27 262.3534 107.7455
28 296.9035 296.4201
29 628.2662 908.9206
30 918.8846 506.0997
31 778.0377 202.7341
