1 653.6259 517.7373
2 777.2219 762.6548
3 265.3199 811.0672
4 551.1687 751.1503
5 613.5696 468.9405
6 642.4566 233.7914
7 610.4127 729.4525
8 596.8017 555.1932
9 887.1877 409.8277
10 680.9649 443.9945
11 381.8022 896.3841
12 364.1691 603.8799
13 31.23595 476.1621
14 408.1516 60.81521
15 851.9049 581.4459
16 767.6965 420.4657
17 778.2386 563.9115
18 330.2436 831.8057
19 67.05236 325.4018
20 668.5884 736.4443
21 531.4084 694.1555
22 911.2935 579.3895
23 548.7008 427.7122
24 40.8951 404.2955
25 536.747 501.4802
26 689.0898 676.6875
27 93.54473 269.9222
28 91.55164 514.291
29 586.2817 670.968
30 399.3513 167.0364
31 470.2108 59.70653
