1 260.8708 499.5996
2 898.3198 618.132
3 70.59322 660.2146
4 91.73536 712.6644
5 502.5462 933.2847
6 158.4516 567.2528
7 371.5852 549.4559
8 293.8416 690.5012
9 267.2529 634.1123
10 181.6619 622.8694
11 176.4679 500.6023
12 311.0295 539.3482
13 700.0042 779.5268
14 752.6368 327.7763
15 38.87421 419.2361
16 357.2766 70.97001
17 774.96 267.8959
18 258.1185 108.196
19 45.94065 597.546
20 258.5805 567.0104
21 842.5498 380.1306
22 910.4393 406.4667
23 317.4374 470.9373
24 497.5745 252.0212
25 116.8031 233.4283
26 918.6354 463.3089
27 846.0495 741.6989
28 814.529 782.6418
29 892.1705 344.5415
30 49.86649 364.992
31 405.6851 600.511
