1 680.9189 543.3531
2 482.365 344.3447
3 560.1878 161.7325
4 587.7395 280.0182
5 640.729 667.2436
6 169.8114 392.1202
7 434.3379 297.5008
8 615.2735 552.7489
9 223.8951 274.1162
10 591.5096 110.5386
11 657.6747 96.05369
12 252.493 874.1043
13 572.7754 222.8922
14 843.4771 609.5969
15 201.597 840.3451
16 566.4658 678.177
17 897.3637 627.0646
18 540.1887 318.9843
19 116.7966 362.9443
20 509.9429 201.6166
21 669.6961 219.4317
22 811.3254 212.2995
23 509.5005 56.70913
24 336.756 206.8449
25 385.5753 812.9034
26 58.20196 639.7556
27 917.8691 534.6604
28 907.8826 587.8328
29 189.5563 455.1962
30 448.9431 65.80522
31 519.8204 111.5
