1 231.0145 205.8599
2 820.7691 773.9113
3 403.0542 406.9329
4 113.8361 747.7701
5 607.2765 645.9115
6 252.048 875.1345
7 315.0264 268.8534
8 619.1686 440.3629
9 32.74073 467.1111
10 414.196 928.8209
11 169.2109 806.9309
12 554.0884 370.1313
13 573.7471 748.2361
14 676.1457 104.2657
15 131.8605 217.4106
16 204.8602 144.7418
17 492.7152 365.9598
18 381.6536 142.8993
19 348.8874 378.0501
20 437.7683 277.6528
21 505.3009 100.7559
22 824.4269 237.648
23 494.6727 244.1618
24 737.0988 468.6885
25 159.8872 178.1088
26 850.2861 267.9596
27 773.496 823.9967
28 730.1829 856.4883
29 716.546 527.0426
30 48.27774 389.012
31 570.3337 224.038
