1 489.6731 319.3527
2 394.6895 303.4682
3 580.7204 416.5582
4 707.9126 524.7955
5 883.8323 507.6078
6 873.6056 400.5679
7 231.6344 232.936
8 595.5063 271.2298
9 32.62167 460.2363
10 651.8383 561.3516
11 545.848 865.5838
12 88.58306 706.7774
13 906.1955 471.68
14 190.219 830.2987
15 636.0107 857.6924
16 466.3009 372.189
17 658.27 623.7112
18 343.6025 569.2118
19 120.1845 231.5959
20 353.9919 662.3527
21 739.3549 598.2838
22 387.3312 123.9477
23 388.4847 62.62769
24 592.4774 524.1558
25 912.733 563.6407
26 125.2906 611.0076
27 507.184 933.7879
28 690.9861 879.9784
29 915.0766 431.8817
30 227.9817 633.5185
31 841.4614 447.7546
