1 302.2441 477.669
2 884.9772 664.3057
3 97.86739 632.0652
4 77.37004 687.5497
5 561.814 928.2085
6 193.726 663.7987
7 347.9921 558.4771
8 355.8077 634.3334
9 296.5657 601.7792
10 192.7481 725.3309
11 195.5968 600.5802
12 351.2942 511.9869
13 719.2185 862.3986
14 808.0835 253.9891
15 49.10691 378.4195
16 299.7616 91.55065
17 695.0565 239.3586
18 242.2671 120.2935
19 83.66973 569.6474
20 291.02 534.3169
21 789.012 321.1801
22 896.8297 363.8852
23 371.6017 454.8527
24 580.2528 254.2936
25 92.55258 276.345
26 914.6709 423.4851
27 835.6923 755.9659
28 801.3413 796.3891
29 877.4568 311.6815
30 64.71928 331.2786
31 464.4425 534.9456
