1 757.7396 158.1421
2 389.2594 120.5596
3 493.7355 193.3424
4 433.1747 243.2123
5 246.4741 468.7284
6 233.8898 392.4236
7 386.7303 183.9574
8 487.8477 330.9782
9 279.4381 618.546
10 829.9873 340.4426
11 494.3762 588.3976
12 37.79756 557.3136
13 841.3214 250.951
14 381.1683 550.0138
15 320.7622 666.2812
16 867.4543 297.7771
17 729.9613 449.7583
18 365.3783 613.711
19 322.9843 566.2556
20 508.8394 749.9436
21 796.7429 414.5416
22 245.2283 117.2044
23 393.7583 61.84079
24 779.9072 815.7954
25 668.1199 384.1353
26 545.9968 930.9099
27 138.9155 777.4337
28 459.5599 933.6416
29 728.7191 855.073
30 613.6152 912.4048
31 293.8251 326.2021
