1 354.2112 375.2877
2 449.1588 55.43996
3 804.4462 350.07
4 675.8014 890.8128
5 112.7615 586.1918
6 575.6164 80.45704
7 438.7724 291.5908
8 310.6304 415.677
9 752.6336 245.6276
10 575.1304 179.8391
11 225.1078 131.2509
12 253.914 261.1337
13 854.1414 271.3894
14 45.16521 593.1169
15 159.6218 520.8659
16 799.2352 290.7804
17 210.7986 213.696
18 799.1976 201.9969
19 63.2271 653.3546
20 416.7728 183.6949
21 729.9736 302.7432
22 137.0468 214.0121
23 659.3508 321.1498
24 354.4665 127.1292
25 646.9911 228.5754
26 186.9387 163.5907
27 329.3636 823.0466
28 727.158 857.1374
29 469.9388 151.5051
30 99.06898 261.751
31 651.9819 759.4799
