1 608.9346 726.9905
2 242.7706 606.4172
3 322.3816 496.4075
4 441.4371 540.1371
5 169.9595 575.8699
6 588.5826 589.068
7 425.0071 309.7017
8 536.9983 783.8222
9 387.0818 812.871
10 256.5614 113.5517
11 746.4223 430.9775
12 188.0899 633.2622
13 559.3822 258.9414
14 323.3076 332.9971
15 423.6566 936.6576
16 199.8079 805.7421
17 127.9443 619.513
18 349.9659 626.4371
19 396.8877 676.8731
20 285.2626 891.8118
21 64.28471 568.1415
22 372.2754 427.6832
23 819.9994 456.1201
24 441.6021 478.9933
25 255.1699 300.3515
26 444.7925 799.137
27 913.6192 429.7242
28 471.5048 935.5176
29 520.4846 933.5144
30 774.5579 314.9115
31 35.43493 423.6288
