1 414.5407 561.6768
2 315.3595 814.5968
3 726.1443 853.2578
4 393.9668 340.911
5 207.1278 842.348
6 561.1729 823.2781
7 541.8367 930.9933
8 635.334 633.3149
9 458.7715 717.1279
10 404.5621 827.8806
11 663.5189 893.5042
12 95.89639 715.5106
13 860.9696 495.3683
14 488.2842 774.7204
15 657.8342 552.7102
16 918.7687 510.0074
17 590.4339 776.283
18 172.9231 643.2042
19 699.7655 876.6138
20 852.4545 267.4679
21 767.5944 830.1853
22 641.6619 840.3003
23 695.1345 368.3334
24 652.6959 90.66091
25 239.6256 681.5034
26 259.8254 879.0518
27 691.9725 145.6407
28 67.30949 588.3074
29 242.077 534.1716
30 347.247 648.5755
31 259.0974 372.721
