1 659.8345 348.9573
2 310.4786 104.3388
3 509.2055 934.5081
4 567.4859 619.5921
5 434.9233 876.7249
6 365.7505 437.2723
7 898.8487 366.801
8 530.6569 275.1065
9 589.4647 290.9032
10 718.505 633.8858
11 881.5735 320.5972
12 278.4955 417.832
13 420.5886 59.23601
14 47.19199 429.8082
15 176.0154 666.8243
16 50.41623 377.239
17 124.1239 347.0236
18 893.064 647.7578
19 357.3941 219.7855
20 566.9413 912.694
21 108.4369 603.1122
22 54.0367 629.9965
23 414.9776 481.0664
24 40.63078 574.0052
25 169.3307 421.1547
26 484.5397 55.73427
27 70.8107 315.1806
28 601.7445 564.6333
29 850.3132 607.5491
30 774.7513 579.158
31 454.0316 932.2384
