1 489.9251 502.0078
2 192.4145 548.3973
3 340.5909 276.1986
4 615.4361 641.0851
5 541.5909 747.6507
6 128.7113 577.9651
7 55.00018 486.4554
8 468.4035 332.4323
9 274.4876 296.1891
10 306.337 481.6691
11 315.3855 419.8411
12 158.6652 803.163
13 683.1407 353.7155
14 547.9552 238.0379
15 485.3792 680.5017
16 183.445 614.6416
17 912.0811 562.2813
18 243.7546 615.0152
19 371.5444 737.8035
20 641.9043 87.55929
21 743.774 329.884
22 917.5128 501.324
23 848.9631 345.7044
24 40.43773 571.2784
25 228.277 763.2701
26 213.8791 671.8502
27 674.7204 626.5363
28 455.7194 556.4564
29 62.52286 332.209
30 559.0921 176.9505
31 418.8342 698.1344
