1 466.6151 458.5992
2 491.7947 55.94259
3 500.0948 406.4254
4 531.6811 931.549
5 591.7497 509.0795
6 542.6718 58.35502
7 456.2576 55.85543
8 545.4072 460.2829
9 333.7667 562.9948
10 346.7204 385.7224
11 393.7472 115.2657
12 240.8425 396.5052
13 916.6405 497.9107
14 324.7908 662.7892
15 176.4892 171.381
16 741.6291 144.5509
17 412.308 57.95169
18 365.7653 461.7519
19 100.4228 449.3705
20 433.2417 361.825
21 390.2916 593.0187
22 226.2741 130.7474
23 387.2172 652.944
24 693.1524 264.5683
25 391.5182 533.9425
26 414.732 417.8215
27 722.1485 861.3661
28 583.6745 370.9912
29 479.8465 115.556
30 303.9125 279.9935
31 123.1147 515.4591
