1 374.8092 507.0792
2 559.7654 560.582
3 724.3448 857.9601
4 405.7551 252.8255
5 364.144 436.9704
6 206.9972 154.0233
7 846.0379 542.5778
8 555.7175 444.0256
9 681.6592 849.8551
10 896.4828 572.4227
11 566.6415 206.4654
12 38.7551 569.7264
13 314.5605 84.96896
14 192.9199 440.6297
15 651.1916 898.0212
16 470.0286 244.137
17 54.98193 631.4479
18 593.7276 919.6798
19 861.6814 414.0311
20 629.8067 743.3231
21 374.5687 693.2729
22 272.548 687.9352
23 385.333 385.4482
24 481.6475 398.8015
25 361.7569 592.4889
26 313.7017 493.8563
27 252.9325 118.3942
28 152.8075 368.024
29 279.6916 748.5317
30 875.0285 684.1059
31 232.697 860.2933
