1 341.9699 362.5516
2 340.0733 724.9383
3 602.7039 682.6229
4 561.9424 214.2466
5 772.3114 819.811
6 95.67748 611.344
7 166.6023 643.2012
8 777.9009 592.4112
9 571.6607 733.4127
10 675.5303 750.5818
11 171.8582 702.9407
12 68.81482 666.8498
13 635.7005 704.3114
14 574.3502 642.4639
15 766.5834 235.9302
16 285.0019 753.3806
17 650.1698 477.9329
18 232.4512 860.9084
19 565.6656 927.5607
20 821.3526 224.2011
21 516.6896 597.8017
22 815.8287 732.6929
23 630.7396 377.7036
24 76.74746 425.8119
25 757.9447 750.6477
26 751.492 653.6243
27 903.7079 384.4935
28 219.9996 135.1603
29 79.68306 295.4426
30 147.19 490.5672
31 882.8386 642.7565
