1 515.2603 262.6276
2 442.6803 266.324
3 547.9451 469.2536
4 666.461 572.0121
5 850.8018 531.1906
6 852.3371 462.9721
7 257.3507 287.0538
8 656.2909 294.8548
9 32.30653 503.1729
10 604.5763 543.4051
11 475.2443 859.6896
12 80.81016 692.2104
13 883.445 504.9572
14 146.2728 783.9028
15 650.8627 901.5348
16 509.2676 321.038
17 600.5598 599.8766
18 281.8635 532.3094
19 123.1338 227.086
20 365.9241 714.4216
21 795.2744 616.2892
22 372.1094 174.1409
23 371.0393 95.023
24 538.5329 545.0108
25 901.7817 626.0132
26 195.8055 620.7395
27 461.2444 932.6443
28 705.0418 871.5001
29 918.728 474.5205
30 265.69 682.6337
31 796.6598 479.4349
