1 917.8977 522.5839
2 278.6741 889.0283
3 464.4916 287.4301
4 87.60224 699.9326
5 148.2278 194.934
6 88.57691 279.9883
7 605.3074 76.80304
8 568.5356 378.3737
9 155.6674 287.4059
10 414.2481 324.041
11 657.0295 96.42664
12 416.3038 500.4403
13 200.2066 418.6998
14 128.9731 235.6291
15 471.2252 463.1148
16 510.4643 364.4234
17 142.1697 386.8556
18 60.19742 638.8422
19 885.5316 673.6689
20 366.2976 922.4104
21 345.7046 220.4802
22 713.0634 175.5132
23 869.6592 383.9626
24 32.77246 473.2888
25 349.2131 292.8561
26 902.9288 611.41
27 918.5507 462.8676
28 578.4678 923.4376
29 698.5464 877.695
30 581.8216 589.2018
31 631.2571 339.5015
