1 639.2293 651.7693
2 746.7166 844.9847
3 267.4343 646.2338
4 425.7852 606.8363
5 745.1519 576.2013
6 506.233 121.1636
7 472.1284 649.9192
8 575.6952 651.7693
9 914.9311 557.6029
10 545.0432 481.8024
11 169.5414 806.2866
12 463.9959 474.485
13 35.32571 446.9345
14 529.1691 69.87515
15 884.8404 404.2518
16 603.191 511.7162
17 733.1054 677.7116
18 401.3926 665.3197
19 203.8926 318.788
20 524.5332 689.0433
21 580.9727 588.9014
22 874.6976 688.6492
23 371.3528 326.3083
24 45.58743 390.4385
25 521.5734 373.3617
26 846.2406 740.3154
27 62.74779 332.0872
28 34.84481 530.6222
29 679.7012 700.9676
30 585.7 194.3755
31 461.6405 235.7889
