1 516.3065 840.5994
2 528.7332 935.2259
3 33.43817 533.8648
4 282.3381 558.6244
5 613.9481 161.1731
6 732.0123 353.5199
7 884.8077 331.5233
8 519.3373 732.0137
9 594.5279 861.9521
10 45.19518 595.316
11 443.6948 933.4645
12 493.7533 544.6649
13 160.7001 333.0267
14 838.6141 750.2597
15 488.5052 203.5467
16 767.3532 827.8976
17 801.858 793.5947
18 453.2352 827.2192
19 588.8722 110.9026
20 906.3261 395.0922
21 801.3802 200.6185
22 492.9243 896.6045
23 739.3362 141.6597
24 89.30918 279.241
25 215.8897 561.4129
26 272.6473 493.4356
27 390.5174 62.66084
28 479.6258 266.8582
29 590.6361 923.2961
30 917.1172 522.174
31 677.7215 102.4866
