1 573.1463 698.3456
2 665.8498 97.85024
3 368.3545 669.2358
4 468.3744 935.2313
5 472.6447 527.8539
6 31.73835 521.4447
7 456.6962 640.214
8 283.5084 572.4544
9 553.2167 627.3667
10 350.7438 340.3232
11 253.5166 877.3324
12 495.0502 700.2224
13 82.76846 406.4408
14 601.2352 346.2828
15 724.7473 134.1631
16 131.7658 639.9386
17 916.7227 548.2368
18 58.44505 639.6787
19 195.5693 152.6374
20 40.94862 584.1023
21 557.2692 271.8728
22 536.6824 61.32663
23 542.5024 524.5751
24 555.24 842.9691
25 671.8359 206.4028
26 659.6299 525.7098
27 732.119 215.544
28 783.4709 179.4135
29 99.65176 725.1554
30 465.1135 110.976
31 136.9664 297.5982
