1 507.1527 619.7745
2 334.1901 77.48459
3 702.3141 875.9538
4 808.7873 787.2506
5 631.6862 604.6818
6 54.17709 608.8619
7 857.8569 272.715
8 317.2416 452.4559
9 376.0129 499.0251
10 764.3791 829.3602
11 778.6743 180.2418
12 298.3671 179.9707
13 492.9631 115.7699
14 42.44664 397.4209
15 138.3375 780.368
16 273.7358 403.8563
17 193.9801 156.1605
18 917.3648 526.3035
19 196.1809 384.1613
20 344.2066 824.0146
21 302.568 776.4913
22 107.0206 483.1455
23 287.0589 276.5272
24 70.17724 667.7429
25 287.5539 116.9869
26 513.891 56.08575
27 168.2764 461.2245
28 842.7129 737.4948
29 885.4098 331.3719
30 478.5171 485.5575
31 606.7754 916.4314
