1 279.3983 886.8572
2 663.1535 456.0418
3 332.1057 406.4835
4 392.2385 606.2733
5 896.8886 494.2575
6 581.9719 517.8265
7 669.4922 101.4357
8 688.5955 722.4517
9 381.9291 925.1702
10 196.5659 335.9977
11 634.3521 280.7362
12 429.9864 507.8255
13 42.92804 590.9315
14 775.8831 750.5346
15 609.4377 616.9245
16 532.0462 779.6935
17 475.2132 635.1149
18 525.5757 489.9286
19 873.5119 696.576
20 835.3143 755.9649
21 870.5838 301.1699
22 88.55939 706.6645
23 728.1367 469.8223
24 37.34338 433.2968
25 439.5009 567.6383
26 149.8223 292.4619
27 839.3495 243.6791
28 630.9217 873.2969
29 498.1784 381.942
30 688.1225 186.7581
31 899.2529 639.2309
