1 518.146 414.5622
2 296.4381 92.93038
3 623.1154 911.9049
4 671.3004 681.3676
5 535.8149 781.8201
6 233.3319 535.4194
7 900.9749 369.9388
8 383.0116 307.3904
9 477.5104 339.4385
10 664.3328 767.0279
11 877.5178 314.2179
12 245.6057 319.485
13 356.4357 67.03461
14 50.97982 366.1678
15 84.85826 699.2395
16 174.5275 381.523
17 144.7174 207.8573
18 901.2207 617.4297
19 303.7811 286.8948
20 480.2305 860.132
21 155.8783 703.03
22 69.56554 585.3131
23 418.9079 359.6728
24 34.40615 529.7513
25 199.0891 283.2839
26 417.0035 57.82871
27 112.2663 355.676
28 710.1027 635.5745
29 918.1725 495.4227
30 650.4938 543.1749
31 562.6227 926.7924
