1 563.6471 170.0005
2 722.3049 852.5066
3 158.4326 434.1953
4 152.925 788.894
5 415.2015 666.2454
6 780.7367 323.7378
7 539.9901 58.92297
8 681.4991 502.3681
9 132.7038 215.7114
10 215.9748 848.181
11 761.4784 833.6035
12 227.101 394.5548
13 339.292 870.7406
14 908.8061 404.6963
15 290.1435 96.30652
16 704.5802 446.4585
17 289.8925 864.35
18 184.3356 183.0402
19 492.7967 197.0169
20 501.6936 303.6354
21 346.6944 76.01079
22 411.7297 159.1495
23 403.9131 93.75683
24 433.3193 924.2008
25 321.5272 145.9476
26 772.7907 668.9043
27 732.0152 778.7902
28 684.0747 884.597
29 369.3606 922.0961
30 183.6502 734.5445
31 565.4677 460.6497
