1 705.86 758.8848
2 603.2696 917.2499
3 35.1635 539.7076
4 217.9053 701.0707
5 805.7264 242.5927
6 492.672 142.4596
7 683.5745 399.7569
8 551.7792 927.1458
9 719.9787 695.5527
10 73.14924 675.091
11 278.9402 888.5838
12 334.7635 683.7505
13 77.16809 300.304
14 780.8788 564.4479
15 609.806 74.99342
16 702.8979 865.0327
17 755.9573 833.7732
18 197.4936 757.2441
19 542.8821 61.64847
20 736.2015 425.6847
21 890.058 342.6307
22 649.3216 780.0553
23 789.2603 340.0494
24 119.8435 231.6643
25 137.3963 307.7241
26 510.0084 630.3645
27 208.0105 143.1127
28 203.2585 321.2729
29 651.8976 900.4673
30 890.1031 439.5635
31 756.1344 286.0284
