1 306.2423 900.1368
2 645.7102 427.9813
3 297.0664 399.1986
4 368.6877 582.7235
5 917.4003 522.6439
6 565.9069 489.9679
7 673.3833 104.038
8 683.473 686.1645
9 363.6554 920.8619
10 225.8938 363.2019
11 646.0099 245.3595
12 401.1404 491.4893
13 43.97695 594.6186
14 770.4707 715.4995
15 611.881 578.4477
16 500.6033 795.1981
17 442.402 644.7009
18 518.9971 449.1205
19 872.2614 700.0382
20 811.9922 773.7323
21 877.2708 310.0929
22 82.69364 697.9469
23 709.9874 499.6747
24 35.99947 442.9718
25 418.9368 549.0076
26 189.9897 286.4119
27 848.5601 257.7673
28 593.5781 885.2645
29 482.064 353.251
30 670.0435 162.7494
31 894.3964 639.7035
