1 889.7127 641.8734
2 251.2057 875.0069
3 208.7862 190.6845
4 141.8096 642.5517
5 64.31381 333.5124
6 153.0613 493.5562
7 533.0066 59.83617
8 308.3944 494.8002
9 184.267 542.659
10 145.3728 203.2927
11 597.1292 81.11176
12 335.1512 371.7008
13 268.3302 222.9036
14 37.54334 419.5512
15 420.8246 809.6033
16 194.7629 437.7871
17 89.63564 384.1755
18 199.5088 837.318
19 741.3326 605.8484
20 320.6148 907.328
21 136.1317 422.7754
22 400.739 142.8192
23 760.5997 272.3676
24 133.4956 581.1347
25 390.5948 64.32539
26 655.634 588.23
27 906.3423 599.0223
28 540.2789 931.0085
29 589.1283 921.4261
30 721.2322 666.7043
31 300.976 308.0451
