1 727.5666 133.4793
2 486.2223 113.6186
3 452.3874 226.3539
4 358.7368 302.6179
5 315.2381 529.3267
6 306.8554 469.2263
7 437.8543 161.5708
8 420.5797 393.3804
9 212.7796 601.6531
10 752.9778 270.4665
11 443.804 686.589
12 37.80592 556.1842
13 810.3257 204.9903
14 322.9275 601.6416
15 249.5522 749.1576
16 846.0881 256.7557
17 680.4616 400.412
18 271.7734 641.9916
19 270.2336 571.5749
20 433.519 786.8264
21 844.2475 491.3729
22 172.0506 170.9783
23 299.2577 93.37333
24 743.2375 778.5372
25 636.6633 476.6702
26 613.2343 914.4573
27 179.4015 818.804
28 489.4928 934.2134
29 742.2934 839.2822
30 672.8836 887.9135
31 357.8133 397.8025
