1 914.1807 563.8446
2 776.9549 656.5884
3 306.7349 423.7703
4 483.7269 654.6217
5 501.6587 68.26158
6 737.6655 609.8678
7 465.5644 503.8396
8 710.4033 662.3922
9 611.8955 371.1573
10 898.4118 626.7806
11 615.511 812.4253
12 483.8589 444.9788
13 376.8997 307.6031
14 72.8379 469.8279
15 753.5479 819.6145
16 843.0864 641.6803
17 801.666 724.6174
18 516.6671 757.3605
19 82.63763 289.522
20 742.6874 721.6183
21 134.2393 558.15
22 853.745 313.9915
23 432.8364 335.5011
24 112.9609 742.9807
25 77.30301 682.7499
26 151.236 496.8927
27 275.6832 202.6801
28 209.1897 144.6952
29 472.659 863.8653
30 145.6873 200.3602
31 393.7013 62.47784
