1 422.831 628.0401
2 622.1716 80.62254
3 482.6696 566.058
4 450.7472 934.3283
5 333.8642 506.1402
6 41.65295 565.5461
7 386.3688 548.9073
8 275.0039 426.6984
9 440.8065 516.6511
10 437.7817 190.2347
11 254.2127 877.7006
12 359.0304 656.856
13 99.20228 553.5314
14 748.6505 420.9086
15 680.6916 105.093
16 182.2934 488.6071
17 865.1311 436.7264
18 172.3746 605.5481
19 202.87 147.5256
20 54.87737 631.1605
21 668.4445 361.228
22 523.2935 61.07792
23 391.1515 483.163
24 663.1998 749.6412
25 734.6487 138.9528
26 630.1463 688.6234
27 717.8299 272.1047
28 840.8571 282.7585
29 123.4196 760.3993
30 623.4825 142.2563
31 82.91423 445.7318
