1 505.8023 432.9454
2 482.7672 57.33751
3 507.9044 369.2961
4 465.211 935.1724
5 582.3364 619.4055
6 543.4646 55.33108
7 425.1801 58.97278
8 566.0279 560.0915
9 321.3326 457.2689
10 289.0259 289.405
11 283.8677 106.0108
12 226.3201 294.6868
13 892.8726 400.8858
14 226.4081 625.0352
15 132.8431 215.7595
16 771.7303 170.1888
17 362.9794 67.27618
18 438.698 403.6511
19 113.3556 547.8321
20 490.3781 295.2029
21 372.4861 493.2811
22 203.0738 147.0162
23 326.1794 548.9644
24 608.6174 216.2131
25 385.3977 435.2899
26 451.6633 342.3413
27 663.8081 893.9069
28 564.1571 477.3625
29 529.5807 94.65006
30 203.2177 235.742
31 214.0298 525.7318
