1 445.4001 280.8186
2 553.39 632.147
3 604.3736 428.0862
4 743.2422 445.815
5 678.5718 886.6837
6 552.4238 179.7376
7 171.0365 213.5877
8 566.2495 318.6197
9 56.01262 346.9464
10 499.3024 100.5439
11 904.6162 399.8679
12 159.1437 802.2524
13 575.5957 514.0556
14 620.7106 912.4235
15 120.3707 756.8628
16 302.0572 813.3555
17 738.661 841.5834
18 270.6526 504.0238
19 109.5429 245.4124
20 373.5836 120.4306
21 437.5221 112.6788
22 555.5809 117.5315
23 393.9478 61.62973
24 459.8046 51.11704
25 774.6261 769.9971
26 51.62536 624.1378
27 741.5249 718.2673
28 682.0242 483.8748
29 509.3449 588.8983
30 337.8597 76.28137
31 593.6477 72.77533
