1 738.9471 185.9042
2 565.9925 839.2345
3 272.1247 581.7397
4 67.47531 664.0297
5 427.4 483.4712
6 843.4745 253.3438
7 516.3153 54.84871
8 679.1084 335.6922
9 113.5545 253.3973
10 111.7348 739.4211
11 682.37 823.9131
12 362.0489 478.6517
13 300.6629 896.1486
14 875.2087 303.833
15 395.0058 62.60094
16 875.0049 414.9582
17 244.6345 870.0215
18 170.1897 257.9408
19 536.1714 357.6395
20 475.751 442.6449
21 459.8741 57.4953
22 563.578 118.6229
23 457.955 252.1129
24 354.7982 805.3509
25 161.0371 184.4395
26 814.5561 781.4464
27 815.2434 717.8668
28 631.2329 849.0432
29 481.4522 933.5061
30 358.9675 742.4132
31 730.3358 514.7112
