1 905.1737 394.803
2 576.1111 545.9815
3 442.1601 611.1458
4 569.4957 827.2872
5 751.7742 153.0493
6 500.7621 567.7291
7 271.8629 526.4467
8 509.451 627.8107
9 703.8034 188.9403
10 751.5525 814.8147
11 412.0977 727.5759
12 321.2873 609.3158
13 435.9389 80.46263
14 40.40672 424.3183
15 601.1147 738.46
16 678.2947 798.5562
17 626.8158 841.5994
18 305.5331 671.5209
19 86.15446 283.885
20 569.8812 631.3935
21 148.1362 385.5508
22 648.9437 218.1963
23 429.9788 505.4151
24 148.7549 787.3756
25 191.7487 440.9699
26 170.9654 269.8903
27 485.9608 217.917
28 399.4876 121.6197
29 383.6645 671.7748
30 173.8431 172.8123
31 384.0579 63.40518
