1 688.6647 109.7245
2 626.7024 83.05776
3 355.7923 460.2295
4 424.6319 542.946
5 614.2934 622.2716
6 570.6826 575.5116
7 505.7574 311.3242
8 611.2737 520.872
9 40.23197 407.6271
10 543.8199 367.2148
11 327.9095 829.2374
12 63.96229 653.4551
13 778.6411 353.0166
14 116.5013 750.8705
15 387.7112 860.6009
16 729.5471 191.589
17 455.737 488.8065
18 35.72985 471.5383
19 90.74533 441.7065
20 328.388 909.2545
21 914.5345 555.5331
22 153.2566 263.8523
23 163.9423 200.9637
24 533.6885 656.5008
25 761.1035 701.3849
26 500.6547 718.9629
27 270.4057 882.2945
28 618.2816 911.7499
29 868.8511 619.1571
30 495.6397 832.9709
31 533.3932 525.395
