1 493.8413 487.5261
2 328.0781 79.48132
3 682.0464 886.6852
4 723.5301 722.5932
5 584.8268 727.5577
6 168.0781 568.7248
7 883.6231 322.7472
8 325.8202 337.6627
9 433.8005 390.7878
10 678.8438 825.8169
11 850.5406 266.7527
12 237.9964 269.0734
13 407.8127 63.43565
14 71.36329 311.6662
15 102.9378 730.3816
16 229.8297 376.0143
17 183.9193 164.8182
18 908.6429 588.6836
19 265.85 324.4254
20 422.8285 843.8835
21 204.1007 751.9853
22 111.5967 537.4708
23 388.8728 335.3979
24 42.29854 581.5153
25 210.3674 217.1341
26 472.9303 54.41862
27 127.9062 423.4066
28 764.5318 673.6529
29 914.6252 428.6867
30 582.5887 525.2687
31 593.6088 919.6454
