1 720.735 507.2753
2 475.4961 339.5526
3 560.0883 151.5202
4 552.2703 297.9228
5 650.339 614.282
6 146.9984 406.0962
7 410.8702 329.2143
8 665.0464 541.8057
9 233.569 223.6146
10 576.3643 109.4517
11 621.7527 81.53856
12 261.3664 879.1306
13 610.4605 194.9076
14 848.9339 560.2746
15 200.9549 839.4358
16 567.4889 631.9749
17 900.6444 621.9967
18 564.2214 368.5538
19 88.77767 392.0119
20 548.0796 196.3596
21 710.6368 236.6416
22 826.3012 231.4479
23 539.9481 59.23875
24 295.6942 234.6366
25 331.7964 813.1099
26 59.00312 635.7246
27 918.2916 529.7237
28 906.0149 581.6011
29 165.1015 470.2013
30 483.312 80.60961
31 495.069 158.1694
