1 797.6777 790.4851
2 619.0715 912.1972
3 32.6459 524.4728
4 115.3363 729.7695
5 882.5121 327.8637
6 369.9901 95.9921
7 599.4516 456.1918
8 572.6221 927.5342
9 823.9676 732.7276
10 146.6069 662.3264
11 353.4766 918.6389
12 249.7779 619.6979
13 63.95606 328.9864
14 737.95 459.6105
15 633.6755 126.2419
16 647.3541 836.9638
17 713.9253 775.2793
18 148.4601 787.0204
19 571.3854 136.8072
20 656.7328 470.3127
21 905.4095 394.2218
22 757.4394 737.1363
23 693.0254 407.7414
24 108.6005 248.9417
25 178.1891 288.4944
26 627.7893 660.8598
27 156.8596 217.1188
28 136.5143 342.7568
29 665.0213 894.629
30 828.1272 363.9557
31 680.0041 345.2273
