1 677.1963 807.3296
2 719.2708 865.1288
3 148.9847 549.5533
4 277.9038 566.9246
5 856.0904 578.5505
6 432.8741 56.86194
7 390.7667 534.0601
8 483.5509 726.3722
9 914.3712 565.2838
10 446.0491 554.092
11 135.1523 768.4133
12 363.7743 393.3991
13 33.24773 443.1685
14 661.8237 156.4869
15 858.2746 273.9765
16 533.774 581.1267
17 808.0834 702.8553
18 311.887 617.9962
19 330.1332 270.682
20 475.1482 606.5128
21 704.0342 551.1338
22 867.4623 702.7579
23 353.1289 454.5202
24 38.45633 398.3032
25 471.7702 322.3794
26 836.7443 756.4957
27 84.17532 390.8407
28 29.3788 495.378
29 739.3113 808.5022
30 725.2881 213.8268
31 411.3298 357.5991
