1 465.4352 482.3703
2 581.8271 474.9008
3 590.6156 267.5497
4 721.4929 291.2927
5 660.583 847.7071
6 386.77 294.9534
7 320.3082 142.0958
8 468.1478 422.5084
9 73.66097 310.2889
10 540.4933 113.348
11 817.0421 221.3997
12 198.9719 837.9562
13 521.6619 342.65
14 717.0492 784.8095
15 147.7845 792.021
16 488.978 798.5577
17 837.3534 750.1172
18 383.3935 362.5352
19 100.8639 251.9288
20 434.0806 149.2504
21 498.373 160.1639
22 666.7813 253.3339
23 451.8832 56.68457
24 471.988 97.369
25 574.6772 780.5546
26 56.11842 633.553
27 791.4725 570.8036
28 844.9362 541.7511
29 341.0253 556.4223
30 392.2731 62.90903
31 517.2532 56.34911
