1 906.1809 500.4401
2 269.2309 883.3341
3 511.2774 286.17
4 91.07507 707.226
5 164.6783 177.1214
6 110.9226 242.6978
7 597.274 74.2823
8 600.0814 406.2126
9 199.5607 273.2715
10 416.44 375.3837
11 657.3316 98.33654
12 385.7679 526.1572
13 183.0665 466.1272
14 171.2758 218.0026
15 482.6519 417.383
16 560.7298 357.975
17 112.1014 422.6146
18 61.96979 647.3469
19 892.0635 651.2948
20 396.3451 928.5542
21 376.8569 192.1998
22 747.3329 205.3222
23 850.657 335.843
24 35.66431 429.7023
25 304.0522 319.1871
26 909.6913 592.2755
27 915.7633 440.7335
28 548.9489 929.8393
29 708.4542 871.4889
30 538.4749 593.9548
31 679.8955 338.675
