1 660.9261 241.6756
2 373.1072 710.5558
3 470.0785 439.0337
4 542.4768 431.3365
5 733.4499 746.6073
6 676.6101 111.6846
7 270.0036 362.9041
8 689.2792 482.013
9 36.08915 438.026
10 669.3074 172.0135
11 896.0063 629.8124
12 139.0627 781.1449
13 787.2787 591.3516
14 508.353 934.6922
15 171.7175 643.8157
16 161.655 723.3781
17 750.4601 667.3788
18 304.282 748.1437
19 134.035 213.1848
20 313.8577 228.223
21 613.3074 203.9872
22 618.9131 80.88776
23 246.9425 118.1474
24 576.725 156.2674
25 829.4237 759.5112
26 50.62678 617.8709
27 751.4078 838.9982
28 509.4305 586.7266
29 732.0085 571.0473
30 251.4447 231.7578
31 725.7381 134.9338
