1 364.5 838.2737
2 577.9584 164.308
3 109.7868 622.6474
4 126.9622 690.5846
5 914.5408 451.1102
6 259.3227 285.3673
7 511.0511 55.63914
8 432.528 677.4556
9 271.9982 813.3667
10 81.4955 556.9833
11 713.6688 125.6021
12 210.9342 638.9141
13 44.45329 608.0841
14 692.6923 406.0235
15 461.4119 277.8893
16 250.423 871.3724
17 211.2075 826.7015
18 567.5732 98.39313
19 640.9321 747.5509
20 597.7124 919.6702
21 903.3535 378.3728
22 69.27812 667.3277
23 759.6108 713.3196
24 43.93513 394.5032
25 196.8788 695.9824
26 383.6474 68.52837
27 883.3551 328.9793
28 338.3289 913.3862
29 428.8966 111.632
30 449.3645 56.54852
31 688.996 485.7016
