1 754.6913 760.7734
2 609.9604 914.8329
3 31.88837 503.3808
4 164.6341 717.3197
5 847.6104 272.6464
6 438.8346 116.8127
7 644.5357 425.2692
8 562.752 929.5013
9 768.9468 703.9798
10 86.46859 682.3309
11 302.2366 900.1749
12 291.0556 661.9934
13 73.66918 307.4738
14 759.2399 518.6429
15 631.3608 86.46817
16 673.5962 842.2604
17 730.7951 813.2609
18 161.9628 780.2766
19 565.8506 90.31393
20 700.0252 442.4626
21 895.6115 358.2172
22 693.7191 754.5208
23 751.5048 374.6201
24 134.6982 211.797
25 154.0531 269.6042
26 560.6808 641.5581
27 180.4559 167.5527
28 159.246 335.9727
29 657.7646 897.8736
30 856.7508 407.9177
31 730.3874 314.4042
