1 476.053 305.4919
2 210.6939 740.3635
3 546.3911 593.1752
4 671.199 295.5159
5 731.221 854.6876
6 47.53723 625.2961
7 101.6233 537.4429
8 657.986 609.2568
9 494.5368 627.4307
10 535.4985 765.0546
11 99.90438 628.0984
12 78.49816 687.1885
13 590.4008 604.5843
14 485.3128 563.6806
15 743.8459 360.9607
16 207.3984 804.5453
17 774.9354 448.1695
18 146.1858 783.765
19 591.3379 921.8261
20 815.068 217.303
21 506.8084 507.1879
22 749.3541 658.394
23 730.5814 298.0422
24 42.15468 545.4067
25 659.0167 711.4293
26 622.0009 654.8811
27 854.7755 331.9965
28 218.5999 232.0997
29 77.16082 302.3644
30 255.7625 412.5077
31 770.55 717.0562
