1 319.4693 617.2341
2 557.649 63.48871
3 204.0845 721.8067
4 167.0371 810.3312
5 817.1802 400.1676
6 94.24074 265.7852
7 471.5453 153.172
8 456.2508 880.2077
9 292.9668 714.0506
10 229.8954 563.4875
11 618.9284 159.8052
12 359.833 701.6458
13 195.1252 599.9761
14 560.4737 228.7014
15 270.6798 150.4303
16 262.2414 879.277
17 223.7777 825.9884
18 655.0314 92.7333
19 520.9227 872.574
20 518.2386 933.7244
21 897.9756 364.1046
22 160.73 628.3228
23 894.9552 644.1854
24 54.15045 359.3449
25 245.4008 765.5648
26 436.9658 58.00175
27 878.3492 313.2626
28 292.3549 807.3046
29 414.652 113.6699
30 493.6253 55.83641
31 496.8785 447.8856
