1 588.6147 355.8898
2 280.0057 98.19982
3 542.9654 931.8455
4 609.4099 633.0675
5 487.384 846.2157
6 318.9338 489.6997
7 901.0655 373.8884
8 463.0096 276.1698
9 522.1763 289.0376
10 676.8711 683.3812
11 882.6029 328.0758
12 256.3179 374.5109
13 392.2795 62.48615
14 43.2422 404.3991
15 120.0089 708.6533
16 81.20109 372.157
17 135.7193 292.6027
18 902.7518 617.0116
19 312.1222 257.5183
20 543.8567 873.128
21 118.6383 647.2531
22 53.40927 616.1597
23 437.6845 420.7356
24 38.33494 555.4319
25 192.4154 368.2699
26 451.2424 55.45486
27 72.50719 308.4636
28 652.6637 591.0784
29 879.298 557.7716
30 713.2226 570.7042
31 490.2969 934.6322
