1 286.0784 215.0054
2 849.772 734.7762
3 355.2937 476.8187
4 80.58728 691.4834
5 656.7361 717.6365
6 261.1172 879.4941
7 275.5721 337.3665
8 591.4577 517.389
9 80.81772 425.5505
10 359.3483 916.9153
11 164.7649 809.6761
12 572.1613 425.4444
13 635.3109 810.7445
14 736.8809 142.6583
15 110.3874 245.8543
16 200.16 156.2593
17 553.9632 327.1913
18 291.7788 156.0441
19 300.8669 439.5912
20 428.3281 344.8614
21 583.2811 129.1912
22 840.213 265.345
23 491.5868 340.7406
24 738.7408 406.4406
25 149.6308 202.934
26 865.9355 295.546
27 789.4674 809.6239
28 748.3615 844.6414
29 760.5332 466.4785
30 107.698 332.3342
31 603.5728 297.7004
