1 809.6899 322.1624
2 343.9477 914.2679
3 635.6084 387.2587
4 96.73145 719.7197
5 302.857 92.55187
6 319.4232 158.8214
7 468.6452 57.15858
8 495.0734 548.2077
9 172.1635 405.6775
10 360.2663 574.7398
11 745.6303 252.469
12 197.4223 513.9911
13 173.4149 685.1715
14 383.6122 156.6237
15 570.2352 240.2719
16 746.2488 335.0511
17 95.18684 557.5918
18 39.75402 564.8848
19 881.6318 675.5065
20 503.035 849.9341
21 525.2782 77.86034
22 824.2745 219.3396
23 788.2628 210.212
24 40.2171 421.5575
25 113.1569 390.8652
26 919.9234 491.6952
27 914.4501 418.2551
28 534.6341 795.9527
29 553.6327 927.5961
30 355.3358 687.0841
31 857.7974 288.7682
