1 386.4556 355.2337
2 432.6218 80.32667
3 806.6406 366.4596
4 697.9846 876.9176
5 93.16667 556.7788
6 550.2584 112.5396
7 464.9887 311.9833
8 335.9431 385.7704
9 787.9876 248.4795
10 602.7884 202.3848
11 233.0507 126.1452
12 226.7563 241.0303
13 856.6408 291.5693
14 45.07828 597.4417
15 173.8009 555.722
16 796.7008 307.3468
17 172.0195 212.4981
18 788.4351 186.0294
19 63.1573 652.2381
20 407.4424 210.3431
21 739.4834 325.3327
22 119.6153 235.6777
23 678.2226 352.7211
24 332.546 150.9855
25 661.2463 262.6231
26 195.5479 158.2538
27 300.9135 807.8043
28 747.238 842.4432
29 465.6286 189.0529
30 88.248 287.585
31 664.3436 791.5646
