1 741.8726 146.0336
2 494.4957 837.5129
3 336.1377 604.2741
4 58.45182 645.014
5 444.1759 445.257
6 821.1701 220.2699
7 543.7877 59.03157
8 621.7637 293.5253
9 109.4465 281.3132
10 127.637 765.8474
11 635.597 765.6505
12 372.0735 426.8286
13 259.6857 879.814
14 824.5011 278.2402
15 446.817 57.25464
16 905.4051 398.428
17 204.5283 841.217
18 154.7553 311.7116
19 565.3165 413.0086
20 483.2387 496.9919
21 493.3141 57.50076
22 618.1612 81.07943
23 526.1901 293.419
24 318.0943 755.3882
25 126.6809 222.0609
26 808.6352 788.8031
27 859.539 717.8356
28 584.3757 790.1062
29 536.2647 931.2847
30 413.974 780.5141
31 798.9235 505.3461
