1 453.8274 430.564
2 187.5069 496.8502
3 296.1484 201.4866
4 599.0967 672.8078
5 489.2166 670.6253
6 77.94514 557.2881
7 128.3466 511.3115
8 531.6669 270.8323
9 231.9788 215.1991
10 313.3877 386.2956
11 361.1804 346.4295
12 221.4246 855.371
13 758.7409 311.4691
14 627.5159 182.4529
15 428.6851 710.2217
16 208.801 555.2536
17 899.9711 623.491
18 324.6089 641.2408
19 304.3884 702.7239
20 578.3459 66.34115
21 818.1232 312.6575
22 914.2561 450.6847
23 837.6134 254.1969
24 31.79125 504.5557
25 194.6304 800.5499
26 153.0965 600.3404
27 693.9186 670.588
28 529.2298 579.2
29 46.41139 381.0483
30 606.1804 120.8882
31 420.7927 644.3673
