1 919.3429 480.6103
2 672.2425 635.7975
3 409.2516 472.6794
4 552.3874 721.0592
5 619.8881 87.20104
6 628.4254 591.8975
7 387.8073 532.771
8 621.1837 669.6941
9 589.5103 259.4428
10 861.0329 721.4584
11 502.1141 764.0671
12 450.4638 549.6564
13 437.2989 230.1509
14 33.08228 529.4946
15 638.027 787.6442
16 802.2098 732.0607
17 694.3945 756.4628
18 454.7397 684.9819
19 85.6036 283.8178
20 673.8848 696.5781
21 65.81762 473.935
22 751.0356 307.741
23 491.0186 368.753
24 106.2828 734.3545
25 115.0254 575.8125
26 95.80435 420.2976
27 368.7288 230.2816
28 271.9643 102.8312
29 436.9759 765.1701
30 157.0299 189.6634
31 367.6507 68.4303
