1 606.0052 694.3873
2 682.4403 106.3457
3 343.7759 684.5222
4 478.0525 935.3207
5 501.4467 518.6444
6 31.24218 516.0779
7 456.7416 666.7023
8 303.5424 593.8432
9 574.946 637.2382
10 342.3443 370.1483
11 243.1774 869.2373
12 519.0454 688.3918
13 94.72025 378.0628
14 572.2118 338.5543
15 733.7701 138.6355
16 120.7597 665.7561
17 915.1465 573.2019
18 55.61139 634.374
19 194.5329 153.277
20 39.91352 580.2318
21 537.0114 254.7495
22 532.3086 60.59575
23 571.3908 509.8839
24 535.8901 860.3781
25 651.7667 224.9579
26 660.0074 495.1254
27 724.2507 199.6435
28 784.523 178.3486
29 98.52856 723.2375
30 437.1639 105.1224
31 136.5891 269.6154
