1 393.4045 306.2307
2 548.3212 737.2708
3 698.6745 821.918
4 591.5899 162.4029
5 413.9106 538.3676
6 234.0127 192.5915
7 686.2982 614.9531
8 698.8813 330.3812
9 696.6092 875.7403
10 778.5362 699.2344
11 606.2845 417.7625
12 35.78002 543.9544
13 438.8772 122.2958
14 354.4005 583.1285
15 522.7055 933.6856
16 645.4292 281.4262
17 83.1966 651.9358
18 459.582 935.9286
19 863.4585 589.8293
20 635.4898 574.5281
21 407.5562 858.3656
22 347.2598 865.4471
23 577.8342 362.022
24 671.4979 411.2862
25 331.4777 807.4958
26 256.8071 617.4319
27 350.1444 72.71622
28 28.06169 488.5443
29 129.632 765.317
30 822.4099 657.6334
31 95.86662 720.3113
