1 429.9021 333.2653
2 575.6587 592.8963
3 621.1475 382.8716
4 767.5396 404.7437
5 691.0576 881.1692
6 509.5985 220.2621
7 197.9025 175.799
8 516.5834 331.8652
9 55.16673 348.1862
10 510.6352 93.2675
11 887.5741 351.9417
12 167.8899 809.9639
13 546.7037 469.5053
14 637.5113 889.4328
15 120.371 758.2288
16 351.5914 828.576
17 766.6076 826.073
18 291.8 457.7003
19 105.3012 251.8633
20 389.9641 122.8292
21 453.5029 116.441
22 566.1792 169.0327
23 399.9214 60.9544
24 463.0039 49.74052
25 722.7988 771.1593
26 57.89544 641.7358
27 738.3778 671.027
28 730.7211 486.7295
29 461.295 590.3048
30 339.3382 74.20541
31 558.8082 62.6778
