1 367.2549 410.1806
2 869.98 697.7672
3 179.6786 606.8172
4 66.8643 664.4609
5 630.4469 907.5996
6 209.1523 758.0299
7 321.7665 530.8391
8 400.0077 584.1589
9 257.2379 538.3904
10 213.9631 816.9543
11 184.5948 696.1684
12 410.8555 520.7487
13 690.4427 879.986
14 798.9083 198.3714
15 64.63127 331.5757
16 260.581 109.8337
17 647.8957 239.5623
18 207.2354 141.3656
19 156.8865 552.4612
20 331.2377 476.1187
21 738.8135 259.8846
22 890.5964 349.1664
23 457.2138 465.0165
24 624.9423 297.5515
25 124.4181 228.344
26 910.3346 402.1158
27 823.4304 771.2729
28 788.8894 807.7967
29 855.3532 304.6238
30 87.68701 299.3598
31 522.1903 476.2747
