1 641.0127 644.523
2 748.5595 844.0621
3 270.6027 652.7557
4 429.8118 612.5048
5 738.7597 573.3406
6 507.8701 122.6235
7 476.7749 654.6114
8 579.4698 651.7809
9 915.1561 557.238
10 550.6728 477.6708
11 175.9094 810.5213
12 464.7856 480.815
13 34.65075 446.8039
14 522.6568 69.11593
15 882.2829 410.4639
16 608.801 507.3865
17 728.6211 673.4224
18 399.2795 667.8185
19 198.8834 320.6666
20 530.4552 692.9572
21 573.864 591.2393
22 874.965 690.2264
23 378.1961 324.0857
24 45.23641 388.6919
25 524.7429 379.3114
26 844.7837 743.1024
27 63.55346 331.5509
28 34.04498 532.3649
29 674.9772 696.735
30 578.8254 193.6461
31 461.2916 228.6002
