1 500.053 311.013
2 195.1468 740.4087
3 538.6859 579.8103
4 679.6311 314.6569
5 748.5203 843.0066
6 48.90547 626.8961
7 85.13003 526.3238
8 637.7091 605.6523
9 479.563 605.8268
10 514.6219 758.3769
11 102.6579 608.1551
12 80.41744 686.4786
13 582.3739 585.4819
14 475.9632 546.6482
15 737.5858 380.637
16 195.0586 806.3645
17 794.5798 449.5564
18 134.1812 777.7611
19 597.6262 919.3994
20 812.1644 213.1792
21 504.2226 495.0178
22 754.9706 643.2351
23 751.1473 291.268
24 38.67386 563.6145
25 634.8546 710.9147
26 604.4999 657.1523
27 835.9707 334.9209
28 231.0308 249.9637
29 78.56454 298.2173
30 271.6436 398.9282
31 752.6582 726.3495
