1 307.4321 901.5185
2 697.1269 700.6375
3 314.3691 676.2935
4 160.626 744.3846
5 871.4417 407.606
6 794.9197 729.6891
7 797.8882 193.3561
8 409.8449 848.8615
9 435.5844 932.2035
10 107.5493 333.1588
11 629.0795 673.4255
12 384.9524 702.3813
13 101.0987 637.7529
14 810.0259 786.0869
15 475.5171 687.1988
16 756.1302 810.6282
17 737.5045 751.368
18 686.3268 636.6765
19 740.477 507.4732
20 896.4637 584.2101
21 742.9223 153.2522
22 186.8496 826.8593
23 915.2733 444.6801
24 33.31725 504.2653
25 504.217 789.1272
26 47.03118 377.8045
27 683.9416 108.4223
28 736.5767 606.3704
29 529.1254 718.2989
30 853.0755 467.6415
31 797.6427 467.7778
