1 549.1029 73.69172
2 744.9251 852.2558
3 146.5098 326.5541
4 182.4333 824.9328
5 374.0248 767.8043
6 679.2606 383.7904
7 616.4017 77.87816
8 613.9062 557.5866
9 120.5512 230.0171
10 286.0126 893.7065
11 774.4378 821.4457
12 210.6374 292.2464
13 304.6071 790.3076
14 909.8778 411.2595
15 254.9361 114.8312
16 604.0688 447.4394
17 273.9483 831.2005
18 279.7172 207.452
19 487.0126 93.98804
20 533.4923 221.7281
21 303.7623 88.67571
22 461.4311 163.7385
23 366.1776 67.86805
24 497.0673 894.7762
25 401.4556 187.1208
26 747.3841 565.8666
27 691.817 839.825
28 672.0171 891.8862
29 390.1898 926.8246
30 137.6178 780.6132
31 505.3802 375.772
