1 570.0645 496.5726
2 237.7977 455.1315
3 530.2895 222.3258
4 723.733 328.1907
5 856.1823 432.8816
6 865.6431 310.9736
7 319.3051 140.7592
8 445.7583 413.2402
9 34.27014 445.9347
10 794.6429 437.1315
11 656.194 831.8466
12 104.7537 733.2184
13 914.5924 432.6037
14 273.4973 886.0017
15 506.15 655.7257
16 298.7451 454.2475
17 852.3734 655.2845
18 441.3005 754.0213
19 103.795 252.3977
20 324.1653 513.5589
21 633.8124 515.0033
22 481.8458 56.99585
23 333.7649 75.0247
24 741.3036 404.5054
25 885.4192 490.1697
26 56.81502 638.5823
27 533.0308 931.3378
28 594.0274 911.6357
29 918.3673 386.0008
30 76.09236 489.9324
31 882.8811 371.015
