1 714.4981 469.1475
2 174.4711 204.9645
3 735.5181 612.7403
4 769.9864 826.2266
5 294.838 287.5222
6 294.0493 423.3272
7 696.1345 176.0177
8 580.9963 477.9257
9 693.7221 563.9355
10 772.084 514.5754
11 345.083 76.34735
12 159.1173 167.2867
13 798.8726 456.9232
14 33.62325 516.6538
15 161.7129 805.4302
16 644.4444 527.8548
17 132.575 210.3175
18 878.7097 317.9442
19 70.36352 670.9992
20 294.6274 475.9142
21 669.8935 623.3415
22 105.8589 248.7805
23 450.3976 485.1525
24 243.1655 450.566
25 495.9599 448.8306
26 201.4952 147.3438
27 121.5778 757.4174
28 847.9708 737.0846
29 689.1347 235.7454
30 93.07862 304.8166
31 558.0201 926.1313
