1 549.2372 851.611
2 533.4166 935.7971
3 36.36006 554.1968
4 310.6046 605.5368
5 643.9566 107.6899
6 680.8664 307.8045
7 856.4331 325.7921
8 510.007 795.1162
9 601.3597 826.5378
10 50.9885 615.6081
11 464.5049 935.1472
12 493.7682 605.1528
13 104.282 301.8878
14 841.1711 748.6598
15 536.3888 149.4878
16 764.4776 830.3057
17 804.1697 791.1791
18 413.198 787.4354
19 569.743 82.49302
20 893.1801 370.4735
21 829.9279 235.5453
22 514.3229 900.3715
23 770.8682 175.9786
24 115.3124 233.095
25 193.3509 512.8254
26 324.2628 544.5289
27 342.9215 74.67407
28 417.892 273.2477
29 596.8118 919.3898
30 915.0391 550.1597
31 713.9852 127.4817
