1 904.3439 479.49
2 890.9863 597.5932
3 137.3106 551.7568
4 343.2766 770.6085
5 435.8694 194.9315
6 858.9447 526.1997
7 664.5417 525.1619
8 824.3473 571.6066
9 801.4963 417.0141
10 920.6651 541.9786
11 724.1952 859.1911
12 299.9144 373.8451
13 187.5045 474.9986
14 153.5938 279.1711
15 819.0881 775.0254
16 853.3515 454.7101
17 886.9086 661.2279
18 582.0143 922.7769
19 75.93106 302.7229
20 855.8843 723.9713
21 285.1396 693.2415
22 902.3422 389.0925
23 358.273 543.4289
24 62.5151 625.4968
25 230.3686 650.096
26 365.3944 627.2596
27 168.0531 177.2835
28 207.7716 247.1816
29 520.8875 933.4617
30 123.8934 224.1273
31 520.807 56.21424
