1 308.8272 497.4951
2 486.5007 56.19504
3 782.9178 276.7602
4 619.6044 860.7498
5 234.0192 642.4338
6 610.4595 76.88364
7 392.7328 188.4578
8 283.1239 550.6109
9 618.9234 222.3893
10 468.045 168.2103
11 196.0311 159.5233
12 351.8777 237.7367
13 844.2014 258.612
14 33.99489 499.3415
15 89.95972 398.433
16 792.239 212.4604
17 323.6272 175.876
18 701.5203 203.1473
19 70.73245 671.7223
20 457.3505 109.0689
21 625.5887 284.3729
22 148.2562 194.2454
23 543.06 242.3544
24 425.9569 60.01443
25 593.5386 132.9921
26 205.2466 200.5955
27 425.5038 892.4638
28 676.392 836.632
29 528.0034 100.7501
30 114.8001 241.7404
31 583.0369 656.6769
