1 358.4764 591.5295
2 526.0391 61.65052
3 701.0304 209.0198
4 514.0407 848.0025
5 339.9261 709.8149
6 604.5945 67.52143
7 391.3615 92.76835
8 336.891 646.047
9 502.2017 244.4186
10 401.9962 152.0732
11 163.6494 180.4144
12 309.227 145.6458
13 832.1705 241.6549
14 46.51915 593.5222
15 57.08879 345.6712
16 749.8335 152.3674
17 307.9628 87.68995
18 593.7275 176.8504
19 67.18998 663.5173
20 512.4237 122.5728
21 523.4572 305.8643
22 131.344 218.8498
23 423.1573 262.8955
24 461.7313 56.21983
25 531.8349 178.7422
26 304.8256 226.9463
27 482.3363 936.0157
28 605.4332 749.3846
29 568.3896 100.2821
30 99.69971 256.8054
31 495.3529 585.488
