1 360.9297 457.1652
2 575.9358 626.7888
3 732.9641 856.1669
4 464.2416 203.0927
5 413.0256 439.3781
6 237.5103 124.5676
7 789.498 567.3763
8 596.5331 388.5627
9 682.8992 881.8176
10 837.3093 605.6802
11 558.9278 279.0482
12 37.84231 555.186
13 350.7386 72.31005
14 267.6023 470.4474
15 633.9742 907.4219
16 514.3338 240.5841
17 58.56155 641.3036
18 576.205 924.0292
19 871.4007 473.7349
20 629.9323 684.2458
21 360.2112 759.5032
22 303.1927 749.7699
23 447.437 404.9757
24 544.2713 417.0894
25 368.791 664.8516
26 333.0862 514.8895
27 294.4898 95.02169
28 95.91511 409.3388
29 238.5573 754.7297
30 854.819 718.4906
31 180.1978 821.0796
