1 338.6993 879.005
2 578.3486 199.9489
3 131.6867 592.1549
4 139.3014 653.2878
5 920.4615 492.8692
6 307.3312 305.2623
7 529.1222 56.80852
8 455.4989 637.9603
9 317.1987 820.7836
10 93.78649 542.3172
11 741.5958 144.7956
12 212.844 599.2252
13 51.17142 608.9677
14 709.5702 447.0614
15 496.3387 309.7756
16 262.3088 879.0371
17 250.9852 821.4234
18 549.7537 145.0685
19 675.7053 729.0248
20 630.9538 908.9082
21 901.0101 369.0126
22 71.73922 669.2986
23 736.339 679.2762
24 50.82932 372.2538
25 213.9471 657.3522
26 377.4766 115.1953
27 879.7355 318.7073
28 376.8898 923.6307
29 436.8702 123.4039
30 466.2974 56.49918
31 718.9906 515.3657
