1 917.2071 552.3847
2 803.6069 656.1167
3 272.164 426.2347
4 448.9973 652.3077
5 469.6479 70.75821
6 764.9263 611.0874
7 496.9242 494.0238
8 740.1876 666.3493
9 637.7006 399.0017
10 904.6674 618.7097
11 649.0651 836.0468
12 464.1493 415.8359
13 341.5759 334.2411
14 93.76473 441.3817
15 779.7778 817.4339
16 844.0856 617.6018
17 828.8997 712.5946
18 534.2624 790.8145
19 83.34931 289.6132
20 771.331 729.0707
21 155.9122 579.896
22 872.7106 307.9231
23 406.0564 355.749
24 112.6402 744.3737
25 77.34332 688.8972
26 181.4337 523.6111
27 249.1179 187.6593
28 184.3555 160.2081
29 482.0269 893.9246
30 134.4092 213.0805
31 400.3407 61.78109
