1 721.0006 638.6638
2 700.3405 113.6021
3 268.6346 766.699
4 520.8806 932.8562
5 615.0231 489.7151
6 52.01831 516.8678
7 417.0027 762.1982
8 406.722 614.4308
9 665.5649 611.1351
10 334.563 492.1387
11 236.6495 865.1704
12 560.1138 594.8178
13 175.7694 289.5354
14 452.4905 316.9793
15 765.2006 169.0119
16 157.0687 692.3551
17 883.4348 669.2515
18 65.10178 656.4067
19 182.1561 162.3272
20 99.66433 563.0798
21 434.017 215.1776
22 570.3906 68.89847
23 611.4009 400.9703
24 456.438 894.3041
25 576.2429 303.633
26 663.0268 368.5328
27 704.157 167.7157
28 738.3431 232.9334
29 90.74435 715.0981
30 327.0203 87.31693
31 135.7975 207.0534
