1 289.5312 892.4711
2 700.4963 625.948
3 415.8634 562.287
4 310.4746 747.1157
5 880.4652 328.5201
6 688.4015 698.5478
7 737.5487 214.0791
8 562.7354 843.1409
9 364.944 920.2715
10 90.87166 278.2265
11 610.2822 505.892
12 523.6338 668.9045
13 45.94092 598.6226
14 818.754 776.1194
15 549.0333 781.0498
16 651.1773 784.6483
17 627.7662 733.4723
18 596.4042 663.9054
19 817.3661 624.9163
20 866.7388 706.9057
21 796.0287 196.8559
22 155.1397 797.1197
23 894.0504 391.646
24 33.49668 487.2531
25 567.2016 723.8442
26 62.99779 332.4024
27 752.4028 153.8829
28 764.4695 748.1079
29 528.2545 569.6875
30 817.8392 339.077
31 905.5744 572.7674
