1 801.0268 796.5049
2 650.5861 899.0372
3 32.16946 485.9734
4 123.223 656.4263
5 914.2192 424.2677
6 272.7666 101.558
7 493.3432 477.4809
8 527.6126 897.9741
9 869.5461 694.3253
10 272.0311 594.845
11 270.2982 883.1715
12 222.8679 495.4584
13 49.36639 371.6559
14 715.8149 325.3702
15 757.4713 175.9042
16 553.2243 758.9649
17 815.7278 689.7777
18 157.9056 711.6181
19 480.7339 194.4909
20 551.8582 503.0345
21 843.7066 450.9071
22 841.677 747.0067
23 546.75 441.6289
24 65.09203 319.192
25 301.0018 272.0955
26 759.2573 716.3195
27 112.6209 312.5852
28 55.99648 433.1665
29 691.7191 880.5306
30 822.7021 305.7674
31 549.1608 374.6592
