1 589.7876 123.3446
2 564.8833 187.073
3 432.694 542.1636
4 537.7488 593.1227
5 743.416 594.6725
6 712.9215 520.4712
7 386.6184 352.3083
8 699.6352 428.7161
9 35.90531 457.8475
10 520.1104 501.0787
11 309.8715 855.841
12 74.73962 683.4861
13 769.063 483.6641
14 163.6682 805.0827
15 524.5138 889.8252
16 617.1116 214.7808
17 491.8273 553.3338
18 132.8103 470.9578
19 103.998 337.8283
20 364.372 837.7755
21 898.3204 624.7322
22 289.2674 288.3494
23 281.6214 226.1544
24 469.3641 614.052
25 863.3076 710.5008
26 361.6004 660.7397
27 333.607 911.7685
28 675.8733 887.966
29 881.8156 556.0663
30 391.5202 770.9492
31 658.3543 508.2756
