1 377.6421 771.0151
2 570.9792 125.2914
3 136.7993 668.6724
4 124.441 758.3566
5 910.6415 422.7529
6 185.3057 248.3285
7 501.7968 55.36475
8 432.8701 738.9058
9 235.8013 795.3798
10 106.8241 565.0051
11 661.0266 98.32167
12 234.0092 701.8212
13 69.75675 611.2965
14 660.0523 343.3506
15 402.8279 231.9234
16 235.3321 860.1971
17 183.3031 821.6538
18 602.0023 74.33735
19 586.2492 783.3561
20 556.7582 929.2231
21 898.9932 363.4408
22 75.76082 673.4565
23 821.9003 743.3967
24 39.37441 433.8944
25 185.217 753.2156
26 380.2954 66.04807
27 880.5058 319.0428
28 294.3995 863.2008
29 418.3952 114.8998
30 438.286 57.66463
31 631.0683 451.015
