1 314.1065 901.7062
2 582.3309 315.3333
3 223.7022 492.1528
4 244.6697 552.6532
5 905.3782 602.9278
6 470.1055 377.008
7 624.2687 81.81235
8 590.3435 593.2779
9 377.9649 904.6311
10 196.6805 437.3015
11 719.4591 132.5486
12 283.6709 496.6867
13 49.41821 615.0881
14 760.0399 583.6421
15 577.1888 439.8786
16 383.4416 840.706
17 355.5274 734.6729
18 522.5017 301.2355
19 772.5699 673.2135
20 724.4293 845.4636
21 891.173 341.8564
22 78.01019 683.904
23 704.3519 614.8763
24 37.79346 440.8347
25 310.5772 550.0911
26 331.5729 236.7945
27 869.5989 296.747
28 458.4153 925.1886
29 403.1498 251.6551
30 571.0339 105.7406
31 804.3649 612.7252
