1 369.4455 440.8291
2 612.7012 448.7709
3 176.0591 573.771
4 149.1959 794.4145
5 546.5641 928.9038
6 33.85152 493.6039
7 359.6433 290.6237
8 193.6818 631.1294
9 92.91158 496.1058
10 31.15348 560.463
11 197.0268 146.055
12 150.0704 519.5028
13 554.7852 481.4691
14 384.3085 374.9143
15 77.68895 557.3397
16 453.6919 375.2685
17 696.4634 469.5604
18 429.4871 294.3819
19 105.2921 615.8778
20 202.7129 764.529
21 665.3368 420.8053
22 635.1308 507.0735
23 597.717 262.6402
24 158.6708 200.6627
25 407.6495 194.571
26 900.5382 370.8009
27 889.5234 660.8172
28 838.6037 748.1234
29 739.5412 143.8748
30 99.69164 266.0094
31 143.739 744.0483
