1 376.9866 514.277
2 557.0709 554.5844
3 721.7835 860.0965
4 402.9905 259.1378
5 360.0131 436.9288
6 203.8629 157.1061
7 851.1303 541.0544
8 553.0164 450.1314
9 682.982 843.2578
10 903.4994 568.8989
11 568.3376 198.8881
12 38.70948 569.2648
13 310.3723 87.34301
14 185.705 437.3199
15 655.02 899.1576
16 465.1398 245.9977
17 55.33167 631.7319
18 599.3807 919.7098
19 859.8163 408.1568
20 630.156 749.4954
21 375.2338 686.3267
22 266.2044 686.169
23 378.933 381.3961
24 475.4379 396.8132
25 360.2457 584.4337
26 318.3242 489.0255
27 248.3102 120.9823
28 158.1372 363.9478
29 285.8658 745.5502
30 876.1564 680.9735
31 239.0343 862.9169
