1 709.226 799.7054
2 698.2181 875.0923
3 69.26985 519.0893
4 191.2852 583.5341
5 879.3607 520.9693
6 361.7484 70.40699
7 415.0498 506.3699
8 471.7916 810.9219
9 899.1397 629.9585
10 371.3874 567.8658
11 196.1121 830.8767
12 282.4495 413.7011
13 34.56145 432.1487
14 713.6626 216.2601
15 832.5895 235.213
16 530.0491 654.3159
17 812.0469 689.6269
18 234.8441 628.9113
19 394.1791 230.1736
20 489.9461 544.3501
21 770.4457 512.5635
22 872.4349 696.3475
23 431.4635 445.9398
24 42.32926 377.9406
25 402.6988 290.1512
26 839.6363 748.9928
27 85.88685 384.2928
28 24.56554 486.8085
29 742.4203 848.8717
30 768.6032 229.3422
31 447.8887 381.1926
