1 202.9795 532.5239
2 535.566 142.76
3 393.4386 585.0788
4 339.7354 867.0117
5 590.0408 536.9143
6 104.6388 269.7387
7 244.9077 222.4523
8 449.6384 861.1181
9 318.2545 525.7763
10 248.2387 560.4445
11 352.3031 177.1812
12 434.2784 523.5342
13 318.5062 588.6226
14 297.315 140.7814
15 158.0791 264.0862
16 372.6204 745.4669
17 443.233 725.7932
18 821.0546 300.0511
19 391.7936 825.187
20 473.977 913.9486
21 844.9154 396.7018
22 341.5726 627.3109
23 917.206 459.2694
24 41.26128 412.4983
25 464.1368 589.6181
26 530.59 80.61871
27 909.1247 401.549
28 532.1269 720.2171
29 455.2707 54.81518
30 451.7663 230.403
31 373.9217 509.9985
