1 579.3616 697.9174
2 375.4803 64.27242
3 516.3749 767.9913
4 530.3589 932.3398
5 250.0884 190.2903
6 360.4232 188.3641
7 271.9275 100.9214
8 646.455 504.3311
9 686.6019 559.3439
10 621.3994 379.5863
11 416.1981 623.7864
12 518.5437 551.6317
13 589.1252 764.273
14 742.8637 779.1925
15 575.7879 321.0742
16 440.2462 73.64484
17 704.2652 118.9405
18 206.0903 149.2618
19 65.99729 320.7569
20 159.8699 594.5971
21 672.8065 791.3269
22 386.8201 365.8569
23 613.0797 440.4522
24 917.4361 515.6705
25 756.0537 551.1688
26 361.5908 914.4414
27 906.2135 601.8526
28 907.136 403.1714
29 316.0592 380.7599
30 685.9286 394.6168
31 36.03821 545.4266
