1 679.4178 408.9516
2 236.9135 628.6356
3 442.4025 264.6827
4 564.4892 290.4905
5 798.8598 581.1036
6 759.1334 241.0436
7 376.5156 274.6582
8 538.5353 551.8742
9 34.88816 443.9009
10 776.2701 306.9939
11 824.7816 732.2954
12 117.7438 753.4334
13 919.1135 540.6639
14 369.042 921.5273
15 325.1037 600.6339
16 265.2108 575.8387
17 874.527 586.9893
18 416.8611 886.994
19 99.91834 257.9963
20 330.8007 372.9249
21 670.6881 350.4664
22 564.5682 67.38066
23 186.133 160.4004
24 697.7257 267.4673
25 819.7976 658.6656
26 49.01076 614.6579
27 644.1886 903.0659
28 526.6239 763.0792
29 862.4652 506.5086
30 134.265 355.873
31 818.438 229.4724
