1 374.2673 755.367
2 564.7959 118.5339
3 141.6421 682.1802
4 126.7946 765.6934
5 908.5974 419.7656
6 170.1782 240.6273
7 501.2508 55.62296
8 436.5512 753.4366
9 239.7995 791.3257
10 114.8819 569.336
11 661.2293 101.8957
12 242.476 713.0133
13 82.46027 609.8639
14 650.1133 331.9676
15 389.8182 222.3616
16 234.2901 862.1402
17 185.113 821.5216
18 603.5472 75.09486
19 575.2797 790.7311
20 550.3579 930.2599
21 898.7046 362.1103
22 77.6201 661.6925
23 836.874 745.33
24 39.72508 427.717
25 182.8045 756.8458
26 379.3706 66.73395
27 879.4792 317.189
28 290.0562 851.2333
29 417.4334 115.573
30 439.7753 57.99461
31 617.619 445.4341
