1 655.073 767.3012
2 721.4772 861.2091
3 187.9467 571.7109
4 321.507 563.8068
5 849.7231 582.4864
6 462.1888 56.13303
7 414.6868 571.0541
8 509.3682 692.7005
9 916.1201 545.3056
10 472.6546 547.9338
11 110.7848 741.0138
12 399.4677 403.4397
13 33.04627 445.5872
14 624.1337 129.1042
15 874.5794 311.4709
16 534.9063 567.383
17 807.7382 699.2307
18 350.188 618.6785
19 296.2864 288.1877
20 486.5118 611.9236
21 671.2391 566.9894
22 867.3691 701.2976
23 329.2495 417.2635
24 39.90274 400.2506
25 488.4717 339.0619
26 836.631 754.6558
27 77.69293 367.4193
28 31.89085 502.4063
29 727.664 781.1305
30 686.2825 210.0953
31 426.6426 313.7847
