1 872.4106 452.0595
2 883.1822 595.8453
3 123.4613 637.1102
4 386.2345 832.7672
5 470.7181 281.5271
6 813.8688 463.2921
7 720.4537 580.678
8 780.9715 512.5356
9 842.5331 330.532
10 909.3136 504.3838
11 670.0599 888.9137
12 246.3066 437.0756
13 115.7989 529.3928
14 225.697 250.5697
15 824.6759 770.7597
16 856.0135 390.5296
17 894.6999 643.8306
18 578.2267 923.0575
19 65.80958 326.6177
20 839.8576 710.8306
21 352.0041 732.5731
22 911.7251 418.2031
23 426.7274 593.5784
24 38.83897 553.1361
25 310.2786 619.6321
26 456.4924 646.7247
27 158.0733 187.2376
28 254.4774 321.0226
29 516.0017 909.7558
30 161.199 248.2199
31 596.0227 72.14858
