1 640.8627 689.9936
2 687.3442 109.1408
3 320.2914 702.096
4 494.505 935.1247
5 529.49 510.1075
6 29.96726 509.1733
7 453.5848 692.0291
8 327.4677 607.9221
9 598.2858 640.5675
10 336.1542 400.7077
11 223.174 856.1667
12 538.903 670.297
13 111.7963 352.5394
14 542.3565 331.191
15 737.7323 142.086
16 118.088 671.9543
17 907.7123 597.4658
18 54.87694 629.1734
19 185.3134 161.7202
20 39.59134 575.1396
21 515.306 239.0045
22 540.7582 61.36546
23 595.2242 489.3454
24 517.5106 879.0518
25 631.5705 242.3369
26 659.4654 464.9761
27 716.1246 199.778
28 787.8951 187.1068
29 103.3733 733.096
30 409.1195 100.0974
31 137.5324 241.162
