1 548.5235 732.1942
2 381.0873 65.11825
3 473.0356 746.2217
4 531.3154 932.8159
5 291.8741 178.7928
6 397.5619 141.12
7 307.2033 98.10943
8 631.2198 549.6613
9 662.3006 605.9282
10 594.5861 428.6545
11 426.1414 566.6903
12 487.6736 586.5562
13 629.0108 756.05
14 702.4981 812.4534
15 523.5357 326.0902
16 470.7263 58.18471
17 673.3494 100.8163
18 179.6301 168.2675
19 82.46091 289.1278
20 189.7724 565.6142
21 633.3085 818.7062
22 341.5455 383.1999
23 629.4994 486.0629
24 917.8862 483.6197
25 722.1976 583.3732
26 341.0153 864.5036
27 897.7424 636.1929
28 897.1008 364.0298
29 303.0192 334.5442
30 658.0782 429.4579
31 37.1621 560.8412
