1 905.5123 393.3867
2 576.8808 552.8609
3 442.8316 604.1372
4 566.9714 820.3227
5 746.3459 150.5742
6 508.9537 568.8794
7 278.8492 525.8582
8 514.5972 630.2556
9 698.1935 186.0003
10 758.6294 812.7505
11 419.8876 729.0164
12 328.1599 608.8722
13 439.6978 83.94165
14 41.04576 431.894
15 600.1388 745.7723
16 684.3268 796.073
17 626.3849 835.0213
18 313.9391 669.7694
19 83.75613 286.8295
20 575.641 633.8284
21 142.5032 388.6429
22 649.1427 226.1458
23 437.4616 502.353
24 145.4245 784.5182
25 188.1157 446.7198
26 166.2253 276.1056
27 480.7853 218.753
28 394.4304 121.4894
29 388.3446 676.2301
30 178.5731 168.7817
31 388.4748 62.87763
