1 536.4529 665.7403
2 379.1998 64.66847
3 709.6471 871.2289
4 807.3794 788.7513
5 630.2396 549.1508
6 61.40349 643.9215
7 831.7458 236.213
8 314.4256 503.8101
9 371.5093 547.7791
10 762.0349 834.0649
11 744.5605 149.5792
12 295.655 144.5508
13 524.1205 155.9696
14 45.71929 383.8186
15 127.0876 765.4896
16 317.7143 411.2501
17 210.2606 141.7259
18 919.4896 520.8354
19 177.4261 417.8776
20 327.9538 803.9811
21 344.4057 746.9969
22 121.3655 443.9455
23 236.8159 291.3112
24 89.0605 704.1743
25 317.2059 86.78766
26 466.5856 55.18602
27 183.8876 501.8303
28 843.4811 741.0138
29 867.2089 292.3431
30 432.4839 475.9898
31 577.4725 924.1459
