1 432.037 640.5231
2 620.251 79.57494
3 477.6607 580.3421
4 449.5905 933.8462
5 342.3634 510.9211
6 37.07462 557.7144
7 397.8502 555.7221
8 269.3886 440.3254
9 451.4284 522.7859
10 426.0927 201.6258
11 245.9814 872.0902
12 368.3098 667.3356
13 97.54949 545.2844
14 735.4794 412.8634
15 678.9613 104.8948
16 177.4496 500.9867
17 873.2722 448.1097
18 158.0409 614.352
19 200.9749 149.0291
20 53.04287 626.6362
21 657.9419 354.3602
22 524.8336 61.40994
23 404.1455 489.661
24 654.2812 758.2542
25 732.5716 135.9728
26 634.2378 674.3084
27 718.8897 261.5001
28 833.5543 271.7282
29 123.0424 760.2611
30 610.3423 138.4414
31 90.45 434.266
