1 598.9726 446.7999
2 122.6672 674.5065
3 482.4136 456.3324
4 656.9436 467.8007
5 726.3243 857.3144
6 61.26073 649.6619
7 31.2083 505.8053
8 489.5346 543.6227
9 422.6545 441.9383
10 374.98 670.8881
11 89.06301 530.7617
12 102.7871 731.4705
13 536.5112 472.2719
14 466.3469 392.2766
15 653.5006 531.4591
16 176.2783 816.4393
17 911.33 530.6481
18 153.4701 762.0724
19 494.3693 904.071
20 789.7668 188.7482
21 545.4065 407.0766
22 845.0957 523.3408
23 896.9324 363.7901
24 40.32233 571.468
25 458.4125 731.5503
26 453.6199 659.5397
27 709.6704 418.8059
28 327.1582 391.146
29 74.37792 306.7793
30 389.3486 303.4481
31 608.8868 796.0286
