1 425.7681 293.4145
2 465.3348 606.1121
3 681.0663 890.216
4 631.1823 343.2076
5 487.8128 691.8484
6 515.9713 933.6186
7 358.3575 816.5181
8 524.576 379.4989
9 747.3735 654.5835
10 537.9772 546.9204
11 576.9765 924.7044
12 55.71107 634.0265
13 783.3752 753.0154
14 794.4339 692.2671
15 862.2915 311.0798
16 843.2414 746.6453
17 661.0228 852.7792
18 191.9476 827.3097
19 634.2197 907.3591
20 894.9136 364.809
21 727.3412 858.2549
22 619.5591 808.849
23 917.0982 501.1722
24 537.2575 62.11852
25 470.4797 506.151
26 534.7291 727.8831
27 741.3288 166.0461
28 215.131 349.6608
29 206.4105 278.6109
30 141.0675 784.3957
31 555.7708 316.9009
