1 918.3526 506.4299
2 271.96 884.9733
3 498.3775 285.1622
4 88.48834 705.2727
5 159.9105 182.8098
6 105.2415 252.7331
7 597.1938 74.41862
8 595.0116 397.5354
9 187.0356 279.0091
10 415.6668 359.3706
11 655.934 98.66558
12 396.0906 517.3294
13 187.118 451.7436
14 160.1534 224.9932
15 476.4269 432.1594
16 546.2747 357.0035
17 120.0203 411.1375
18 57.74846 648.4628
19 889.163 658.0666
20 387.3391 926.7868
21 368.1923 199.6862
22 737.3935 195.407
23 854.4709 350.5549
24 34.38875 441.477
25 316.6671 311.98
26 908.0265 597.4283
27 917.0833 446.8924
28 556.5976 928.3472
29 712.9435 869.2602
30 550.4674 591.3111
31 666.0784 341.4574
