1 877.7573 641.8806
2 253.2329 874.763
3 190.5114 194.1354
4 164.6123 646.7159
5 60.72085 345.3743
6 173.0967 508.9993
7 537.8673 66.14633
8 304.5865 516.5609
9 204.161 556.9366
10 135.6466 215.0831
11 597.2121 96.21864
12 314.3446 372.743
13 272.2523 201.9207
14 40.72434 414.0274
15 420.422 832.4426
16 192.8136 445.1717
17 99.38873 395.4474
18 201.0122 838.1618
19 723.2174 602.9774
20 319.2903 906.8419
21 131.681 446.7198
22 382.873 153.018
23 734.7033 275.7473
24 148.1506 585.3292
25 381.9201 64.0677
26 632.7396 590.4859
27 905.3941 604.155
28 536.1805 931.3417
29 583.273 922.7063
30 738.3714 664.5132
31 278.9532 306.5551
