1 567.5956 206.8278
2 458.1734 685.7136
3 507.6022 497.2413
4 623.8642 478.8747
5 696.8687 844.3141
6 638.1011 104.5633
7 187.8122 329.8421
8 682.9392 385.441
9 40.37679 404.843
10 586.398 138.3936
11 910.794 532.6464
12 159.6708 801.7268
13 695.6313 569.0568
14 598.3729 917.701
15 84.12044 692.9924
16 193.238 755.9263
17 698.8615 747.0918
18 259.0781 645.1517
19 94.38898 269.1295
20 342.2543 148.014
21 528.2292 153.9763
22 578.9591 72.04648
23 328.7621 82.86735
24 494.814 103.1676
25 830.7578 757.9973
26 56.9033 636.9529
27 789.8844 808.5962
28 561.7123 527.3557
29 632.558 579.8518
30 279.4968 142.5413
31 691.6459 112.5631
