1 815.527 417.2185
2 334.6407 909.9835
3 610.7986 334.0093
4 77.96613 689.9874
5 231.7113 128.0792
6 228.1672 186.8764
7 504.7506 58.16904
8 575.0749 513.084
9 246.3446 336.5614
10 410.0103 499.5722
11 733.1287 157.1316
12 276.4182 552.3013
13 157.4271 592.276
14 290.1888 194.9122
15 552.8058 309.997
16 673.7336 339.6836
17 70.86532 474.0451
18 55.73939 631.8097
19 896.2062 640.5879
20 466.6885 913.5856
21 477.3149 126.7902
22 808.4395 258.0781
23 817.9014 220.4162
24 42.96276 400.926
25 193.496 370.306
26 918.4441 494.7313
27 906.9541 398.0524
28 543.4667 887.1405
29 620.3171 909.934
30 425.7224 634.9417
31 792.7511 310.0487
