1 509.2596 850.9113
2 508.3405 941.0131
3 34.53126 533.7802
4 260.3104 534.0507
5 594.7831 205.22
6 763.9107 381.2176
7 889.0127 340.24
8 502.2864 691.5359
9 594.9185 874.7905
10 41.98601 597.7296
11 442.4875 935.0809
12 476.2365 509.1918
13 194.2176 352.5365
14 841.1404 752.7027
15 472.7477 235.6713
16 772.8283 822.4643
17 805.6753 784.8224
18 444.1164 845.4229
19 607.125 141.9985
20 910.8508 418.946
21 793.0836 192.9079
22 478.5774 891.677
23 724.6692 150.164
24 69.48771 313.1481
25 231.3778 592.7877
26 235.7831 464.8547
27 420.4395 59.56123
28 520.8559 280.6513
29 568.73 928.4306
30 917.274 502.4754
31 679.3165 104.0327
