1 431.7943 318.0945
2 568.4945 604.4685
3 618.2261 395.8085
4 762.1309 418.6444
5 684.364 884.2354
6 521.7439 208.178
7 188.6314 185.6031
8 530.181 326.1459
9 56.0024 346.5773
10 506.4042 94.70731
11 893.0241 366.784
12 168.0155 809.9214
13 553.5024 482.9286
14 632.3242 901.0828
15 121.7669 759.9475
16 337.3648 824.713
17 759.1742 832.7563
18 284.2096 470.8238
19 108.0527 246.5038
20 382.9658 121.7702
21 447.9057 113.5703
22 560.9616 154.7866
23 396.7891 64.06938
24 460.4257 48.95147
25 737.674 770.1261
26 55.71279 633.9695
27 737.9051 685.518
28 718.0644 484.3877
29 474.2754 591.2736
30 337.8708 74.93981
31 560.9434 65.52992
