1 761.7536 430.2111
2 815.0436 639.5588
3 149.7519 745.1657
4 488.1047 849.5917
5 563.2012 368.1802
6 738.2035 359.4721
7 716.4521 664.2762
8 676.1757 476.9584
9 865.8465 297.2404
10 814.3834 462.4218
11 540.8479 919.4427
12 249.9349 542.9103
13 35.84715 530.7229
14 315.6012 166.3152
15 848.4706 692.5359
16 884.3539 359.1819
17 904.9072 560.1479
18 458.897 913.9762
19 78.22118 297.4127
20 770.4597 699.0624
21 451.359 757.2227
22 917.9525 495.2344
23 539.3595 559.335
24 36.03108 465.6352
25 411.5357 567.1831
26 578.3059 662.3006
27 116.19 236.2601
28 211.364 428.1196
29 530.9177 800.4859
30 269.1171 224.4281
31 560.2992 64.29138
