1 273.2521 885.3747
2 666.2667 462.2173
3 339.349 408.9213
4 395.4824 612.066
5 892.9679 488.8807
6 585.3363 523.7212
7 669.9718 101.6322
8 687.7923 729.7663
9 384.5575 925.851
10 191.7804 331.0696
11 632.7959 288.1183
12 436.254 510.6742
13 42.88 589.7723
14 778.8439 757.2487
15 608.7968 623.9099
16 539.2508 777.2138
17 483.026 634.307
18 527.3832 497.6743
19 872.8224 696.9197
20 838.792 752.2945
21 869.514 300.1852
22 90.66125 709.9849
23 731.4928 465.3484
24 37.18105 433.5116
25 443.6945 572.8523
26 142.4791 294.1094
27 839.2183 243.8549
28 638.7003 871.2662
29 500.6727 388.0561
30 692.1406 192.4533
31 898.7414 638.2558
