1 537.9467 390.064
2 283.3278 99.95048
3 597.0481 918.6699
4 647.7128 666.5771
5 513.8709 803.4056
6 261.7937 523.2508
7 903.1233 375.9033
8 412.4671 303.2905
9 486.8595 320.3226
10 664.2941 740.352
11 881.6763 323.4701
12 261.2364 330.1364
13 360.4213 68.46117
14 47.85215 377.2472
15 91.14789 713.0738
16 144.9726 382.1891
17 143.8403 236.5253
18 903.7317 613.0505
19 296.3265 276.5206
20 502.8394 866.8452
21 139.9718 680.986
22 50.59192 593.3931
23 433.4707 367.7352
24 31.83962 528.5928
25 197.1598 314.0111
26 422.0656 57.84132
27 92.96537 334.026
28 687.5183 621.9445
29 909.1225 517.1083
30 679.9755 547.304
31 540.6076 929.0606
