1 542.9609 541.5214
2 162.7651 583.7175
3 389.5359 322.1617
4 600.1645 581.434
5 601.077 785.126
6 118.8085 637.653
7 32.40795 464.0983
8 441.1715 393.4965
9 330.223 335.4829
10 312.0602 551.1047
11 263.6207 471.469
12 117.8813 751.8332
13 627.9713 384.4883
14 496.5821 284.8603
15 541.5734 639.7635
16 166.2028 683.2056
17 911.8332 569.952
18 210.9173 625.9404
19 406.5698 787.1358
20 686.7504 109.0308
21 685.7997 342.2686
22 917.5735 505.0547
23 890.5111 396.8919
24 47.98662 601.7516
25 292.9728 745.2902
26 277.135 684.1251
27 669.3746 566.9093
28 415.042 510.8837
29 65.64913 328.4688
30 516.9571 224.7152
31 456.8484 746.9618
