1 428.1347 306.2535
2 249.585 733.6144
3 568.1831 620.6429
4 643.2412 260.8994
5 720.6315 863.0898
6 46.48986 626.8671
7 130.4592 567.1354
8 697.4958 610.7629
9 518.364 658.4784
10 576.5275 772.8229
11 106.6524 631.5659
12 76.11336 687.2489
13 607.1449 636.8731
14 509.9968 596.177
15 755.613 333.8397
16 224.1349 791.3292
17 734.1837 450.5868
18 164.4824 805.5002
19 568.5882 926.5748
20 815.3064 216.9987
21 512.545 537.3413
22 753.5165 677.6341
23 695.7501 303.6748
24 53.10636 508.8674
25 694.2567 706.8915
26 660.497 657.2987
27 886.8864 334.7899
28 202.2461 193.5834
29 68.94447 317.6015
30 223.3712 438.9531
31 815.2679 699.3701
