1 915.2176 572.3776
2 256.0197 876.2315
3 397.7701 260.3262
4 58.70032 641.8377
5 132.7915 212.8337
6 60.9834 314.9557
7 641.3413 87.63425
8 482.6847 398.5594
9 106.8956 345.7232
10 341.1351 291.8514
11 686.8544 111.0652
12 451.6693 455.8047
13 260.8331 330.8242
14 99.87649 262.8587
15 464.0758 565.801
16 417.4016 402.5961
17 154.2736 304.2327
18 138.8851 667.3209
19 869.5791 661.2588
20 332.3517 911.5062
21 247.9037 259.7408
22 622.6544 143.0624
23 914.1545 441.1918
24 38.28775 559.2919
25 384.9068 199.1359
26 856.3693 602.1298
27 920.9241 510.7277
28 594.7967 918.8232
29 653.6157 900.3658
30 681.2464 588.6654
31 526.9633 342.8682
