1 779.6745 525.6174
2 394.5514 293.7359
3 480.5984 854.1381
4 402.0307 588.0933
5 254.3226 757.6661
6 342.4831 378.7618
7 877.1348 315.4989
8 667.8256 437.3327
9 736.9677 435.2415
10 910.2403 563.2547
11 828.1756 230.0401
12 338.8501 513.4356
13 426.6385 58.4009
14 37.84072 430.3538
15 415.3942 649.4856
16 136.0589 373.7949
17 215.2265 421.0134
18 862.8185 711.6141
19 548.5276 154.2808
20 540.8563 931.345
21 124.9368 441.0251
22 47.74645 608.4325
23 297.7828 611.884
24 73.73273 474.6545
25 50.4099 367.6263
26 532.3436 77.27181
27 90.55075 278.0635
28 572.4244 399.0166
29 721.0009 651.9593
30 898.4812 629.0568
31 393.0589 927.2542
