1 546.7965 126.9995
2 739.2839 854.0933
3 148.9413 392.2388
4 172.7043 811.6701
5 403.494 707.7745
6 740.5482 345.6781
7 576.3392 65.71283
8 653.0277 519.8452
9 142.3052 203.7375
10 248.0433 871.0708
11 771.7477 826.7691
12 212.3785 355.762
13 343.5643 833.1123
14 902.8144 381.6288
15 272.5393 104.0596
16 656.2106 457.6036
17 294.4144 835.3115
18 211.0382 196.5149
19 490.6425 155.6918
20 513.6612 269.9687
21 327.0236 81.48264
22 418.8777 142.3369
23 391.2076 81.00095
24 443.5148 917.759
25 353.3718 150.5585
26 760.328 628.4157
27 714.6515 805.9482
28 687.2298 883.5209
29 380.9689 924.0229
30 146.449 755.8702
31 535.8944 429.7845
