1 367.0725 543.155
2 497.8761 730.87
3 583.3202 821.6716
4 427.2256 301.2686
5 833.7871 759.3855
6 264.4466 719.636
7 125.3406 762.9108
8 854.5999 453.7614
9 678.4895 868.8634
10 790.9205 625.5322
11 323.8121 844.9482
12 38.53297 563.9968
13 642.6832 815.12
14 745.5226 701.6855
15 679.5674 107.12
16 444.8822 759.3349
17 534.5658 598.2322
18 217.3425 849.7912
19 531.4811 933.4557
20 832.9701 238.6251
21 556.3372 749.2583
22 859.4639 699.9972
23 697.5002 536.9849
24 156.8928 297.9145
25 799.4547 682.9239
26 891.8017 651.4228
27 919.4705 473.7623
28 263.4448 108.5104
29 89.63382 277.1693
30 33.73288 498.2995
31 912.5674 537.9009
