1 363.822 802.0613
2 603.413 835.6579
3 137.9083 661.2739
4 85.45605 585.2257
5 726.5522 402.5273
6 869.6093 568.8847
7 828.9296 233.1753
8 319.7826 700.9226
9 527.8832 933.4103
10 163.0586 512.5361
11 525.0496 816.0387
12 319.9297 559.3384
13 254.8662 533.4845
14 862.3815 719.5164
15 449.2261 500.5355
16 787.3219 807.3781
17 829.8512 759.8367
18 549.1286 647.8067
19 663.5137 359.4582
20 915.8993 439.9371
21 748.9539 152.7133
22 267.9578 878.0398
23 777.5677 370.8598
24 33.69329 515.6808
25 375.8388 740.7061
26 46.06384 382.4934
27 568.6801 65.13448
28 673.0364 465.1961
29 488.9179 879.1929
30 892.9771 498.313
31 716.5277 323.6187
