1 471.1558 829.6279
2 499.3903 902.3345
3 40.76627 555.1104
4 168.2806 512.3595
5 630.2583 284.7759
6 844.3095 451.9864
7 859.5502 281.3208
8 414.2503 641.9822
9 582.8709 894.3284
10 89.17369 599.3567
11 444.062 933.8016
12 397.0995 464.9385
13 279.4415 411.2031
14 849.0531 738.6257
15 449.4232 338.3697
16 784.7021 811.7348
17 815.2589 770.6505
18 452.1462 770.7306
19 626.3836 222.9903
20 913.7503 430.511
21 809.301 207.8524
22 411.9588 876.9142
23 681.3445 243.3788
24 44.12783 394.2139
25 308.4057 660.8895
26 139.4861 406.8655
27 477.8477 55.10459
28 597.3705 335.9665
29 539.213 936.3545
30 917.3801 490.6743
31 702.3851 183.8069
