1 374.2102 663.7677
2 501.6045 57.77184
3 393.2527 606.0698
4 577.3157 924.5604
5 473.8227 270.9575
6 561.5706 68.92515
7 475.2401 100.2392
8 502.8613 583.4447
9 499.2928 685.617
10 439.6135 484.9523
11 453.06 379.2573
12 326.4649 571.2775
13 804.0724 702.7441
14 541.6478 849.6796
15 327.3158 283.4786
16 618.8997 81.48192
17 528.6215 128.2038
18 196.2326 344.7691
19 84.11354 288.0708
20 306.1043 465.1961
21 509.3028 796.0014
22 225.1949 246.5236
23 631.6665 649.9361
24 880.6212 385.0057
25 570.8984 660.2748
26 298.7811 669.8599
27 837.2191 753.1075
28 780.7498 249.1188
29 326.7643 221.068
30 501.4735 430.8555
31 38.22301 561.1581
