1 264.3277 179.0796
2 807.3787 789.5516
3 417.4146 298.9918
4 118.3043 754.5746
5 484.4182 584.0267
6 280.5161 877.3062
7 411.7123 199.7891
8 547.4102 338.2976
9 37.84173 469.1241
10 379.7579 921.9121
11 221.4468 847.2686
12 479.4153 291.5862
13 488.7977 658.4425
14 681.9485 107.1866
15 154.8629 187.0626
16 247.6812 121.415
17 415.9016 458.6247
18 446.2208 103.1772
19 361.7022 263.5323
20 482.4751 208.5827
21 383.5172 69.07581
22 775.2556 198.5429
23 494.2227 148.0782
24 731.5371 573.4388
25 190.7855 153.0644
26 813.4677 214.2724
27 755.2225 839.4174
28 711.2852 869.6077
29 645.8641 615.4152
30 40.47143 403.3969
31 542.1442 103.1995
