1 343.4519 814.5597
2 620.8642 821.7361
3 157.021 672.6263
4 87.29251 606.5669
5 741.4613 418.457
6 866.2995 588.8342
7 819.9626 221.7388
8 317.9653 722.6685
9 508.2944 934.2631
10 163.1941 491.4307
11 541.8053 799.325
12 316.2134 579.8201
13 239.7152 549.1816
14 863.4365 717.2281
15 449.0564 522.573
16 784.8342 811.847
17 830.8637 759.9556
18 569.2924 635.674
19 671.2733 376.753
20 916.281 453.6072
21 750.3522 153.4511
22 252.4399 874.6088
23 793.3371 388.5163
24 35.65422 530.8563
25 391.8617 754.8509
26 45.00824 386.6523
27 581.2943 67.85775
28 681.7071 484.0984
29 484.2238 858.0799
30 872.8951 495.5958
31 721.4992 344.3957
