1 692.76 845.5208
2 223.025 690.3549
3 443.4705 503.4684
4 532.0261 456.4584
5 159.8171 704.2897
6 738.9482 604.822
7 368.2266 210.2294
8 640.3415 735.8175
9 422.311 872.4889
10 210.6066 142.3046
11 860.2587 505.8379
12 243.2496 744.2995
13 657.8397 355.9055
14 330.22 262.0008
15 405.0522 933.2044
16 250.7414 849.0625
17 164.8358 764.4747
18 459.5395 579.6018
19 309.3865 755.0549
20 294.873 895.3999
21 61.35863 443.8317
22 470.2672 432.7982
23 833.4521 313.9425
24 530.5427 395.3592
25 295.505 432.5354
26 479.0583 883.7211
27 896.2456 358.6543
28 454.6554 934.8231
29 511.4137 934.4512
30 809.6462 209.669
31 68.10624 317.6118
