1 579.4087 188.5312
2 708.5415 853.4346
3 166.428 454.4292
4 140.1517 772.7989
5 420.8077 643.7477
6 801.4808 312.0012
7 522.039 58.80597
8 691.229 490.7662
9 124.6679 224.9915
10 202.5474 837.9958
11 755.118 838.8195
12 237.967 413.8629
13 329.6059 878.1785
14 909.7635 412.119
15 304.7945 89.70568
16 725.2126 442.6003
17 283.4357 881.877
18 168.7322 176.3121
19 493.8897 216.8967
20 496.3149 320.7201
21 358.963 72.9639
22 422.5781 170.3818
23 406.525 108.507
24 431.3736 914.0134
25 303.9007 148.1089
26 780.4242 689.499
27 741.5538 765.2675
28 679.3596 890.0285
29 367.1271 920.6646
30 203.9843 730.765
31 580.995 471.777
