1 841.9816 249.0389
2 362.6508 919.8694
3 615.3011 520.3351
4 72.10555 676.5466
5 441.18 115.3741
6 474.8568 192.4078
7 465.4854 55.05621
8 378.0748 473.1112
9 54.0358 408.5562
10 241.7598 664.4052
11 676.367 353.0121
12 144.63 399.2178
13 233.9323 824.8442
14 505.332 98.88546
15 566.7159 88.13504
16 848.4859 314.2604
17 132.2886 671.7955
18 40.10143 575.8489
19 813.7839 677.7258
20 556.2827 747.3947
21 631.1743 83.36714
22 804.9362 206.051
23 792.3895 282.4786
24 108.4344 448.6683
25 59.83978 343.8242
26 905.3092 611.3194
27 919.9713 500.1043
28 539.243 690.0138
29 537.5267 931.8817
30 299.4784 814.2343
31 887.2855 336.8576
