1 459.6956 390.4007
2 187.0306 485.3862
3 285.7513 166.0724
4 568.2796 662.5951
5 485.3616 634.6838
6 74.51884 537.4714
7 141.3304 530.0941
8 565.6991 258.254
9 223.6523 179.001
10 329.2188 348.6151
11 384.4069 315.9924
12 240.5633 863.8922
13 788.7333 289.3139
14 648.324 161.3986
15 406.8883 743.2051
16 231.7858 529.2034
17 892.5826 647.0217
18 343.5684 657.1296
19 285.1482 684.1432
20 563.79 64.75725
21 850.5314 293.6774
22 915.3798 446.7117
23 828.2129 231.0957
24 39.70493 487.4846
25 188.5276 823.7637
26 114.8 595.6064
27 728.3166 672.4745
28 561.6461 588.0568
29 51.15607 366.2331
30 613.4399 100.2492
31 423.1733 615.1275
