1 490.9041 588.3954
2 317.9075 881.6239
3 742.7161 844.9673
4 392.7811 405.2716
5 171.1043 808.739
6 501.449 769.8373
7 569.7476 926.205
8 701.3285 637.7559
9 412.3402 769.9383
10 413.3769 900.6443
11 641.2905 905.0417
12 149.4043 752.0702
13 871.4437 423.4658
14 429.319 827.0103
15 621.912 618.8389
16 918.1953 458.3868
17 554.3264 713.221
18 233.4731 636.2505
19 713.4124 865.1316
20 874.939 309.7778
21 780.6716 818.9945
22 591.6023 869.3935
23 668.4759 436.3889
24 689.2193 123.1343
25 238.5445 755.8236
26 216.1731 850.4119
27 648.9841 182.3115
28 40.99479 565.8191
29 220.0693 576.3199
30 396.1069 600.6092
31 205.9125 419.3932
