1 709.0842 648.6431
2 699.9357 114.4334
3 275.622 754.6781
4 513.0267 933.048
5 600.209 491.8808
6 46.82372 514.7101
7 424.8765 751.1303
8 392.9064 617.2464
9 656.1448 619.6367
10 333.0589 477.4715
11 227.1335 857.5057
12 560.2734 608.7781
13 163.5933 299.273
14 467.2289 317.5615
15 760.2916 160.6526
16 145.2087 685.1093
17 888.5583 658.6566
18 66.25169 658.8379
19 182.5514 162.7847
20 86.82123 563.7017
21 447.405 217.0155
22 565.809 66.22985
23 610.7747 417.5446
24 468.2721 889.0483
25 583.4868 292.2845
26 661.8421 384.2141
27 705.4892 174.3031
28 749.8103 228.0853
29 92.54633 716.4163
30 341.0295 89.66638
31 136.3401 208.1797
