1 556.7611 66.63198
2 732.8348 863.0881
3 155.5907 282.4564
4 188.2106 829.0768
5 345.7443 805.6267
6 640.9855 409.4624
7 634.3305 85.24386
8 578.0607 581.1601
9 105.2489 249.267
10 292.5964 894.8159
11 727.9827 814.1405
12 221.3034 250.1714
13 283.2353 782.6182
14 912.1006 419.6776
15 244.6832 117.7489
16 566.3047 427.6494
17 269.4269 835.4106
18 324.0977 207.5815
19 490.3887 61.64639
20 548.9463 189.8696
21 297.9614 93.98536
22 484.3569 185.7306
23 357.8473 69.60429
24 532.5954 880.3467
25 424.2228 214.3209
26 737.2266 524.9054
27 680.5447 860.1555
28 643.2528 905.8053
29 390.0954 926.872
30 144.5619 786.1335
31 491.8624 334.8086
