1 510.1522 243.0418
2 459.6016 814.5482
3 713.379 771.3445
4 657.0953 255.0632
5 316.6709 629.4587
6 227.2768 335.9887
7 588.1376 637.2906
8 809.7439 332.1306
9 622.9709 910.7716
10 767.6263 809.8927
11 598.6851 516.9568
12 81.47866 488.9023
13 556.7704 173.9983
14 370.8308 702.2508
15 496.4385 935.8981
16 756.6685 305.5651
17 158.1615 609.1717
18 413.9973 930.0936
19 823.4536 683.6154
20 677.135 500.0628
21 501.3855 875.9887
22 356.3521 916.5471
23 703.4478 417.9001
24 764.2319 392.8488
25 294.217 899.1758
26 153.3242 698.0115
27 311.1873 85.11035
28 30.28459 519.914
29 89.26686 706.8113
30 762.2969 612.931
31 67.12954 657.2276
