1 275.1189 175.4923
2 801.3105 796.1215
3 414.4841 287.1751
4 119.8398 757.2158
5 469.2791 578.9883
6 285.7681 865.0838
7 424.8085 195.2754
8 533.3763 333.032
9 43.02846 470.7922
10 368.835 919.3579
11 222.236 845.627
12 476.5317 276.7962
13 478.7266 647.7778
14 689.9632 112.1951
15 153.9414 187.9817
16 249.9163 118.8728
17 409.0039 471.1337
18 455.2944 90.06207
19 361.234 249.0196
20 491.8055 201.8488
21 370.0238 66.88819
22 767.9319 196.2334
23 492.1876 140.2117
24 731.2125 585.3636
25 190.6222 151.2046
26 806.4314 209.7935
27 751.5064 841.9766
28 708.7378 871.0578
29 635.9139 624.8308
30 39.31351 404.6089
31 533.9969 90.03656
