1 548.3708 62.55828
2 710.0909 870.5231
3 229.404 199.6934
4 174.8399 817.4973
5 276.8001 858.5617
6 528.3068 491.6644
7 676.4478 103.8959
8 457.0652 579.543
9 107.9532 247.3642
10 315.518 902.5606
11 602.4183 783.8851
12 292.3648 160.8997
13 251.2559 712.6753
14 883.3806 327.242
15 200.8556 147.4583
16 474.7813 348.6622
17 209.9126 749.4189
18 422.602 198.3557
19 478.2331 54.89303
20 601.9094 104.6837
21 264.0229 109.8812
22 573.333 226.3658
23 368.0423 67.46543
24 632.2353 840.844
25 367.7214 242.8475
26 712.0357 404.0751
27 654.4607 898.1425
28 607.9614 919.1519
29 414.4844 918.3148
30 118.7071 750.9578
31 509.6736 218.3196
