1 449.0181 273.9861
2 549.8637 637.5703
3 600.4332 434.0851
4 738.6757 450.7783
5 680.1236 885.3163
6 558.4737 173.361
7 168.7348 219.9262
8 573.9316 319.0197
9 55.35516 349.5263
10 501.2993 105.3489
11 905.1367 406.6299
12 156.6238 799.0125
13 580.0326 519.8607
14 622.7032 910.8289
15 117.9972 754.1369
16 294.9087 810.8456
17 732.7258 838.3553
18 268.4186 510.9753
19 108.2655 247.6755
20 374.4107 119.674
21 438.0854 111.0142
22 556.279 111.3418
23 393.0439 63.44279
24 458.4159 51.78176
25 781.1702 770.579
26 50.98449 621.7371
27 742.1497 724.3786
28 674.9705 484.7334
29 516.3533 587.898
30 335.6422 76.81418
31 600.0985 75.14086
