1 318.1623 422.0385
2 393.8996 736.7716
3 606.3978 713.7374
4 504.0673 219.6681
5 805.4342 793.3609
6 149.7566 637.4122
7 158.9452 697.1563
8 817.0449 556.7184
9 592.4949 780.6587
10 720.9031 717.6002
11 221.6078 749.0286
12 51.42207 616.3284
13 644.2306 742.6974
14 627.6867 653.458
15 764.6129 175.3473
16 333.6866 751.5332
17 601.6277 508.3688
18 270.4719 886.3447
19 566.8373 926.391
20 825.3474 229.2183
21 520.6998 648.1046
22 851.281 729.5484
23 627.887 437.0632
24 91.98781 376.7088
25 791.8756 732.0756
26 805.434 651.037
27 911.3258 411.2851
28 250.3934 115.5031
29 94.44006 267.8811
30 97.99015 519.9569
31 902.438 602.897
