1 575.8815 814.4703
2 558.9358 927.3681
3 32.45696 532.9712
4 323.4389 650.6125
5 714.9721 123.3804
6 620.6351 248.8157
7 797.9138 346.1531
8 513.5053 856.4008
9 606.6301 764.4832
10 58.94145 639.3395
11 411.5816 928.3677
12 460.4823 661.1135
13 85.96305 282.7404
14 827.5454 702.6982
15 570.3982 85.80056
16 750.3254 841.3465
17 794.5203 802.5869
18 340.7035 757.5592
19 518.0339 58.6491
20 842.6162 388.1565
21 853.0923 270.7443
22 571.5747 872.4799
23 814.8071 217.251
24 122.2377 228.039
25 153.8361 449.4196
26 369.8965 604.6289
27 292.1998 93.66085
28 346.0468 281.2091
29 611.0802 915.5476
30 913.2688 543.9217
31 767.4631 167.3456
