1 488.2934 57.94899
2 736.3972 851.7042
3 282.0558 152.4999
4 196.3178 835.5102
5 246.2961 785.8344
6 460.0941 544.5335
7 648.4368 128.8346
8 398.1828 528.9365
9 108.9772 245.5527
10 304.1023 898.4819
11 519.5403 758.2286
12 339.3958 135.962
13 260.1648 662.8866
14 852.2343 265.6819
15 179.1985 165.639
16 420.2935 292.3438
17 209.2667 677.7202
18 464.6478 141.5656
19 412.3802 60.95364
20 639.7058 81.88942
21 226.0098 131.7933
22 620.5597 267.725
23 406.8369 121.7633
24 679.6593 836.5379
25 302.6364 262.3043
26 701.0322 325.6533
27 664.0827 894.6067
28 615.27 913.9235
29 453.5725 854.1002
30 104.6989 692.7084
31 530.987 148.9165
