1 737.2522 794.999
2 685.6219 883.9975
3 51.85059 517.4431
4 169.6808 598.5268
5 891.2341 497.8547
6 338.0876 72.84243
7 436.979 503.3835
8 480.6868 837.2368
9 892.3711 646.7657
10 344.776 574.4854
11 213.593 845.812
12 260.9126 431.4981
13 40.44706 416.5797
14 714.1285 244.2948
15 825.7002 225.4827
16 532.2264 681.4865
17 812.0067 679.5781
18 212.2264 643.3319
19 415.1029 219.8203
20 495.5794 521.4086
21 789.9776 496.4968
22 869.979 699.7566
23 466.9943 448.6855
24 49.81291 359.8363
25 378.8419 283.7025
26 826.7794 742.1313
27 92.12813 363.8378
28 24.72484 474.652
29 725.5495 858.0532
30 771.9055 255.232
31 474.5089 389.4787
