1 615.217 364.7574
2 263.4775 200.619
3 756.9363 525.3158
4 715.2733 868.0103
5 146.5811 344.4291
6 385.3042 304.1707
7 654.0797 300.7798
8 555.378 354.5329
9 755.3513 449.8297
10 719.9994 388.9093
11 243.7182 125.3381
12 167.6919 176.0298
13 805.5616 488.04
14 34.03712 501.1232
15 185.6819 777.7899
16 695.1842 443.9761
17 142.8273 211.7375
18 834.9099 240.0942
19 66.75691 661.2772
20 355.9606 378.9456
21 690.1917 501.2192
22 108.6441 248.9177
23 575.9458 475.2547
24 257.4994 318.6965
25 630.5692 448.6683
26 198.194 147.2514
27 124.1997 760.3063
28 820.7045 767.8197
29 596.0867 306.0371
30 77.51885 295.0785
31 660.8892 896.1067
