1 359.3444 845.6025
2 577.6823 171.5021
3 110.8205 618.9243
4 128.0823 684.2539
5 914.3989 458.3539
6 267.0563 289.346
7 513.6029 55.21221
8 435.2519 670.632
9 278.708 814.1542
10 80.55551 557.5441
11 718.3098 130.8476
12 210.45 632.5112
13 44.36748 607.9562
14 695.2577 413.3127
15 466.9492 283.234
16 252.9473 872.8488
17 216.5496 824.7193
18 563.3241 105.9374
19 647.0388 744.1707
20 602.8773 918.2653
21 902.7465 377.5403
22 69.07682 667.1935
23 754.7624 708.6908
24 44.28081 391.1178
25 199.0702 689.5022
26 382.5614 76.82716
27 882.5732 326.3834
28 343.9614 916.6742
29 432.5868 111.8691
30 451.9775 56.32266
31 694.4558 490.4389
