1 711.3483 125.0317
2 384.6438 105.3066
3 573.2656 237.9786
4 519.8908 265.9638
5 213.5751 365.1594
6 154.9474 310.139
7 311.4715 230.3789
8 583.8173 332.4096
9 189.5427 634.1937
10 829.8132 351.0597
11 529.0749 480.8001
12 33.26162 514.0461
13 865.11 286.4265
14 449.0724 530.6352
15 384.5859 582.6757
16 892.0032 344.9443
17 753.5982 532.7829
18 446.2938 590.8234
19 393.9273 503.0827
20 584.9981 731.3251
21 770.0016 346.8124
22 315.5383 81.44557
23 437.2205 56.9233
24 783.3537 811.9159
25 680.6965 297.0198
26 471.0247 936.5376
27 140.7479 781.5442
28 392.2379 927.3104
29 727.8209 825.7994
30 567.1206 924.5081
31 214.1542 273.6296
