1 441.0705 263.1044
2 511.8316 779.5977
3 689.9876 827.842
4 634.8755 197.7093
5 370.2988 580.945
6 226.2753 258.7166
7 639.4731 608.5946
8 751.946 319.1742
9 679.6764 886.902
10 782.116 744.7665
11 617.0862 455.637
12 70.40772 542.8948
13 489.9493 154.6656
14 363.4925 642.9345
15 480.9938 935.7744
16 696.0402 296.8894
17 108.2488 638.7434
18 418.5598 931.4403
19 846.6494 641.7808
20 653.0164 545.9608
21 453.0621 879.5668
22 352.4609 903.6391
23 640.8286 381.2055
24 710.1879 406.5601
25 304.508 863.8866
26 208.6844 656.1359
27 323.1089 80.97643
28 27.15466 523.275
29 111.5435 745.7927
30 781.468 637.9035
31 82.92262 694.1034
