1 332.4225 634.4758
2 555.1721 334.3307
3 344.6302 445.298
4 221.0015 761.734
5 502.852 719.8238
6 103.2531 387.8041
7 168.9375 195.2057
8 388.6961 678.6603
9 166.6769 383.2651
10 110.9654 507.5592
11 222.4808 135.0191
12 310.4914 397.595
13 443.2689 517.3266
14 236.0672 201.3714
15 126.3241 450.0785
16 412.8247 591.4998
17 520.6003 572.3112
18 645.8755 346.1735
19 283.0175 682.5965
20 321.9623 830.3797
21 709.8787 374.6343
22 464.052 556.8407
23 816.1081 405.1403
24 63.99049 331.3663
25 515.7076 401.6348
26 698.0468 234.9207
27 919.4082 509.5503
28 730.6971 747.0366
29 575.646 68.88571
30 296.5794 338.6595
31 229.0811 637.0806
