1 750.5162 153.8283
2 400.3054 927.2331
3 428.4269 607.4183
4 57.76133 642.0323
5 520.9732 327.2281
6 773.1569 209.819
7 584.331 69.91824
8 504.7475 250.1446
9 51.80384 368.6563
10 105.1676 736.4999
11 575.5927 619.7302
12 332.5699 307.0651
13 266.2794 882.9899
14 714.0372 222.3325
15 492.9468 57.19396
16 881.0784 320.8818
17 146.1396 786.0174
18 92.48128 420.3933
19 643.7739 505.8475
20 487.0494 584.0646
21 536.4969 59.31423
22 701.3553 119.4282
23 645.9756 372.005
24 256.0233 649.2983
25 77.44463 299.0692
26 768.0824 828.9613
27 889.5536 657.3249
28 520.9435 672.8783
29 622.2275 910.2764
30 388.0022 868.8283
31 916.1892 467.5135
