1 404.7797 764.4745
2 551.9779 871.3751
3 90.37333 618.2555
4 99.77228 531.1816
5 681.7313 349.1809
6 864.609 506.541
7 856.8109 277.6453
8 354.3615 658.0314
9 576.9006 924.9368
10 148.7122 572.4141
11 488.9403 873.037
12 345.5993 505.5191
13 292.6988 473.6836
14 844.9605 717.6032
15 447.472 434.5667
16 791.4012 805.4928
17 822.5493 760.7489
18 499.9332 695.6887
19 653.359 297.3933
20 913.7982 421.3583
21 768.7954 167.6957
22 328.2796 867.2496
23 737.3358 314.7283
24 33.833 467.0351
25 355.6181 720.0598
26 48.14247 377.2539
27 531.5419 59.10117
28 646.6739 407.8442
29 518.1568 930.6095
30 921.4738 486.4299
31 705.8526 265.1116
