1 493.8134 495.6759
2 326.1255 80.83897
3 685.6255 885.3183
4 728.1331 727.5675
5 588.4274 721.6446
6 163.2727 571.9915
7 880.5281 317.5238
8 323.2833 344.6157
9 429.2568 396.5266
10 680.9785 825.5496
11 849.0324 262.5971
12 243.023 265.4065
13 415.3897 64.56083
14 73.18511 311.9993
15 105.4512 736.6282
16 231.3083 380.8241
17 188.6793 162.508
18 910.1343 584.5471
19 261.6744 326.4458
20 415.9726 842.8779
21 208.6705 756.7546
22 113.2057 530.778
23 386.9953 331.5485
24 44.37692 588.401
25 217.6869 212.4846
26 480.2381 56.37394
27 129.2966 430.1321
28 768.855 678.6476
29 914.4831 422.6353
30 576.0072 523.1977
31 599.9132 917.3629
