1 913.4588 540.3718
2 855.8256 628.1506
3 208.4491 454.1506
4 385.6187 675.9272
5 456.711 76.06528
6 807.8032 600.8663
7 563.7714 487.3888
8 797.8823 657.2475
9 700.101 432.6802
10 909.7758 605.157
11 710.5306 867.9608
12 415.7255 375.8455
13 279.7783 385.1587
14 127.3522 376.2119
15 797.9329 800.1452
16 855.0612 566.9744
17 876.2134 684.9932
18 553.5081 865.2783
19 82.40768 291.7353
20 828.8851 732.2539
21 201.8385 624.6502
22 883.2086 327.2157
23 350.8999 416.4778
24 103.9549 727.5971
25 113.6241 667.4107
26 245.3831 570.5526
27 205.6628 166.1293
28 153.7394 190.6938
29 510.4109 932.2477
30 112.1332 240.5908
31 396.8245 60.78792
