1 512.5222 522.0886
2 507.5763 56.5261
3 550.5619 295.7646
4 425.1071 932.1905
5 532.6599 702.6014
6 574.3864 62.83859
7 441.3647 60.03204
8 522.2921 639.9198
9 346.7879 368.5978
10 269.4587 214.1974
11 193.7707 155.3002
12 219.766 214.6296
13 871.0979 312.6083
14 131.9979 603.702
15 92.28551 277.066
16 722.5965 131.6335
17 349.3114 74.16715
18 489.7336 305.4687
19 81.34934 624.2271
20 529.34 229.8766
21 377.977 418.301
22 149.9264 197.0794
23 327.5701 453.143
24 537.1762 164.8205
25 409.6984 344.8489
26 444.6688 259.3451
27 612.242 913.6113
28 551.5999 567.828
29 549.946 96.60505
30 156.6369 259.8413
31 311.7701 520.3592
