1 580.6 809.7393
2 561.015 926.899
3 33.75905 525.9321
4 324.0872 653.5202
5 721.0473 128.0414
6 615.0793 243.7518
7 793.5466 350.3507
8 514.7792 862.0146
9 609.6999 758.2904
10 60.02481 642.2451
11 404.855 928.9753
12 455.1245 665.2323
13 86.69769 283.0125
14 826.1787 695.796
15 571.2124 79.55129
16 748.5786 842.903
17 792.5687 805.3719
18 333.4619 756.2111
19 514.0173 57.83158
20 836.7814 389.3988
21 856.8574 275.3616
22 575.602 868.601
23 820.6123 221.9101
24 121.3192 229.0544
25 149.876 443.0273
26 372.5989 611.4019
27 288.002 94.70145
28 339.7595 283.1063
29 613.41 915.5089
30 913.317 541.1449
31 770.0207 172.0828
