1 918.5717 509.0347
2 703.5842 639.783
3 378.9755 450.6025
4 540.152 693.6607
5 583.5355 73.62362
6 660.014 600.2805
7 410.3558 523.5752
8 645.6557 666.3175
9 584.7167 296.2326
10 878.5323 689.4729
11 539.3853 774.1277
12 475.9464 520.736
13 432.9398 272.2292
14 37.86331 528.4766
15 672.2846 799.6106
16 820.6028 709.267
17 725.4043 752.681
18 475.4271 700.2746
19 86.05181 284.8447
20 692.4079 700.3322
21 88.01546 496.0906
22 783.7179 315.4877
23 472.0912 331.7022
24 118.3059 749.462
25 99.19617 607.7221
26 101.0592 438.2267
27 337.7562 226.4188
28 247.5226 115.4034
29 452.5347 795.3419
30 157.0498 187.1041
31 352.253 72.59965
