1 641.9971 559.8444
2 785.8636 804.2999
3 282.2883 789.1571
4 525.3102 718.2791
5 619.3996 502.247
6 606.6005 197.1365
7 587.1105 703.7382
8 588.3669 588.381
9 899.0242 448.228
10 642.7868 445.4948
11 336.9165 877.5429
12 404.0344 594.1586
13 33.90563 459.7648
14 401.2898 59.8136
15 858.5224 542.7208
16 735.4509 436.6113
17 742.2265 583.3457
18 347.2847 793.016
19 68.0861 326.5835
20 640.2509 726.887
21 544.9387 660.8506
22 901.7664 613.3175
23 527.29 388.7501
24 43.24989 402.5201
25 560.3579 485.5612
26 726.9192 701.1462
27 96.69159 269.1654
28 50.23666 524.292
29 605.7929 650.9175
30 442.1082 167.1848
31 465.7242 79.73228
