1 720.9316 131.6651
2 384.2046 101.1895
3 562.7726 228.5975
4 507.2196 257.7004
5 216.8852 382.0859
6 168.1162 320.9637
7 320.9182 220.605
8 568.9642 328.1726
9 204.2329 638.4509
10 831.931 357.9796
11 523.9648 495.1459
12 33.5987 517.0196
13 861.8321 278.8568
14 440.1263 530.5158
15 373.2246 596.6296
16 887.4465 336.6579
17 751.9506 518.5782
18 437.1938 595.4787
19 380.5025 512.644
20 572.7291 733.3756
21 773.5147 354.8153
22 306.5053 86.24345
23 430.5247 58.07512
24 783.1983 811.4032
25 678.2092 310.591
26 482.108 936.4017
27 135.9905 778.0486
28 402.0508 929.0243
29 728.5717 830.1437
30 566.995 924.4242
31 227.6161 280.593
