1 386.89 65.654
2 766.5386 827.1465
3 390.3394 189.439
4 149.7322 793.1791
5 303.9954 622.7693
6 368.3977 696.8886
7 545.4419 147.9886
8 382.7465 385.6047
9 155.1735 375.5556
10 288.447 892.2611
11 363.6643 785.9482
12 448.2271 177.5873
13 368.1156 610.8791
14 752.8589 154.7852
15 88.79246 279.3377
16 325.57 188.799
17 300.3246 559.3525
18 445.5698 55.69756
19 380.3136 122.6954
20 595.455 115.3043
21 249.1677 114.1436
22 708.0247 236.9506
23 446.6863 114.8232
24 720.7792 723.7782
25 141.0539 244.4356
26 716.3442 193.7435
27 704.5615 874.0671
28 655.1341 899.2911
29 521.7127 724.4219
30 73.24268 530.2503
31 511.8219 57.95947
