1 614.4489 693.3657
2 684.8386 108.4784
3 337.5245 688.9982
4 480.6221 935.6722
5 508.2562 516.5351
6 30.68056 513.7558
7 456.3483 672.9516
8 308.722 598.0563
9 580.7565 639.3188
10 340.1744 377.508
11 237.2867 868.2638
12 524.8158 684.1871
13 98.38959 371.6417
14 564.8485 336.7748
15 735.3504 139.9988
16 119.5393 667.4539
17 913.4857 579.1343
18 56.17258 631.6929
19 190.5454 151.7911
20 38.93059 578.8889
21 531.7293 250.6034
22 533.5541 61.09921
23 577.7476 505.3338
24 531.0425 864.9483
25 646.358 229.5657
26 659.9076 487.5172
27 720.7967 199.0897
28 786.6062 179.2603
29 100.666 725.3262
30 430.2766 103.8108
31 136.4354 263.0604
