1 304.9812 900.6305
2 690.4935 713.38
3 287.712 686.506
4 140.1789 727.4085
5 845.4132 426.3353
6 816.3567 709.5877
7 800.3357 193.1908
8 381.7678 837.6612
9 447.329 932.7673
10 125.9616 355.792
11 629.8057 690.401
12 361.9859 688.2897
13 127.5488 625.3609
14 823.8014 768.2151
15 466.9823 660.4917
16 754.2012 831.0278
17 763.3253 768.9126
18 669.3266 630.0601
19 727.5266 486.0628
20 898.1188 561.4928
21 746.32 153.5569
22 198.4963 836.9818
23 913.6599 439.5404
24 32.89058 500.1406
25 478.9537 792.2178
26 52.63536 360.1799
27 668.7601 100.4023
28 719.5478 591.632
29 519.6334 742.5926
30 845.0689 488.3339
31 780.5268 449.9575
