1 518.1866 499.017
2 501.1506 56.1831
3 539.8259 313.5695
4 427.811 931.8231
5 548.4979 685.1174
6 565.6893 60.8918
7 436.5123 60.03454
8 536.5282 623.3833
9 335.3688 385.9772
10 272.6561 232.4527
11 214.7235 142.6809
12 226.4016 231.4047
13 875.3542 333.1444
14 153.2367 610.5134
15 101.7681 263.3991
16 734.4861 141.5052
17 349.8197 72.89502
18 482.7692 332.1482
19 90.91024 607.5575
20 519.6476 245.9247
21 376.0529 432.1613
22 165.231 184.0661
23 327.3902 472.696
24 553.7413 177.2678
25 401.1893 364.4215
26 449.0423 276.694
27 625.7323 910.211
28 554.8641 547.2563
29 543.007 96.07193
30 163.9697 253.9901
31 286.3577 528.0098
