1 595.3306 456.4572
2 121.5198 673.9086
3 477.8162 442.6221
4 648.3879 480.2349
5 721.4813 860.5142
6 60.10799 651.5631
7 31.98748 501.3468
8 479.4628 533.858
9 415.5121 430.8553
10 364.8425 660.9374
11 103.8897 528.2235
12 102.5943 730.0736
13 537.2905 458.4545
14 460.4786 379.3745
15 643.94 542.1738
16 168.4416 810.0223
17 915.3137 543.278
18 154.6798 754.8482
19 485.0063 895.0664
20 782.3339 182.3481
21 560.5039 404.2132
22 856.3104 517.022
23 902.4127 377.6352
24 38.79304 562.8237
25 445.2857 733.1043
26 438.6617 662.9001
27 702.0369 430.4922
28 335.0947 403.6095
29 78.08219 299.6618
30 401.6682 296.8234
31 594.6406 797.212
