1 238.1882 504.0923
2 548.9598 101.1494
3 376.6709 627.4835
4 319.8147 876.0728
5 621.9098 503.1391
6 105.0469 248.4492
7 284.7754 239.4145
8 447.1403 902.377
9 344.9978 555.0732
10 236.0872 558.0573
11 397.3976 185.3545
12 425.6056 552.6272
13 295.0073 589.4907
14 342.9828 153.5867
15 162.8781 231.7139
16 347.9749 780.6109
17 418.6782 763.4343
18 814.1863 258.1502
19 412.0046 846.3329
20 500.5801 931.3736
21 861.3894 419.8085
22 312.2094 630.2584
23 915.6163 449.5756
24 44.34224 395.9287
25 437.9531 623.9516
26 496.7391 60.13504
27 905.5808 393.0241
28 489.1399 723.2466
29 430.1362 57.98023
30 477.6149 197.024
31 383.45 501.8762
