1 604.8689 797.7961
2 576.6006 922.7981
3 28.06596 513.647
4 307.2017 671.4263
5 746.5357 153.7191
6 583.3894 215.1514
7 763.5755 363.9578
8 536.3868 886.5842
9 629.4771 728.2057
10 67.02571 664.2255
11 368.8418 920.7361
12 428.1293 683.0259
13 84.86604 284.8882
14 817.8525 660.6535
15 573.7468 64.56356
16 731.219 856.1614
17 780.5453 817.2411
18 297.0266 751.6537
19 511.1932 56.75484
20 810.0452 399.5514
21 869.0815 295.8285
22 588.7224 854.3393
23 827.6052 251.2485
24 118.9764 232.0843
25 137.9837 407.6061
26 400.5955 617.3703
27 267.0614 106.7863
28 302.7063 293.988
29 625.7313 910.0188
30 917.633 513.1692
31 778.491 195.9857
