1 338.1567 375.1125
2 350.6764 654.2211
3 696.0543 880.4864
4 542.5336 263.8462
5 361.7915 746.3684
6 541.3387 930.1031
7 446.0028 895.3332
8 520.8403 503.0158
9 625.302 630.5767
10 448.3026 644.7632
11 603.81 915.7333
12 62.29192 651.0183
13 826.0509 659.6883
14 662.1476 685.8043
15 767.9323 393.2043
16 890.1626 656.8988
17 683.4007 844.5555
18 135.0263 769.0836
19 658.7055 896.3005
20 859.3838 277.696
21 740.1893 847.8101
22 654.6988 796.7877
23 877.7818 373.5828
24 624.6161 85.15947
25 351.527 543.0513
26 406.3939 787.5952
27 685.7946 109.1718
28 209.4681 484.5017
29 276.8577 357.0258
30 217.8811 727.1485
31 427.8243 294.2678
