1 474.7677 439.0597
2 480.1523 52.92013
3 503.4793 381.1664
4 491.5948 935.1619
5 593.9772 575.4843
6 540.8495 56.43566
7 438.5757 57.86798
8 569.7313 518.0515
9 325.6131 499.2208
10 300.3428 330.9267
11 329.2688 94.30287
12 221.3244 337.4093
13 904.8688 440.7045
14 274.031 632.8308
15 154.8609 192.8624
16 772.2401 170.0871
17 383.6432 66.4502
18 417.3721 432.7967
19 114.0491 509.8982
20 467.435 322.6532
21 377.4999 537.3778
22 204.7906 145.3171
23 336.7878 594.0022
24 643.0926 238.1513
25 379.1362 478.7494
26 441.9941 379.4999
27 685.3262 883.5192
28 571.1005 433.859
29 517.2761 101.5978
30 247.9599 248.2906
31 173.8599 519.5168
