1 770.8309 594.0916
2 201.8462 198.2727
3 718.1441 742.0161
4 720.0838 864.2919
5 441.0817 325.4922
6 242.8227 529.8612
7 676.8671 104.1547
8 513.4996 590.7501
9 575.4189 617.581
10 823.8334 628.737
11 469.9132 54.73778
12 179.8008 156.1563
13 705.7959 375.6166
14 37.80918 421.0897
15 235.6587 864.8955
16 545.243 517.3812
17 147.094 193.5112
18 912.011 413.4265
19 51.82007 615.1145
20 279.5726 583.8375
21 608.2029 693.0561
22 116.9645 235.7663
23 295.3 494.0854
24 200.7437 569.5425
25 382.7813 372.7833
26 227.4065 126.7919
27 131.0233 750.9996
28 790.5212 807.3712
29 734.5726 140.6359
30 197.9878 352.8006
31 596.5233 921.0408
