1 763.5678 527.2621
2 186.5598 203.1049
3 719.6618 680.9433
4 730.2404 856.7082
5 377.9869 303.4993
6 272.6552 485.8449
7 687.5428 118.3819
8 545.6715 545.2184
9 618.1009 581.6382
10 817.0829 565.3468
11 413.0203 60.6285
12 166.2618 162.724
13 753.6698 419.4656
14 35.99135 441.7662
15 188.1128 827.7579
16 603.3595 520.0809
17 136.6359 203.8499
18 895.3391 356.5381
19 68.26558 663.5285
20 281.1016 534.0107
21 654.2302 672.1057
22 113.374 244.0248
23 368.5833 495.4618
24 222.9641 514.3697
25 423.1969 421.2192
26 211.8804 137.4549
27 131.9345 771.3724
28 812.7053 781.1086
29 734.0248 164.0334
30 147.0502 310.0271
31 548.25 929.8137
