1 648.1167 614.0811
2 753.9225 838.0973
3 286.9925 683.4058
4 451.3549 638.9873
5 708.6196 557.7072
6 525.8428 119.6884
7 506.9216 671.1194
8 593.7444 639.0614
9 916.2199 536.0568
10 581.0201 459.9623
11 211.144 828.6624
12 464.7624 512.4862
13 35.86378 441.3093
14 489.288 67.63066
15 871.6612 443.1228
16 638.0429 487.2581
17 710.2815 648.4134
18 393.7764 680.8173
19 167.0382 328.2249
20 565.0174 693.405
21 544.5641 600.8136
22 876.6431 685.8136
23 416.8683 324.0241
24 48.62862 378.9628
25 538.6706 410.3905
26 835.2026 755.8638
27 69.71936 321.2171
28 34.15104 536.0379
29 653.9248 676.3517
30 545.0772 189.1096
31 455.325 192.1484
