1 349.9035 809.8959
2 615.5003 826.2017
3 150.648 669.5427
4 86.4912 600.0317
5 736.0172 413.4145
6 867.8877 582.078
7 822.984 224.7905
8 318.1471 715.7988
9 514.8499 934.978
10 163.2834 499.024
11 536.0241 804.8352
12 317.1271 573.088
13 244.8788 544.2132
14 862.3476 716.9775
15 449.2407 515.3281
16 785.7576 810.2574
17 831.3103 760.1564
18 562.5313 640.0044
19 668.6424 370.9962
20 916.5565 448.2996
21 750.0925 152.5263
22 257.9631 875.7633
23 787.7591 382.9566
24 34.73874 526.4983
25 386.491 750.5206
26 45.4527 385.035
27 576.8658 67.32793
28 678.841 477.9552
29 485.5268 865.135
30 879.1637 498.3722
31 719.8251 337.8288
