1 685.207 108.4447
2 625.3896 81.81782
3 343.1476 421.1647
4 398.2627 511.6849
5 563.0854 622.2479
6 525.0729 576.6161
7 531.6664 280.4217
8 567.3354 530.123
9 56.50565 412.836
10 567.1341 330.198
11 338.5079 792.2182
12 59.38534 640.6742
13 777.9105 309.9506
14 123.0317 758.3844
15 341.6195 855.6487
16 771.0804 203.8974
17 471.7668 468.8204
18 61.51781 496.1241
19 111.7231 460.8826
20 328.7744 912.2387
21 914.5063 557.1157
22 132.8592 230.9484
23 168.9208 177.4399
24 562.2272 680.6338
25 724.9183 682.0282
26 541.6793 737.1063
27 272.5012 885.3962
28 598.0429 919.2502
29 856.6531 656.434
30 534.4521 847.8053
31 495.0361 524.6041
