1 486.2573 400.9772
2 346.4595 358.9656
3 593.8661 342.0027
4 743.8312 457.1187
5 876.8209 472.7374
6 885.1142 333.7221
7 241.1808 159.1968
8 517.8347 286.6189
9 31.49017 490.5962
10 692.467 529.2732
11 593.5477 880.1172
12 92.91708 713.7926
13 901.8918 439.8339
14 214.8311 850.7047
15 611.6219 772.5776
16 395.7559 409.4372
17 726.9593 644.373
18 408.0774 613.0479
19 108.1699 246.9726
20 338.8447 607.6856
21 718.1267 582.7258
22 429.4854 99.37196
23 368.5431 67.76043
24 649.3326 488.4017
25 912.6676 522.4504
26 45.17308 602.8747
27 537.5336 931.2584
28 652.4056 898.9932
29 916.4526 404.6209
30 171.6033 581.9409
31 869.743 384.9649
