1 347.241 129.9223
2 791.2092 807.2173
3 408.8912 233.2058
4 134.9002 775.7209
5 379.989 578.6174
6 324.7458 774.2455
7 490.6184 169.822
8 444.3172 335.0401
9 120.0506 445.5457
10 306.3669 900.1507
11 287.3048 827.1108
12 466.249 221.9337
13 431.2849 617.8821
14 721.0166 129.3864
15 109.654 245.3455
16 273.4555 139.2054
17 367.149 518.319
18 455.5599 56.46974
19 370.5834 181.4738
20 550.0071 162.5342
21 309.1232 87.07419
22 733.3815 201.3906
23 484.0032 110.0292
24 727.68 655.9468
25 149.2433 197.3994
26 767.1864 177.5909
27 734.6448 855.6769
28 688.7072 883.2447
29 574.4793 673.6029
30 45.61381 461.4716
31 515.9381 60.19524
