1 697.2885 116.265
2 356.921 133.2955
3 602.0289 266.5854
4 553.5758 289.8038
5 208.3105 317.7002
6 108.9871 284.9363
7 286.9166 264.4834
8 621.6836 354.2541
9 148.0338 612.0718
10 805.5169 334.4761
11 544.8655 441.3865
12 32.54864 502.4914
13 874.4987 312.611
14 480.6965 521.1425
15 406.3422 540.6562
16 901.0523 370.7056
17 751.641 572.4659
18 476.7264 579.7957
19 431.7617 481.5563
20 621.2514 728.1491
21 739.5642 318.8505
22 342.9666 72.38762
23 471.8029 55.69541
24 787.0376 810.038
25 686.7484 252.7855
26 436.9909 933.3516
27 146.4614 789.0494
28 357.6703 918.0403
29 702.1949 809.0647
30 575.4537 923.2242
31 176.8893 250.1924
