1 741.4946 668.5267
2 254.7229 166.7837
3 706.0534 817.3798
4 765.7169 832.1663
5 518.5012 360.9621
6 198.4931 578.3758
7 711.6033 123.6316
8 446.9367 630.8493
9 503.7568 654.9652
10 799.244 703.8289
11 547.598 62.77098
12 215.3476 145.6373
13 655.3707 323.9766
14 34.0268 446.2076
15 282.5148 891.6321
16 482.3108 483.0308
17 167.8041 173.1839
18 911.4726 421.3539
19 58.94451 554.1887
20 291.8469 630.9523
21 542.1354 701.1532
22 96.17388 267.5683
23 210.4101 496.0325
24 150.7055 623.6849
25 352.0705 298.2554
26 272.762 101.513
27 173.2519 692.2354
28 808.577 784.7022
29 761.7064 163.013
30 257.7775 399.2469
31 646.1026 903.4964
