1 571.9639 502.8619
2 666.4166 687.1515
3 603.8474 917.6021
4 510.4078 477.3437
5 777.7609 673.5191
6 422.0348 912.5539
7 146.2427 793.1497
8 769.3849 292.2391
9 797.7041 796.0854
10 795.5016 499.6611
11 494.3726 930.1607
12 33.82177 518.1725
13 657.7964 905.1031
14 836.83 751.5923
15 748.6589 150.4561
16 642.8746 809.4257
17 540.3108 796.4555
18 210.8627 782.7804
19 554.4561 929.5264
20 838.5875 246.1962
21 666.2089 860.7119
22 708.7966 726.8023
23 806.4127 598.7001
24 315.1883 177.4409
25 725.7989 625.2642
26 835.1909 692.6242
27 849.2579 395.6438
28 166.0804 179.8899
29 94.03163 268.3581
30 98.82838 584.9609
31 807.7447 440.4848
