1 438.9278 295.1895
2 559.4916 621.1888
3 611.2446 415.2353
4 752.0384 435.4137
5 680.9049 885.1685
6 539.5257 191.0203
7 177.2878 201.7517
8 551.3618 320.2095
9 56.47456 344.8445
10 502.337 99.647
11 903.9048 385.4994
12 165.0422 806.692
13 566.111 502.321
14 622.7892 908.5288
15 123.1428 759.9231
16 314.6503 817.9706
17 745.6123 841.3515
18 275.1701 490.5424
19 111.7053 243.3716
20 376.3176 119.9009
21 439.2648 112.1515
22 555.6629 131.985
23 392.8601 63.73721
24 460.5029 50.86118
25 759.6093 770.2995
26 52.57663 628.2796
27 739.4121 704.9603
28 697.0592 482.8531
29 494.8833 590.2313
30 336.9276 76.68702
31 581.0542 69.75612
