1 759.8175 569.0198
2 393.1553 333.2007
3 510.3019 825.5434
4 371.5913 558.5669
5 234.4935 716.537
6 320.2257 337.5506
7 891.6212 345.5678
8 693.2052 470.4871
9 759.5991 474.3721
10 913.2861 560.3903
11 801.4786 197.2855
12 312.4868 546.9407
13 421.3408 59.39445
14 44.59045 399.0886
15 458.6928 665.6123
16 177.6042 384.0723
17 236.4262 458.6456
18 842.9827 740.0933
19 586.5971 155.7067
20 557.493 928.2979
21 160.7831 443.2866
22 50.11978 620.8641
23 250.6949 611.0464
24 101.8471 445.0758
25 68.76349 338.0831
26 521.0432 123.1995
27 105.7604 253.2077
28 537.1035 373.0129
29 683.0859 647.1621
30 899.6366 624.8552
31 390.2642 927.0997
