1 638.7679 777.2645
2 225.5992 629.9916
3 369.9249 517.7699
4 475.4942 504.8162
5 161.1692 631.6017
6 652.8688 597.7233
7 399.3891 282.1446
8 576.0015 778.0863
9 408.7757 867.0478
10 251.936 116.8734
11 789.2857 466.8693
12 204.2341 687.0923
13 601.6805 298.5087
14 349.088 322.8438
15 411.1084 930.8836
16 227.3745 856.6194
17 131.3538 680.4981
18 381.6647 579.8095
19 352.387 706.5211
20 284.2953 891.9146
21 64.46524 515.9921
22 423.486 445.3566
23 845.7462 395.4703
24 485.5359 449.3103
25 270.7474 357.2131
26 467.2044 852.7718
27 907.1734 401.053
28 463.3872 934.5734
29 512.1259 934.0251
30 799.5779 253.7941
31 46.97524 376.1048
