1 338.2714 630.8273
2 558.8765 339.8325
3 338.0886 444.4776
4 213.8643 762.6163
5 501.5413 727.5081
6 98.33577 393.98
7 175.6739 194.3754
8 383.5837 674.9545
9 160.0639 381.5847
10 102.8415 512.5311
11 216.8905 136.7124
12 302.997 397.1709
13 447.6979 514.8304
14 240.0888 207.6333
15 121.7038 453.4814
16 413.9595 585.0031
17 525.5612 566.4638
18 638.0596 345.4567
19 279.2939 677.9822
20 316.1026 828.1412
21 703.2455 376.3336
22 468.3077 553.5727
23 811.2324 399.5981
24 66.29005 325.2867
25 516.742 395.4371
26 704.3734 239.1476
27 920.6838 513.7308
28 737.1329 750.6186
29 581.133 69.41025
30 289.314 338.5282
31 225.0308 643.8688
