1 319.481 470.8558
2 435.5841 740.9353
3 595.1738 749.8442
4 468.5709 239.2657
5 820.3528 777.0142
6 192.4075 665.3667
7 143.186 734.7939
8 837.3392 523.5526
9 614.118 820.2498
10 744.6627 682.6801
11 257.9967 779.2713
12 43.02523 586.9292
13 643.776 765.0501
14 668.825 668.4141
15 745.7411 147.9602
16 375.5174 750.8755
17 571.7171 533.6506
18 267.8539 882.713
19 562.1516 928.4835
20 823.1257 227.1038
21 521.9655 686.6464
22 861.722 713.6579
23 639.4829 481.4996
24 104.2761 340.164
25 800.3888 715.4865
26 844.2375 653.0916
27 914.922 442.7227
28 263.8939 106.1798
29 88.58347 277.495
30 63.50966 527.745
31 911.3357 572.2772
