1 652.3279 594.3331
2 753.871 838.8795
3 294.285 724.0855
4 486.1908 663.7046
5 671.1293 539.0819
6 552.8215 140.5139
7 542.9803 683.7089
8 592.2602 606.0021
9 919.8769 498.7799
10 616.011 444.9641
11 256.5317 848.2805
12 450.9489 551.2303
13 35.45763 440.3163
14 458.8195 65.89455
15 861.0506 482.1412
16 674.0766 465.9048
17 700.5505 623.0378
18 370.9262 720.8595
19 127.9025 336.2193
20 595.5905 708.5399
21 530.6704 625.1992
22 884.4223 668.1626
23 463.3251 341.5358
24 47.50815 379.0593
25 553.5658 450.463
26 792.5577 737.0529
27 83.22986 287.5446
28 34.29525 534.3125
29 635.2545 654.4818
30 504.2077 183.1837
31 456.7278 146.3552
