1 385.6605 64.90943
2 768.9066 826.8466
3 394.3965 193.6138
4 145.8874 789.2452
5 309.9002 617.4872
6 363.7068 703.2647
7 540.3608 151.564
8 386.3211 379.7811
9 153.3832 383.078
10 288.2342 891.6209
11 356.4947 789.4979
12 450.2043 175.6079
13 373.8238 610.201
14 748.5529 148.8316
15 87.37055 280.4442
16 322.3694 183.913
17 305.7924 555.4469
18 442.9375 53.41452
19 381.5951 126.5355
20 591.5732 120.2153
21 254.1543 111.4294
22 709.9273 232.8686
23 445.9852 114.358
24 721.278 717.495
25 134.9489 238.9468
26 721.9993 191.5509
27 708.8352 872.2774
28 658.9635 897.4077
29 526.2309 718.5325
30 69.21278 524.0214
31 510.539 57.04421
