1 846.6847 256.7601
2 368.9548 922.4002
3 624.9023 501.912
4 75.97189 684.9903
5 420.7369 107.1726
6 451.7197 188.3452
7 447.5046 55.91227
8 389.7629 491.7899
9 59.59185 404.1206
10 259.6947 654.2685
11 694.0274 339.1786
12 148.6155 415.9773
13 224.4446 802.0124
14 490.0987 98.34718
15 562.8473 111.4208
16 830.0195 318.5774
17 125.9145 653.8386
18 39.53447 576.9503
19 828.543 687.86
20 552.0388 765.7369
21 619.1805 78.30623
22 810.4088 213.4389
23 789.9716 270.316
24 101.093 454.7687
25 60.46093 341.2436
26 909.4107 593.5467
27 918.5604 485.2308
28 543.7661 705.496
29 521.9104 933.7402
30 302.3424 792.7366
31 881.482 325.5741
