1 406.0033 612.5026
2 538.2099 60.5141
3 653.099 203.2702
4 477.157 879.2876
5 385.6886 736.8694
6 599.5453 65.97223
7 416.6349 60.97927
8 381.7856 672.3167
9 457.0549 269.1603
10 348.4956 152.5508
11 157.3457 187.5035
12 260.0568 145.73
13 809.227 211.1611
14 51.52166 612.8568
15 67.21035 320.6199
16 736.5757 143.2123
17 299.1568 90.87085
18 558.7268 195.9417
19 68.78704 670.2587
20 526.4517 137.8746
21 478.8745 323.5647
22 123.6435 227.3087
23 381.4238 299.0143
24 472.7079 55.06999
25 498.2516 221.6632
26 360.0076 231.2934
27 520.7118 933.4738
28 578.374 702.5098
29 577.8324 107.6439
30 92.68243 266.2496
31 457.4141 557.3886
