1 653.7231 606.8609
2 752.8238 840.3589
3 290.7398 696.1576
4 464.7801 645.3017
5 697.2257 551.6134
6 531.6463 119.9514
7 519.3247 676.0228
8 595.4134 625.8388
9 918.3298 522.6184
10 594.4037 454.103
11 225.6058 836.0281
12 461.6785 526.0434
13 35.66603 440.8224
14 483.1616 73.51272
15 867.6679 456.4973
16 649.9992 480.2419
17 704.4035 640.1876
18 385.3301 693.9502
19 153.8436 330.9226
20 575.0102 699.1347
21 535.8635 606.0005
22 876.4538 680.582
23 432.5192 328.502
24 48.07861 379.9801
25 542.142 424.2573
26 821.1761 750.0115
27 72.37204 310.3724
28 34.35142 538.6326
29 647.472 670.0133
30 530.7472 188.9868
31 454.7951 177.1858
