1 359.5802 423.0299
2 871.9302 696.2282
3 166.5885 611.398
4 67.04665 663.8793
5 629.8844 908.61
6 208.5168 741.9544
7 327.5324 540.8231
8 395.3619 586.1827
9 265.7816 551.4384
10 209.8538 801.2845
11 189.6268 680.0355
12 398.628 521.2529
13 687.3232 880.5263
14 807.3951 206.5035
15 61.95986 339.1217
16 266.6962 107.0951
17 657.6309 239.223
18 212.7661 140.056
19 144.022 556.0737
20 322.1812 483.2683
21 747.7624 270.9674
22 891.8518 353.3241
23 446.4779 466.7538
24 617.5607 288.0133
25 119.495 235.0723
26 910.9257 406.5826
27 823.9509 769.8393
28 790.0401 806.2802
29 860.7907 306.5751
30 82.95015 305.9279
31 510.6164 488.5839
