1 683.7364 108.6856
2 611.029 77.10914
3 344.6166 377.6615
4 368.5664 483.0692
5 509.6177 624.8976
6 482.2101 572.6104
7 549.1603 244.3332
8 526.1242 529.3396
9 102.0721 429.7063
10 592.8748 290.8382
11 345.6925 794.036
12 52.99756 622.4642
13 771.4395 265.9393
14 162.0119 733.6003
15 309.0628 844.031
16 810.9099 219.0972
17 500.8098 445.0452
18 85.00241 537.8296
19 147.9921 478.9864
20 323.6389 901.5912
21 910.1072 586.0605
22 126.0622 227.8786
23 165.8081 174.0616
24 591.9118 695.58
25 690.2906 659.0356
26 574.0016 752.0138
27 265.9973 882.5649
28 574.5897 924.1931
29 841.3934 689.8246
30 575.4669 861.0498
31 462.0358 514.1399
