1 519.4377 315.6582
2 548.7631 610.9638
3 670.0944 896.9852
4 635.5689 409.3914
5 579.2912 668.9574
6 480.1505 936.8281
7 278.117 808.6177
8 583.7663 318.0337
9 808.3258 718.4245
10 610.2907 500.1781
11 565.6674 925.4352
12 45.95446 597.869
13 716.5433 793.2256
14 867.6156 700.2332
15 866.3427 291.8564
16 799.7532 780.139
17 652.0439 857.8642
18 224.3846 853.8315
19 621.6512 912.284
20 890.1386 347.9087
21 716.9828 865.059
22 622.3334 807.8753
23 909.0227 588.2947
24 472.6231 75.82082
25 545.8407 537.8316
26 629.2242 716.6482
27 750.2162 244.4656
28 189.4864 265.9894
29 125.5561 261.8082
30 137.2072 773.1351
31 634.0939 343.7635
