1 520.6836 58.51696
2 724.0361 860.2415
3 266.114 179.0209
4 193.8908 834.5415
5 258.6247 816.2362
6 489.1094 518.7618
7 674.5822 110.7642
8 421.8616 552.9662
9 108.4172 247.0033
10 314.1064 902.2272
11 555.8855 768.8587
12 313.0587 133.1846
13 252.8029 685.7941
14 866.8041 289.9112
15 190.4792 156.1347
16 446.1693 318.4394
17 207.0031 708.7859
18 445.4346 173.1593
19 439.1255 57.87936
20 623.1856 81.4601
21 242.7972 122.6942
22 596.0623 244.006
23 384.5843 96.90456
24 662.6589 837.8316
25 338.1717 250.0051
26 705.1776 362.4329
27 657.9649 897.3327
28 610.2778 915.4744
29 435.5607 884.2455
30 101.8832 724.3967
31 530.8187 183.159
