1 506.7283 220.4159
2 504.6568 664.7934
3 554.6666 483.899
4 679.3677 480.0308
5 695.5449 876.6633
6 603.1936 109.9409
7 162.6879 284.8726
8 642.9201 343.1786
9 42.01533 403.4835
10 535.0127 127.9102
11 913.5768 475.6292
12 138.7351 779.2072
13 639.5374 552.251
14 638.2865 905.0657
15 94.07691 718.6609
16 230.9879 783.6859
17 698.1473 801.6563
18 249.9532 584.291
19 84.03839 286.8289
20 359.8305 124.9138
21 474.1187 131.1763
22 550.3864 70.07005
23 372.9703 65.88967
24 447.0162 78.05284
25 832.7581 759.245
26 54.5112 632.6627
27 774.4586 781.0084
28 614.6009 499.4609
29 578.7379 588.5733
30 299.896 89.90957
31 652.8277 94.10919
