1 495.4939 854.7359
2 489.6943 927.5132
3 35.2984 540.6403
4 208.8499 514.1592
5 597.7238 254.8963
6 807.3709 422.8229
7 875.5265 307.5825
8 456.2416 653.2874
9 588.4253 890.7003
10 53.74502 603.7998
11 436.8018 940.0542
12 436.1726 475.0778
13 246.215 384.7377
14 843.4032 744.3857
15 457.9248 293.263
16 781.6672 814.0559
17 811.8382 775.0644
18 438.606 822.8484
19 626.0596 187.1805
20 914.7819 441.3799
21 808.6024 209.2201
22 445.5313 888.5353
23 689.6975 200.4249
24 51.95264 359.9956
25 275.8551 632.9159
26 183.2016 429.182
27 453.2042 56.54682
28 565.5715 307.8583
29 546.3608 934.1996
30 917.7787 499.5457
31 695.723 140.959
