1 697.8974 115.2799
2 520.8007 107.2862
3 422.9061 242.5444
4 342.0723 335.4451
5 350.3497 548.3535
6 342.3452 487.2766
7 471.0433 164.7231
8 419.0949 427.2928
9 191.8064 572.979
10 715.881 261.637
11 419.4074 717.3439
12 38.59974 565.6175
13 795.1486 193.0415
14 293.7731 626.6513
15 226.8032 781.9452
16 837.2114 243.5434
17 645.2225 395.1516
18 231.2208 639.6511
19 251.6314 560.6177
20 408.7858 804.6769
21 865.547 512.752
22 149.4445 191.6694
23 262.4448 110.3302
24 715.2408 761.9507
25 631.5311 514.2653
26 621.8883 907.8609
27 200.0853 835.9526
28 506.5931 933.4554
29 761.8132 810.7713
30 681.9482 885.6852
31 359.4565 427.123
