1 592.2691 702.9338
2 349.8056 80.67114
3 721.793 864.6927
4 808.1961 788.0857
5 607.5099 485.0641
6 66.121 650.8385
7 801.0992 197.7887
8 330.213 569.2414
9 386.7005 609.8706
10 751.5759 817.1323
11 686.5296 109.8915
12 261.6347 109.3858
13 561.8275 211.3474
14 59.92309 345.2951
15 164.5351 806.0869
16 369.8977 413.3137
17 208.4639 142.2933
18 918.6187 495.5838
19 151.3251 453.1753
20 323.4778 750.4959
21 401.7402 723.8101
22 111.1264 402.8064
23 188.0403 341.4802
24 95.58385 712.468
25 330.6733 145.6102
26 404.9927 60.45565
27 188.3632 562.5416
28 843.615 741.0827
29 839.9234 248.2547
30 381.4954 474.4751
31 550.298 928.3283
