1 228.1624 512.5791
2 863.8712 603.5447
3 71.62939 673.2951
4 100.4422 726.2217
5 489.4814 934.9283
6 135.969 525.9913
7 371.9105 556.3269
8 257.3963 715.1872
9 229.1681 658.7681
10 171.421 573.2113
11 167.3008 469.4084
12 309.7254 567.2144
13 694.0377 740.3123
14 717.912 353.3877
15 37.23573 447.146
16 374.8687 68.41606
17 798.4182 298.7974
18 254.8607 112.5257
19 50.25673 611.9696
20 233.548 576.3554
21 855.1662 407.7764
22 912.2073 419.8401
23 324.6032 423.5436
24 460.0762 252.6389
25 134.7883 212.4847
26 919.4684 475.5521
27 852.6972 730.4457
28 818.0601 774.604
29 894.7895 351.6623
30 47.42567 383.6992
31 368.1191 618.0617
