1 504.7062 544.5099
2 511.3617 55.70539
3 557.5656 277.2722
4 427.3138 932.3241
5 514.4323 717.0731
6 579.0058 63.69636
7 446.151 57.76948
8 505.4534 652.687
9 359.9347 348.8792
10 266.1019 196.6374
11 176.6458 166.6046
12 218.1749 200.0531
13 864.4507 293.8063
14 110.691 597.4156
15 83.22587 288.9635
16 711.7138 125.7324
17 345.3692 74.39771
18 497.2042 277.235
19 72.21196 640.6592
20 539.4898 215.1952
21 386.5302 403.1303
22 136.8448 211.3725
23 331.1942 428.9047
24 520.6551 151.6525
25 419.7676 323.5988
26 440.9152 247.6728
27 597.7911 918.666
28 549.8699 591.2915
29 553.7418 96.69584
30 138.4214 271.9578
31 336.5021 519.2989
