1 509.0612 276.1843
2 431.1662 274.2921
3 556.42 457.7789
4 677.03 562.0803
5 857.3466 526.322
6 861.1014 452.9456
7 249.0544 275.606
8 643.6913 286.3567
9 31.60669 489.9971
10 615.3819 548.792
11 491.5034 860.0914
12 81.9476 694.3605
13 890.2475 499.6272
14 154.2124 794.8256
15 650.1845 899.5727
16 501.3814 333.0469
17 612.8458 604.787
18 295.6728 538.8887
19 125.4552 223.1958
20 363.8302 702.4606
21 783.9646 613.1456
22 375.6373 160.8905
23 371.3415 78.40284
24 549.9943 539.3603
25 905.6895 612.9149
26 179.7716 618.1421
27 471.4926 934.1515
28 706.9972 869.5873
29 917.7618 462.0953
30 257.1621 671.922
31 807.9986 473.5866
