1 786.663 479.2875
2 390.3126 252.5356
3 454.6451 886.9214
4 433.3292 602.757
5 278.1819 797.0727
6 356.9465 414.2074
7 878.2618 314.1831
8 647.0852 405.5274
9 714.8422 404.2372
10 884.0262 564.3322
11 852.6707 265.2509
12 353.679 485.5199
13 420.961 59.71247
14 35.42086 458.8457
15 370.7431 655.1765
16 101.4641 370.6784
17 186.4915 389.2928
18 871.8934 696.5394
19 509.0403 157.427
20 529.1997 932.1579
21 93.99799 448.3149
22 41.94108 580.7211
23 340.577 594.7009
24 52.29694 514.4533
25 44.12625 397.7138
26 550.5047 62.8312
27 72.9768 310.4637
28 586.6671 427.6108
29 760.38 658.642
30 895.4387 628.1908
31 404.567 929.4349
