1 917.3639 548.2966
2 824.7613 650.1698
3 244.6806 433.4484
4 422.1165 657.4494
5 460.8053 70.12143
6 781.6791 609.4527
7 524.141 489.0698
8 764.0956 667.1947
9 662.1918 416.0351
10 906.3952 612.7038
11 674.8104 855.615
12 444.6868 397.6443
13 316.435 353.5555
14 109.1518 416.9639
15 792.6762 804.7063
16 850.414 591.9938
17 854.428 703.7948
18 544.7592 821.1372
19 80.93371 292.3627
20 794.1882 731.5953
21 174.8349 596.8426
22 874.7664 311.9191
23 384.6663 379.7359
24 113.2255 745.58
25 79.09798 691.4786
26 206.6328 542.9915
27 228.4439 177.2752
28 168.4217 176.9169
29 493.5559 918.1568
30 127.0284 223.2756
31 395.0538 61.35042
