1 300.6483 608.3972
2 566.2523 64.72764
3 219.8956 712.6194
4 180.5545 816.857
5 795.2283 399.1088
6 103.8221 260.7583
7 459.1276 170.6527
8 458.5714 904.0464
9 297.5139 693.4648
10 250.9026 563.3506
11 595.5877 160.6163
12 378.9468 692.3731
13 214.0275 602.4876
14 544.1749 213.1355
15 250.7916 139.196
16 267.2067 884.1319
17 237.0913 825.4802
18 676.223 102.2614
19 514.5541 876.6622
20 510.631 934.7029
21 900.0541 369.2367
22 181.6226 630.3
23 897.5256 624.4913
24 51.93881 364.6649
25 263.2167 754.9878
26 444.6875 56.44421
27 881.0267 318.3642
28 307.9539 797.8492
29 406.5445 100.5365
30 501.7592 57.56785
31 477.7268 454.6633
