1 696.9471 659.2393
2 699.8546 115.7997
3 283.4054 742.8155
4 506.9263 934.2198
5 586.2097 494.2576
6 40.46808 508.0196
7 432.1431 739.9907
8 379.6618 618.1753
9 645.8186 627.9491
10 332.6479 462.6038
11 220.1925 853.5944
12 559.0131 622.096
13 153.1056 308.6996
14 482.1287 319.0156
15 754.9927 155.2214
16 135.0502 675.8601
17 893.9888 650.9477
18 62.19233 648.8255
19 180.8357 163.6502
20 75.02032 566.8086
21 461.2088 219.0317
22 560.4519 64.51027
23 610.1325 432.2339
24 480.7342 882.8604
25 592.5233 280.8069
26 662.9181 401.1776
27 703.9473 178.4041
28 761.8546 221.2543
29 98.89223 726.733
30 354.1736 91.77795
31 132.8182 209.6414
