1 532.4764 396.3294
2 285.9022 97.23422
3 603.5825 917.5774
4 653.5597 670.3943
5 519.2214 797.9451
6 254.5734 526.5748
7 904.3135 375.8981
8 405.8062 304.4402
9 486.5584 323.5667
10 663.9279 747.1661
11 879.7691 322.3884
12 258.4783 328.2409
13 357.5868 68.77951
14 47.57554 375.8967
15 89.61981 710.0871
16 151.6467 382.8487
17 143.7577 229.6645
18 904.9082 614.4577
19 297.9105 278.3594
20 497.3697 865.2228
21 144.5189 686.7791
22 54.02337 591.8982
23 428.2463 366.2159
24 32.92319 526.6211
25 197.4956 306.9874
26 418.899 57.48977
27 98.4043 338.608
28 693.2475 625.75
29 913.0886 511.0683
30 672.9579 546.283
31 545.5107 930.1238
