1 348.054 581.357
2 520.8752 59.48467
3 714.9664 214.7758
4 526.6376 842.8256
5 327.2344 701.4372
6 604.789 70.95779
7 386.3977 104.9414
8 326.3656 637.5813
9 518.2257 241.2367
10 416.8862 155.0599
11 167.7967 178.0117
12 321.1105 154.8144
13 841.5028 251.7096
14 44.03514 582.3696
15 56.29565 350.7254
16 755.7638 158.218
17 313.6681 88.67718
18 603.6802 179.1287
19 68.55918 663.8975
20 509.8435 118.7041
21 535.4363 299.4681
22 134.8625 215.1054
23 438.1365 256.1584
24 457.0743 57.40764
25 543.8502 169.0411
26 290.5473 224.8242
27 473.1962 933.4901
28 612.5144 761.9971
29 564.5056 97.71707
30 103.6075 254.6824
31 508.5097 593.1537
