1 469.3569 738.1629
2 397.1163 61.71684
3 422.939 702.3541
4 578.9987 924.2799
5 369.7605 201.5861
6 458.3098 80.52794
7 374.8986 118.3648
8 595.652 582.1777
9 602.5661 643.1786
10 542.5944 464.8855
11 439.5923 493.8773
12 422.6502 608.672
13 698.589 756.0724
14 636.0152 851.0205
15 446.146 320.9818
16 537.315 57.57265
17 613.7738 106.9203
18 164.2013 227.5891
19 88.1966 278.8546
20 233.0568 525.4011
21 578.9465 827.954
22 270.4268 353.1193
23 637.7174 535.6755
24 913.2979 447.1752
25 664.8317 625.1582
26 318.9252 790.7373
27 876.8061 684.8721
28 868.7098 309.9206
29 284.5491 288.9045
30 601.0464 481.2272
31 34.30528 530.5964
