1 753.5623 167.9636
2 545.4731 836.2223
3 289.7395 591.431
4 63.6042 656.0274
5 424.8895 478.9125
6 830.9633 238.7972
7 527.0037 59.55564
8 663.8529 319.8971
9 114.3423 259.5187
10 112.1998 742.5605
11 673.5331 808.0049
12 362.3682 470.0223
13 288.5099 892.7353
14 867.1988 291.8741
15 408.6631 61.08956
16 891.885 410.6253
17 232.4469 862.9719
18 170.0376 274.3413
19 543.8201 375.077
20 484.8585 456.5311
21 469.7331 57.67773
22 580.5696 107.5102
23 476.7019 267.1907
24 341.3954 794.5259
25 146.232 198.6883
26 804.8353 792.9273
27 826.9442 718.6217
28 615.149 831.7766
29 500.8584 933.822
30 375.5405 746.2713
31 751.0356 514.3251
