1 504.0843 442.0353
2 316.526 83.7094
3 648.8321 901.6024
4 693.6763 696.6147
5 557.0682 762.1
6 201.9313 548.554
7 893.9979 353.8042
8 354.5774 312.8459
9 462.761 357.8348
10 667.0521 794.2678
11 868.7487 295.993
12 233.6874 296.6468
13 371.5321 69.08313
14 58.50704 345.8759
15 88.45303 705.6032
16 203.1959 377.0361
17 154.8345 191.1688
18 902.9156 617.4639
19 290.3147 304.7343
20 456.9237 854.437
21 173.1717 722.972
22 97.91468 573.8217
23 401.7673 352.8337
24 33.18254 548.2935
25 195.8687 250.3921
26 434.7473 56.85678
27 120.4445 382.2584
28 731.3889 650.9831
29 919.7928 469.8806
30 622.1871 537.4035
31 572.5869 924.6277
