1 251.0174 501.8325
2 549.3686 89.37067
3 367.8219 638.7038
4 307.3587 879.1332
5 632.5241 492.4333
6 110.5851 243.6188
7 298.6296 241.5045
8 450.056 914.1754
9 349.3125 561.496
10 233.9199 554.6427
11 412.7853 186.9885
12 425.0948 560.6348
13 293.6451 587.8705
14 357.4147 157.54
15 162.5678 216.562
16 340.8544 790.8609
17 408.4484 772.7868
18 809.2715 243.4237
19 426.8842 851.9138
20 508.268 932.9638
21 865.0444 423.4311
22 302.7611 629.9345
23 915.1501 457.2936
24 45.38476 390.4286
25 428.8462 634.8697
26 492.3731 56.48773
27 904.8406 385.97
28 475.4769 724.9164
29 421.6656 58.07665
30 485.6866 186.6331
31 384.2309 507.1403
