1 592.0088 199.198
2 698.1404 851.0988
3 172.9396 467.7168
4 129.7996 763.8309
5 425.0455 628.8996
6 813.5435 305.6436
7 511.6715 57.0763
8 696.1955 480.611
9 121.034 228.801
10 191.089 828.6165
11 749.5557 844.4677
12 245.6604 425.3761
13 325.3888 883.0235
14 911.2254 414.4972
15 313.5057 85.64466
16 737.6986 439.5137
17 282.2067 888.6859
18 162.6259 180.5172
19 495.7385 229.1435
20 492.918 332.4068
21 369.3715 70.71886
22 434.6156 172.3252
23 406.361 118.6118
24 428.5789 903.9222
25 289.9728 151.1005
26 785.7007 702.6336
27 746.5746 757.1666
28 675.6629 893.0196
29 370.8072 922.412
30 218.0996 729.6408
31 593.0433 478.7408
