1 551.9192 851.6496
2 534.033 935.5736
3 36.67328 556.8932
4 314.0969 610.9217
5 650.9439 106.2053
6 674.9614 302.0923
7 850.6401 327.5611
8 507.6564 801.4205
9 602.6145 818.8816
10 52.03785 618.1496
11 465.3116 933.5239
12 492.1403 611.286
13 97.99085 294.867
14 840.2436 747.3488
15 541.7082 143.8738
16 763.2503 831.2372
17 807.0007 791.6576
18 406.8225 782.806
19 564.3375 79.73355
20 888.4363 372.5749
21 833.1947 238.7347
22 516.3917 900.0094
23 775.563 179.3574
24 119.6907 231.6553
25 189.9156 505.9639
26 329.3859 551.0715
27 337.3526 74.99094
28 410.5525 273.7275
29 597.7633 919.0324
30 914.1021 550.9496
31 719.1671 130.2964
