1 514.3033 633.635
2 348.2282 73.16478
3 701.4749 877.6771
4 809.7032 786.2487
5 633.3685 589.1459
6 55.50625 618.6454
7 852.2647 263.6331
8 316.0211 467.0395
9 373.4539 512.5182
10 761.689 832.2666
11 769.4238 171.1871
12 301.3254 169.0872
13 503.1791 127.3422
14 43.16004 400.3482
15 135.3699 776.2926
16 285.3381 405.0365
17 196.7841 153.6233
18 917.997 521.1461
19 188.2364 395.7501
20 339.7764 822.4435
21 315.2092 765.8326
22 111.5166 472.1726
23 273.2785 278.2214
24 74.36276 677.193
25 294.8508 106.4829
26 503.1488 56.21528
27 174.7776 472.4575
28 844.5781 739.0623
29 881.1307 322.8403
30 465.6202 483.0462
31 601.3641 918.0515
