1 435.6823 573.3581
2 315.5292 835.7493
3 731.6075 850.472
4 390.9023 359.2637
5 199.0217 836.1187
6 545.3339 805.2792
7 552.629 928.324
8 654.7316 638.0682
9 441.7833 730.0993
10 405.6691 850.1913
11 659.7099 896.5019
12 110.0089 731.5529
13 865.8512 473.0379
14 471.5677 790.3573
15 647.1566 572.0139
16 920.9484 494.324
17 578.8267 757.6273
18 192.8507 630.4887
19 702.2497 874.9896
20 859.7532 279.7032
21 770.4338 822.7469
22 626.2227 848.8466
23 680.8896 386.4136
24 661.6106 93.99664
25 235.8373 702.2471
26 247.5034 871.7689
27 685.0909 155.7113
28 45.81943 587.0207
29 235.338 552.2945
30 363.1136 634.2858
31 241.1162 385.655
