1 542.0924 333.0258
2 165.1801 719.4921
3 519.9617 551.5208
4 684.895 355.838
5 767.1001 827.0276
6 55.21888 639.449
7 44.85516 525.589
8 599.3828 598.1009
9 457.2099 565.6995
10 476.0211 741.9559
11 103.9479 568.2432
12 82.05427 696.2227
13 564.0217 553.7258
14 466.917 505.1677
15 722.7785 425.5385
16 179.8911 812.905
17 832.712 458.4097
18 129.5241 770.1295
19 578.2773 924.3956
20 804.5064 204.7988
21 512.3112 466.1259
22 770.8665 605.7024
23 797.8918 287.3681
24 41.96632 588.7942
25 589.3133 713.0084
26 568.6292 654.9183
27 797.3435 347.2815
28 251.9985 288.768
29 71.71675 312.0005
30 302.7799 369.7652
31 720.1776 755.4838
