1 565.9824 511.4407
2 131.5822 637.4026
3 438.5208 378.6959
4 622.8094 541.102
5 665.7023 819.7981
6 70.54308 665.581
7 32.00513 493.3127
8 446.884 461.509
9 375.4825 378.8521
10 324.9777 613.2649
11 189.9755 507.0682
12 97.643 722.1873
13 571.2828 428.6772
14 459.6222 322.1386
15 590.848 594.28
16 158.6246 754.3051
17 910.3388 573.2808
18 169.2584 685.0562
19 443.2097 838.6704
20 733.9892 141.9995
21 624.4718 363.6304
22 916.8705 508.4039
23 913.3834 436.0379
24 38.41905 557.5062
25 365.7862 736.7038
26 351.5855 670.7903
27 675.4395 498.3993
28 372.1828 457.2275
29 60.80916 335.0026
30 465.0984 256.792
31 513.6226 789.9093
