1 564.027 153.4857
2 535.444 206.669
3 457.7694 537.2268
4 569.0432 603.5679
5 770.6964 574.9738
6 743.9845 512.8574
7 351.6158 347.8209
8 704.0682 395.2657
9 36.39308 491.735
10 534.6255 516.7031
11 344.3293 865.3518
12 73.2966 675.6548
13 798.5348 505.5619
14 170.2133 812.8454
15 562.5944 896.9111
16 587.6601 232.2257
17 519.0574 562.9472
18 168.9475 482.6953
19 98.78935 304.4603
20 370.3247 811.2349
21 888.9363 635.794
22 317.3094 268.7848
23 316.1405 206.7904
24 473.976 600.7494
25 868.4474 700.5826
26 322.7579 648.8273
27 368.2853 920.437
28 697.731 877.0528
29 912.0459 546.3355
30 359.0186 750.8177
31 690.6861 508.4951
