1 583.5295 552.4001
2 529.6639 370.7661
3 545.8637 198.9431
4 638.4668 284.1498
5 598.3464 760.6877
6 259.532 361.6855
7 402.4192 217.0268
8 527.8154 521.1616
9 151.9196 333.1486
10 565.9135 122.3925
11 733.286 141.3061
12 219.1436 853.1605
13 514.4826 253.9753
14 807.4231 692.2838
15 147.6684 789.8926
16 532.9564 745.1473
17 883.4403 668.305
18 494.2592 310.535
19 108.5518 288.9617
20 482.5516 195.9592
21 598.535 172.0888
22 756.5216 232.0837
23 465.634 55.61255
24 403.8711 153.787
25 483.8977 820.1607
26 41.6912 580.8514
27 894.2391 548.2413
28 906.7002 605.2943
29 244.4287 497.9899
30 404.8075 58.19733
31 528.2735 78.23925
