1 227.0941 385.6558
2 711.2354 513.7706
3 120.1084 677.9234
4 146.8403 790.0435
5 457.8391 934.671
6 27.68257 467.3688
7 413.2497 409.2211
8 109.6173 740.1339
9 112.5384 606.705
10 58.76013 501.7833
11 176.0073 252.72
12 171.6253 615.2389
13 639.2046 565.3054
14 526.6354 415.0442
15 36.39981 551.1089
16 438.0847 250.2977
17 816.9287 422.8694
18 329.0704 209.0499
19 64.31668 656.8773
20 191.3561 676.793
21 743.8728 460.8101
22 777.9177 512.1855
23 481.5644 288.5746
24 280.6663 250.1157
25 285.8577 131.2595
26 919.5911 497.8898
27 867.5629 703.6728
28 841.1334 746.8479
29 825.9872 225.7661
30 79.22222 297.8482
31 223.1766 727.2866
