1 710.6878 519.4564
2 479.0536 342.646
3 563.2201 149.6211
4 564.1201 290.2205
5 649.7409 630.2942
6 154.2226 402.5426
7 418.6257 317.1409
8 651.6086 546.7121
9 232.3895 237.6863
10 577.5011 104.7715
11 627.7874 85.2248
12 256.5526 876.7934
13 598.2789 203.5207
14 848.8698 574.2139
15 202.6845 842.3181
16 568.5047 644.4066
17 898.916 621.5598
18 557.5093 353.1582
19 93.01598 380.8248
20 537.4431 198.2686
21 697.9367 233.2226
22 820.5752 226.0992
23 533.5107 61.30911
24 306.9773 227.2704
25 347.4222 812.8621
26 60.15002 644.4781
27 917.9305 531.4591
28 909.3345 584.1265
29 171.6063 466.6757
30 476.5374 77.19874
31 500.7284 144.0023
