1 703.7768 620.1797
2 384.2247 390.2157
3 572.3921 790.3482
4 327.1836 508.8892
5 195.708 650.5819
6 283.7545 284.475
7 906.3539 397.0785
8 705.0525 539.9205
9 763.2452 542.7626
10 914.3592 566.6016
11 750.3244 153.3411
12 281.2059 575.3967
13 390.5373 63.47163
14 58.18496 349.0583
15 528.8157 701.6063
16 240.418 397.9107
17 253.8419 512.9886
18 800.2934 793.6204
19 649.0597 166.7822
20 572.7618 925.3628
21 226.4574 458.8514
22 55.50564 632.0968
23 180.8722 573.599
24 170.9443 435.5666
25 143.0843 341.7479
26 501.579 199.0492
27 129.8092 218.8174
28 479.4055 324.6184
29 621.6723 651.4114
30 898.1373 626.3965
31 373.1831 921.533
