1 901.7254 628.2136
2 245.1322 870.2656
3 300.6309 222.741
4 76.97692 626.0852
5 91.067 276.2114
6 92.90502 433.6486
7 555.3021 63.3902
8 352.7143 413.4219
9 99.9071 491.8179
10 218.0618 208.2398
11 613.0014 79.88381
12 416.5553 401.9298
13 274.2658 280.5741
14 52.02792 366.3948
15 431.2745 710.7285
16 283.4942 414.0067
17 103.2492 339.711
18 168.1142 808.0615
19 788.1119 632.7405
20 329.5465 910.4857
21 169.2524 339.2978
22 486.8667 117.7472
23 863.8487 312.6958
24 75.10517 561.153
25 396.2837 66.10908
26 752.3973 586.5842
27 912.0151 578.2805
28 557.9899 927.8323
29 607.3004 915.784
30 723.5311 644.8614
31 391.7171 328.9835
