1 628.2997 765.271
2 229.3625 620.2326
3 358.2962 517.375
4 468.727 515.3929
5 165.3065 618.1199
6 636.805 596.1808
7 403.7345 294.4651
8 566.128 779.8237
9 402.4554 854.0079
10 257.683 113.5945
11 776.8059 457.853
12 199.8895 674.3903
13 590.7894 288.7392
14 347.6364 327.5171
15 413.6158 933.8792
16 220.1044 843.806
17 131.5124 665.1236
18 372.2019 588.0322
19 363.1562 698.624
20 285.3546 892.0678
21 64.68899 529.4505
22 410.1724 441.9628
23 841.6487 411.5155
24 475.6617 457.9482
25 266.1164 343.4501
26 462.0061 839.3985
27 909.8209 407.3048
28 464.8857 936.0286
29 515.3053 934.0468
30 793.2494 268.6119
31 43.86276 388.1064
