1 499.0978 321.7284
2 173.3613 460.0604
3 264.7717 115.1388
4 525.6109 616.1413
5 490.3817 561.5075
6 55.77924 509.981
7 171.7517 522.6818
8 638.3074 260.5327
9 206.1127 142.07
10 374.5826 283.4689
11 437.5721 274.202
12 273.6831 887.0073
13 838.8343 255.3459
14 711.6283 206.8856
15 356.9397 803.7231
16 294.2308 509.6692
17 868.645 697.6687
18 416.6518 644.9075
19 226.3103 660.1574
20 521.2197 73.48752
21 877.0073 309.8898
22 910.7605 417.0258
23 777.1295 177.3226
24 78.54324 452.062
25 172.376 813.5775
26 40.48959 575.0841
27 797.6563 669.5464
28 614.8459 622.2658
29 60.20426 337.7864
30 563.1176 56.51608
31 433.9483 542.4175
