1 397.976 483.9639
2 581.5966 431.2972
3 211.5039 513.7005
4 146.8772 790.2998
5 513.2743 884.6429
6 33.94263 481.7041
7 313.8997 238.9549
8 262.2865 599.7768
9 72.04896 437.4185
10 32.01782 558.2382
11 166.9908 176.3107
12 167.4432 448.0016
13 535.2045 477.6843
14 338.5451 349.4696
15 73.03489 530.7172
16 446.921 445.4459
17 627.4816 478.5812
18 503.3322 315.6284
19 165.3802 608.677
20 206.2738 797.9555
21 639.8038 415.6943
22 572.9083 504.4127
23 677.6199 287.6341
24 127.9293 225.0014
25 458.8944 255.308
26 845.6505 321.1002
27 905.2396 613.3253
28 808.4302 786.4948
29 696.1685 116.186
30 144.5479 284.9168
31 181.8822 740.5528
