1 515.7835 844.228
2 531.2919 935.0931
3 32.97276 535.0896
4 283.5835 563.6024
5 617.4751 154.7004
6 726.6246 348.7708
7 882.718 329.0969
8 520.4811 739.1943
9 596.1874 862.3327
10 45.91549 596.9476
11 445.3107 934.0698
12 495.6615 551.0485
13 155.0999 329.3406
14 838.5742 750.1532
15 493.2701 197.3648
16 766.753 828.3638
17 802.0813 793.2808
18 454.637 824.152
19 585.18 104.7834
20 905.2442 391.7245
21 804.596 204.2448
22 495.0965 898.1713
23 740.4875 143.5059
24 92.00505 273.6341
25 218.1339 556.7788
26 279.1869 498.6917
27 385.2816 63.0432
28 472.7987 267.267
29 593.4656 922.8337
30 917.281 525.9636
31 681.3327 103.5814
