1 557.6227 62.23366
2 717.8151 866.025
3 199.448 219.3722
4 174.1678 816.784
5 281.5284 864.1934
6 563.6656 468.197
7 665.7133 99.7458
8 492.0414 591.5127
9 108.5803 245.5754
10 327.4458 907.2852
11 637.3017 791.7847
12 264.5463 181.4795
13 254.3393 735.2425
14 893.9503 353.7046
15 216.0252 136.5057
16 501.5103 373.9731
17 223.3039 780.5301
18 406.6698 195.5487
19 494.3095 56.06105
20 585.3323 128.9911
21 294.8561 94.28987
22 553.0498 214.2646
23 361.6899 69.66028
24 605.0507 857.7876
25 382.5986 257.8739
26 718.9516 440.3964
27 660.3194 893.2422
28 608.6717 918.0973
29 397.4568 928.6179
30 134.1306 769.2287
31 494.815 249.7418
