1 900.3454 371.7966
2 605.3843 346.451
3 374.6656 772.5304
4 593.0174 920.9952
5 872.1528 303.0673
6 291.521 502.7432
7 186.5555 670.3115
8 359.6743 550.1155
9 774.5437 325.8488
10 539.3706 800.6622
11 230.5006 841.3794
12 286.126 454.3425
13 398.9305 62.78982
14 70.209 441.5515
15 657.261 522.8013
16 472.994 776.4649
17 663.445 893.9308
18 172.0144 810.903
19 89.78592 276.7579
20 395.2153 595.8657
21 239.7021 229.2191
22 598.8092 75.10039
23 306.7585 379.8695
24 269.9886 883.5053
25 371.1868 375.9638
26 351.5375 188.6841
27 639.3809 129.0724
28 462.1867 56.05419
29 297.5265 549.6026
30 196.7917 153.6004
31 316.0124 120.711
