1 760.2805 765.8171
2 611.505 915.433
3 32.67116 500.1519
4 157.2713 719.3279
5 853.9422 277.6688
6 431.5457 114.1176
7 639.7325 429.3524
8 565.1575 930.1082
9 774.6943 705.3412
10 94.03326 680.1271
11 309.204 904.661
12 285.7586 658.4214
13 73.21311 309.5236
14 756.7403 512.6175
15 631.4067 93.03954
16 671.2242 841.7377
17 726.1951 810.9071
18 158.6561 784.2651
19 565.1042 95.50877
20 695.4857 445.9897
21 897.0095 361.9292
22 699.2489 751.9044
23 746.2621 379.2504
24 134.2975 214.7196
25 158.3298 268.5347
26 568.259 643.7209
27 178.7997 173.0828
28 154.9461 335.9748
29 659.4316 897.3407
30 852.34 403.7886
31 724.8994 317.6697
