1 642.6911 218.4871
2 664.3931 846.5601
3 199.6762 510.7206
4 101.1827 728.546
5 443.0552 577.5974
6 859.6823 282.3742
7 475.8536 55.09358
8 709.2223 433.7602
9 121.852 239.6567
10 161.9488 798.2876
11 728.8852 859.1978
12 278.9574 457.5926
13 329.4949 908.7686
14 901.7488 378.7197
15 348.6987 72.64376
16 785.3929 430.8857
17 289.3132 892.9853
18 156.9355 183.6124
19 505.6897 273.3584
20 482.3419 371.556
21 409.0497 62.90518
22 476.6061 160.2892
23 407.7474 156.2526
24 413.3524 865.5147
25 241.4045 159.4549
26 821.3433 733.1207
27 760.5605 742.7995
28 673.9805 896.7394
29 398.8568 928.2134
30 265.4895 731.4334
31 636.6192 498.0775
