1 581.8948 493.4275
2 216.1706 496.371
3 494.1634 202.1704
4 690.0945 303.477
5 847.424 461.7546
6 824.3892 325.9665
7 353.2835 163.7878
8 450.7258 455.8226
9 35.55815 434.4428
10 808.3829 401.7844
11 694.1838 801.4388
12 107.9474 739.2933
13 916.5729 468.8962
14 308.3599 901.9033
15 465.4562 630.8029
16 267.6885 466.1816
17 889.4479 639.5234
18 432.4593 801.1421
19 100.1514 259.5727
20 334.1139 487.8608
21 649.6362 481.3733
22 495.3094 58.92739
23 296.1951 93.89503
24 758.0689 370.8397
25 854.9092 522.2723
26 56.75729 643.076
27 537.9991 932.7787
28 582.2881 883.8136
29 915.8839 402.0968
30 82.48016 473.4676
31 873.9732 354.0743
