1 561.9794 353.6234
2 319.8402 185.2201
3 765.5453 482.8188
4 738.3918 851.8219
5 107.153 394.2382
6 425.2501 252.8164
7 617.8954 324.7013
8 495.448 334.9017
9 777.0297 388.8952
10 701.357 329.1751
11 244.323 153.7849
12 170.5056 181.944
13 805.5042 441.9665
14 37.43994 545.4006
15 200.5788 724.5232
16 718.5658 392.2166
17 134.3562 210.2816
18 806.8721 206.5856
19 65.49132 658.2227
20 377.5428 336.8047
21 708.1661 464.8501
22 109.5381 249.319
23 630.3706 469.1761
24 260.4333 265.7038
25 665.7448 420.9383
26 197.8084 146.9985
27 152.1562 773.3467
28 797.1432 796.4391
29 539.5229 295.8471
30 78.26234 293.5512
31 688.1692 880.6506
