1 504.1017 59.86877
2 732.7791 854.2432
3 279.1436 160.9227
4 198.8395 837.891
5 245.4001 802.1352
6 471.059 533.3254
7 661.1322 124.8297
8 407.1421 538.7516
9 108.6879 245.5376
10 309.3329 900.3494
11 533.7709 761.8859
12 331.867 132.5442
13 257.842 670.6418
14 857.1521 275.1754
15 182.1045 160.3956
16 430.5868 302.7046
17 207.7792 689.5517
18 458.3003 153.2505
19 422.8084 57.83453
20 635.0683 82.13912
21 230.7167 129.0655
22 611.3483 257.9251
23 396.6527 115.4066
24 675.7223 837.4326
25 317.4582 258.3684
26 702.1563 340.5759
27 661.0788 895.9238
28 611.3125 915.1945
29 446.2328 866.5711
30 102.0775 707.9206
31 530.4305 162.4882
