1 563.8573 472.2819
2 519.8516 58.82697
3 662.9615 670.6701
4 604.27 918.0658
5 116.7479 327.1228
6 152.8979 378.7185
7 287.088 262.2847
8 550.8698 306.2681
9 580.8803 359.788
10 733.2609 215.6699
11 298.9408 846.7562
12 424.5161 391.2849
13 418.4018 618.986
14 883.6392 671.5383
15 768.8679 168.0503
16 348.0362 259.3836
17 829.0608 233.0016
18 254.044 311.0957
19 60.02646 342.641
20 87.63288 706.1161
21 777.623 615.2962
22 481.8698 171.2979
23 403.3837 289.7918
24 885.6839 607.4431
25 843.6719 358.9173
26 542.6646 930.9394
27 798.2094 518.1135
28 896.4304 361.6133
29 284.601 599.1567
30 801.3603 289.445
31 31.05041 513.6174
