1 390.7029 608.567
2 535.2984 63.87124
3 667.5744 203.6912
4 485.4559 869.4496
5 371.9353 730.348
6 600.7604 66.77558
7 413.9632 66.28864
8 367.5773 667.1328
9 470.2623 261.0796
10 364.6443 150.5042
11 158.4146 185.8933
12 274.1768 146.9435
13 815.3556 217.1094
14 48.96252 610.8956
15 64.34824 327.97
16 738.0117 145.0484
17 299.7695 90.90522
18 567.8253 184.9575
19 68.52566 669.1453
20 524.3762 134.2976
21 491.6853 317.1316
22 126.0753 224.7438
23 392.678 287.37
24 470.5425 55.20894
25 507.9191 213.0212
26 344.9017 230.9975
27 509.5338 933.3624
28 584.8013 715.4425
29 574.7803 104.6779
30 92.54757 266.553
31 468.5803 564.8386
