1 813.6132 215.0092
2 385.6195 925.6287
3 481.5426 597.1826
4 77.07882 685.6243
5 563.4663 208.5747
6 652.3654 214.6781
7 577.5648 120.6671
8 399.447 311.7341
9 35.45055 434.7474
10 103.373 737.2254
11 583.3986 494.4862
12 228.5354 278.7143
13 269.3124 885.6366
14 616.9125 167.4082
15 543.5038 61.6574
16 853.1344 268.1221
17 149.2465 785.5063
18 34.81309 532.2323
19 710.9326 583.2491
20 541.7851 616.2262
21 587.9895 71.19824
22 746.6817 151.203
23 769.478 364.9881
24 196.185 555.6086
25 65.93043 324.259
26 838.1785 750.5692
27 907.6926 596.376
28 497.495 662.9432
29 555.3581 928.8477
30 329.8819 911.0638
31 904.8993 399.0142
