1 336.7216 357.9192
2 361.6915 644.4875
3 694.6341 881.1929
4 556.3625 267.6455
5 374.8985 738.5788
6 539.6194 930.4579
7 439.7695 883.0531
8 517.5909 489.4281
9 639.69 629.5519
10 456.6717 631.1955
11 601.1934 916.4577
12 63.76162 655.355
13 822.9463 671.5238
14 676.576 682.0596
15 777.4988 382.1837
16 886.6503 667.2654
17 680.1672 845.6378
18 146.111 781.2247
19 654.8089 897.1236
20 864.6231 286.1883
21 739.7486 848.5109
22 641.2674 800.0992
23 886.9542 385.3638
24 616.4738 80.30035
25 363.923 534.3662
26 420.2123 779.1292
27 693.2551 114.7746
28 213.1458 469.5349
29 276.1727 343.0358
30 205.8978 732.3697
31 442.5798 295.4805
