1 676.8219 436.4341
2 176.9749 201.8532
3 751.7873 589.6912
4 759.7056 832.6739
5 248.1376 294.2896
6 305.7864 387.4083
7 693.479 215.5521
8 597.0819 435.3739
9 719.9334 539.7974
10 749.5632 485.6915
11 305.3702 88.80393
12 161.3149 164.7844
13 809.5862 471.5916
14 34.03768 536.3802
15 165.8733 800.8859
16 663.0038 516.9192
17 130.4232 210.3793
18 872.6144 302.7228
19 69.31561 667.6841
20 307.4862 445.7252
21 677.0968 581.3232
22 107.4424 252.3135
23 486.139 480.2527
24 248.4891 412.2548
25 533.3984 448.3313
26 205.4241 144.0308
27 118.8483 757.5427
28 855.9664 722.9856
29 660.3825 266.3915
30 77.43862 298.1632
31 592.2636 918.8895
