1 903.7536 384.435
2 618.5943 320.7838
3 354.4011 791.8509
4 588.3148 922.1889
5 880.8948 326.8551
6 275.4299 487.1609
7 191.8583 697.0826
8 357.6514 530.758
9 775.1878 352.4462
10 512.5162 788.3816
11 227.5091 857.8166
12 312.5491 445.337
13 393.6606 63.1151
14 101.1006 434.7957
15 667.744 494.0806
16 448.6463 769.8572
17 687.7362 885.3504
18 174.7164 819.1992
19 83.36968 288.5068
20 372.9573 588.0301
21 244.6875 202.6457
22 587.5517 67.74242
23 330.875 356.3321
24 280.2389 886.9059
25 390.2831 388.7438
26 373.8704 187.9323
27 644.7328 105.7665
28 480.911 58.28011
29 292.6171 538.6572
30 193.8225 155.4015
31 317.0064 147.8146
