1 805.1793 366.3009
2 350.5052 916.6436
3 618.5035 350.0835
4 82.48323 697.1353
5 271.5705 105.3453
6 277.7548 162.8535
7 472.4605 56.89884
8 535.088 540.2141
9 215.1399 383.6432
10 386.9805 542.8036
11 743.1858 207.5665
12 231.6914 537.0632
13 162.5168 641.7589
14 341.3111 175.6241
15 578.6521 284.0928
16 709.4126 340.3624
17 88.2892 518.5424
18 48.27401 600.3304
19 892.2003 651.0395
20 485.4834 879.3125
21 513.5031 100.4285
22 825.2004 234.2101
23 802.2072 203.0202
24 43.21191 396.3927
25 153.8975 388.9887
26 918.3948 468.2326
27 907.7847 392.2582
28 536.7167 835.8309
29 578.9359 922.014
30 383.5567 658.6096
31 832.6179 292.4288
