1 664.3147 680.9728
2 692.6876 115.115
3 304.4728 716.3439
4 496.5141 935.1266
5 550.3535 504.4381
6 34.90855 505.7977
7 447.6935 711.3279
8 346.5645 614.3817
9 615.6819 639.6884
10 333.4042 423.6866
11 213.8478 849.234
12 549.4836 653.3344
13 126.595 333.9254
14 519.4679 325.1929
15 743.2939 145.8986
16 118.2112 673.9082
17 904.6355 617.9183
18 55.37678 631.2497
19 176.3935 169.6962
20 47.03362 570.7437
21 495.5165 228.115
22 551.5911 63.19635
23 603.8185 471.4561
24 506.3489 876.0286
25 616.3028 255.7415
26 663.4924 440.2856
27 707.5997 191.0225
28 784.4243 195.0418
29 103.664 734.5994
30 387.0274 96.65325
31 138.4277 220.3395
