1 669.8873 794.9078
2 719.3273 862.1369
3 161.9053 556.2104
4 290.8923 564.3877
5 857.3716 581.0096
6 442.4655 56.15299
7 396.9695 547.1961
8 490.4394 713.9243
9 914.7499 559.7211
10 456.9612 550.2358
11 126.1636 754.1619
12 376.9782 394.4115
13 33.1368 442.3795
14 649.0228 146.8105
15 864.7826 288.7631
16 532.0632 574.4693
17 809.4528 700.9903
18 325.1703 617.4425
19 318.8209 276.6532
20 478.4509 612.7974
21 692.4709 556.9975
22 867.2471 701.8178
23 341.9533 444.5283
24 38.85973 398.001
25 479.9504 329.8105
26 835.1913 757.8144
27 84.13092 382.7833
28 30.23265 499.3424
29 735.401 806.1663
30 711.8392 212.1348
31 413.5129 343.0605
