1 557.202 521.1128
2 657.7005 700.4747
3 600.3549 919.255
4 492.9657 466.549
5 796.3956 683.8813
6 406.3929 893.2771
7 140.8829 789.7977
8 786.8637 302.6879
9 791.9203 803.5367
10 811.2221 511.3916
11 478.4868 933.4547
12 32.34991 505.1124
13 657.6227 904.2016
14 830.3077 760.1494
15 730.9781 137.9552
16 621.1325 804.6505
17 531.2798 779.4865
18 207.5381 792.7967
19 541.2434 931.1533
20 836.3176 243.5117
21 645.4334 861.888
22 720.4822 715.4262
23 796.1433 579.2166
24 299.0137 189.4381
25 744.7635 619.6304
26 853.2007 687.4359
27 867.7851 403.9117
28 178.5253 168.8594
29 100.8455 259.6828
30 100.516 562.5965
31 826.0435 450.3849
