1 364.5688 436.88
2 573.9948 645.9503
3 741.1931 849.3861
4 481.999 191.941
5 422.8832 442.2225
6 250.5493 117.1956
7 773.4235 575.2567
8 610.1022 378.8768
9 688.6123 877.9899
10 820.7475 617.0046
11 563.3074 303.2489
12 37.31411 554.2844
13 361.749 69.73584
14 290.2941 479.3734
15 619.115 913.2517
16 533.391 246.636
17 61.70844 653.8042
18 558.6143 926.8677
19 872.1368 485.1119
20 631.8773 666.6036
21 359.3552 777.5543
22 301.4309 763.805
23 462.1114 395.0247
24 565.8035 417.6264
25 367.1349 686.6936
26 327.9177 531.1359
27 305.3565 90.05839
28 79.91924 421.5961
29 235.3781 752.8977
30 852.5282 725.6068
31 172.479 810.8892
