1 695.4138 116.1872
2 345.3132 133.0946
3 611.5626 275.4352
4 564.3623 296.5082
5 207.1447 301.7111
6 100.7856 281.6402
7 281.2823 276.0736
8 632.8154 364.2082
9 135.5259 602.5384
10 794.5609 326.2748
11 550.8222 427.4495
12 32.60399 494.695
13 880.5066 322.6044
14 496.0119 520.1589
15 407.7291 525.3455
16 903.6799 382.5935
17 748.8624 585.5849
18 492.265 582.6706
19 439.572 471.1204
20 633.1456 728.0527
21 729.5008 308.6184
22 350.0904 70.35915
23 481.6907 57.15307
24 789.2437 806.1261
25 688.8447 236.3246
26 428.6234 931.7996
27 145.9838 788.6465
28 345.9852 914.7294
29 688.8413 803.3478
30 576.5484 921.8115
31 162.8968 242.9849
