1 516.2678 840.1251
2 525.4363 936.4657
3 34.19894 532.6394
4 281.4554 554.1918
5 610.3827 167.7823
6 737.4524 358.2964
7 886.21 335.2808
8 517.5416 724.8294
9 595.3508 863.7617
10 44.85162 593.8198
11 441.3006 932.7368
12 491.7305 538.1896
13 166.707 336.6983
14 837.2312 749.7549
15 484.8485 207.8085
16 767.9505 827.4936
17 802.2149 792.5268
18 451.7533 832.6233
19 591.7647 115.5683
20 907.2734 399.233
21 799.5904 198.0014
22 490.1494 894.1004
23 737.6548 141.9224
24 86.11967 284.1975
25 216.844 566.868
26 267.1406 488.5696
27 395.4926 61.40003
28 485.7682 270.4477
29 587.0763 923.9141
30 917.2615 518.5456
31 677.8526 104.876
