1 908.4236 598.9343
2 259.564 879.1088
3 356.7967 251.9235
4 57.43629 638.5222
5 113.9144 234.9478
6 55.95983 349.8652
7 617.8458 78.83443
8 440.0868 387.8215
9 90.35726 402.3388
10 299.2398 261.8746
11 672.8316 106.5699
12 445.0019 452.5916
13 264.6153 317.8009
14 81.53266 294.0216
15 447.9108 623.8775
16 364.1729 413.9602
17 141.367 293.5075
18 154.6048 727.0037
19 839.5812 641.9588
20 327.8322 910.1173
21 202.3663 280.9821
22 569.9882 125.2745
23 905.9948 399.2239
24 39.06989 571.6101
25 395.7558 142.5738
26 798.0173 599.4274
27 917.2327 543.1406
28 580.2322 925.453
29 631.5195 908.3872
30 733.2117 601.2151
31 475.1976 347.1147
