1 472.6416 679.8589
2 617.0586 82.30951
3 452.8397 622.616
4 452.9854 933.9443
5 376.9043 528.1026
6 33.94798 531.534
7 422.5106 568.8338
8 259.2223 488.2845
9 486.2124 558.91
10 393.5759 244.4746
11 222.5223 856.1014
12 408.2066 696.6436
13 85.10558 504.9911
14 690.7605 384.3835
15 676.3072 103.7727
16 162.1805 552.2556
17 910.5609 476.5348
18 105.6476 629.9794
19 182.8926 162.3698
20 46.26294 603.2857
21 620.6299 325.8164
22 539.7279 61.57164
23 445.8703 510.6845
24 619.1531 788.1694
25 724.6005 142.3748
26 648.0395 622.9919
27 725.1771 221.9044
28 814.1139 227.5516
29 122.2046 758.5729
30 558.5672 129.777
31 119.2934 388.6074
