1 467.8971 456.4066
2 489.0418 57.70726
3 501.5747 401.5158
4 526.6213 932.3967
5 593.415 515.8836
6 539.2583 57.88247
7 454.3773 57.1627
8 550.0807 466.1285
9 332.1418 555.9638
10 341.2015 381.4185
11 386.7948 112.0873
12 236.9841 390.5695
13 915.9776 491.6067
14 320.7012 658.8566
15 172.9932 174.6808
16 745.6304 147.591
17 411.4133 57.95767
18 373.1518 459.0495
19 100.4485 456.0408
20 437.047 357.2825
21 389.6162 587.5695
22 222.1469 133.5529
23 380.0636 646.3106
24 687.9803 261.6074
25 389.6953 529.1382
26 418.5932 413.7891
27 719.1234 863.9717
28 582.162 376.8576
29 486.7919 114.8051
30 298.0825 275.4804
31 130.1039 515.223
