1 632.3053 691.4354
2 686.4849 109.8945
3 326.2431 697.686
4 490.6385 935.4246
5 522.4942 511.7776
6 29.83422 510.4248
7 454.8766 685.7386
8 320.8709 604.7757
9 591.999 640.3906
10 337.4178 392.6992
11 227.8973 859.8544
12 534.66 675.4176
13 107.4688 358.8931
14 549.8673 332.937
15 737.9226 141.2338
16 117.962 671.3185
17 910.9273 591.8833
18 54.44881 629.6018
19 187.6868 158.4202
20 38.22889 576.0291
21 521.0596 242.8475
22 538.2606 61.92419
23 589.9439 494.7942
24 522.224 874.034
25 636.4772 237.8511
26 659.6679 472.1704
27 718.531 200.1971
28 786.8143 183.6129
29 101.3929 731.1253
30 416.5986 101.1455
31 136.6864 248.2365
