1 791.9133 430.6205
2 829.3808 625.4715
3 135.6373 720.0192
4 462.4918 854.5053
5 542.4942 343.7485
6 754.4671 385.4098
7 734.3885 646.6044
8 705.6851 478.2461
9 868.4999 296.9142
10 839.4033 472.1721
11 574.2654 916.9401
12 238.2521 517.5119
13 47.79753 549.3748
14 294.49 189.7093
15 844.0955 714.8182
16 885.765 358.9525
17 908.0097 585.6042
18 489.853 923.5783
19 79.17198 297.4135
20 783.2101 686.4074
21 426.2745 754.3622
22 917.7407 471.8806
23 515.4309 576.4325
24 35.52104 487.2264
25 385.4828 580.0025
26 548.3216 659.8463
27 124.6178 224.7032
28 227.4287 406.342
29 525.2141 828.3824
30 242.8322 233.1453
31 583.643 71.64088
