1 346.7827 355.9064
2 332.1422 725.0157
3 601.0117 678.9695
4 568.5098 215.4376
5 768.6891 824.7142
6 88.45298 612.8072
7 166.3384 637.2379
8 772.5824 595.8351
9 567.6057 728.0556
10 666.6083 752.8713
11 166.7132 696.4551
12 70.52777 670.3379
13 635.6314 699.5539
14 566.099 640.4448
15 766.4332 243.5652
16 278.0096 754.9299
17 656.4568 474.344
18 226.985 855.4947
19 564.102 926.7567
20 820.6123 223.7829
21 516.9696 591.7164
22 810.4589 729.5554
23 633.3015 370.1408
24 74.7907 432.2185
25 751.6129 746.151
26 744.7354 653.8622
27 902.8114 381.2157
28 217.4195 140.1334
29 76.5257 300.3021
30 153.2863 486.7641
31 877.9533 646.3143
