1 804.6693 202.801
2 390.9648 927.5448
3 465.3022 609.4822
4 75.50412 681.6293
5 556.417 237.2519
6 679.7638 213.6714
7 595.0337 112.2348
8 418.8508 288.9448
9 35.28714 442.2132
10 104.5334 735.9776
11 576.3445 523.568
12 254.4579 274.5207
13 274.1185 887.2688
14 635.1693 169.7434
15 529.8454 59.96503
16 855.7365 272.9189
17 147.2786 787.3535
18 47.90841 506.9093
19 696.2319 566.0451
20 530.5937 604.5641
21 575.4161 68.70023
22 736.5438 143.4894
23 744.3562 377.7428
24 211.8437 576.5939
25 71.3656 313.1544
26 822.7207 773.1422
27 904.249 609.9171
28 501.2314 662.1623
29 570.7233 926.1183
30 336.3228 903.4676
31 909.7026 413.5816
