1 197.5258 554.4848
2 530.0251 161.968
3 397.7381 570.0128
4 343.3146 857.5091
5 576.429 555.4701
6 102.7929 278.0298
7 227.7871 211.2758
8 453.9572 840.9119
9 302.2624 508.4094
10 257.0535 550.7385
11 332.2271 171.3769
12 433.6272 503.4626
13 334.723 585.4087
14 275.1284 136.3933
15 155.7938 286.5256
16 383.1636 728.4956
17 447.1978 705.0878
18 820.5375 317.2987
19 386.2758 805.6564
20 459.1858 903.0308
21 838.0113 383.9079
22 357.6544 625.4324
23 917.4532 468.6047
24 42.86024 410.2767
25 477.1404 571.8939
26 547.4349 95.63137
27 910.6919 412.7864
28 551.116 719.3283
29 468.8965 56.2104
30 440.5697 248.1917
31 360.0388 517.0203
