1 617.8813 543.7514
2 477.0075 55.46127
3 630.1618 735.2897
4 605.7568 916.0956
5 113.4882 280.4794
6 222.6355 313.1486
7 292.5093 190.8774
8 605.8343 361.0196
9 642.8119 408.5638
10 710.554 282.5956
11 356.9488 781.9794
12 492.0986 417.9762
13 482.2965 669.2542
14 873.4182 678.1865
15 709.868 219.9599
16 356.7516 195.7347
17 806.715 203.6881
18 245.469 224.8523
19 64.23434 328.3921
20 80.46687 691.4537
21 760.3323 677.8433
22 472.9648 246.4948
23 489.2623 312.7699
24 910.628 585.7925
25 840.4491 425.4573
26 482.2373 934.7334
27 838.2825 559.2826
28 907.5382 398.2659
29 309.6677 531.1842
30 772.9448 280.8455
31 32.93177 522.9103
