1 700.6207 118.3045
2 367.6128 126.6763
3 592.2211 257.4098
4 542.0129 282.0083
5 209.6436 333.1968
6 122.6318 290.5515
7 294.8317 251.5512
8 609.1694 345.3216
9 160.7482 621.0825
10 816.9955 340.3526
11 538.6079 454.756
12 32.6947 507.2877
13 869.5797 305.5444
14 470.7705 522.2876
15 404.5978 555.7663
16 895.6211 362.2711
17 753.932 559.8294
18 461.4405 585.628
19 416.8452 485.6994
20 609.0752 728.8328
21 750.3922 329.0035
22 334.8858 75.51483
23 461.8995 55.38071
24 782.8691 812.3772
25 684.6881 267.7949
26 447.0042 935.342
27 144.6472 786.995
28 368.9318 921.8863
29 714.8592 813.9434
30 574.1926 923.6404
31 190.0346 257.9745
