1 555.8454 289.8929
2 195.093 405.6757
3 283.261 95.72478
4 502.9639 567.0583
5 510.2049 507.9993
6 32.9614 506.8314
7 224.6818 533.6584
8 689.5943 285.6836
9 230.4138 126.6972
10 409.7517 239.2436
11 491.3782 248.259
12 326.7332 906.7137
13 846.8555 261.6769
14 758.7462 234.6754
15 311.5511 847.9017
16 349.6866 499.8872
17 857.907 722.5467
18 472.0235 619.551
19 181.9891 634.6378
20 506.1478 86.93476
21 879.0109 317.1431
22 907.4105 406.3393
23 741.3143 148.1341
24 99.1876 418.2065
25 143.7906 785.2529
26 40.85134 571.9207
27 848.5755 663.417
28 666.0967 640.1518
29 48.23734 374.0336
30 530.1886 50.98694
31 443.7071 486.6356
