1 785.4941 471.7291
2 389.2995 246.3398
3 451.3671 892.8311
4 438.5274 606.989
5 283.1158 803.451
6 358.7198 414.2706
7 878.4571 316.4068
8 642.0208 399.9381
9 711.0528 399.1654
10 876.5963 564.2708
11 853.5162 269.6204
12 354.9874 484.6851
13 417.8441 59.38462
14 32.07441 462.8851
15 363.0183 654.4298
16 97.30152 369.7673
17 179.5734 384.4293
18 871.7296 696.7865
19 502.5193 158.5376
20 529.4609 932.5108
21 92.6103 451.2083
22 40.41926 577.6451
23 346.6391 590.3134
24 46.99838 516.9712
25 42.12886 401.1611
26 554.6832 63.26417
27 70.50858 313.4862
28 589.4864 432.8127
29 766.6893 659.7314
30 893.7537 626.5003
31 406.0008 929.3233
