1 543.5499 647.8599
2 396.7059 486.9734
3 712.7823 827.1573
4 347.9991 408.8924
5 182.781 525.3883
6 154.3365 197.8948
7 914.8229 441.6413
8 631.0874 612.9341
9 728.12 680.4877
10 915.1698 554.3032
11 669.1041 99.91809
12 136.1022 590.6289
13 286.3163 97.78445
14 55.01367 356.9944
15 651.0144 821.981
16 364.617 350.7467
17 196.4022 585.5138
18 671.1127 887.7229
19 767.6472 240.9052
20 603.8042 881.9259
21 341.0959 511.0736
22 95.08191 716.3228
23 198.1316 419.1672
24 312.6571 454.7922
25 252.015 452.1446
26 458.3963 362.3569
27 201.5668 148.8145
28 330.4385 270.9049
29 477.1594 669.4269
30 867.191 698.1294
31 388.6359 927.1015
