1 615.8927 648.3168
2 402.4107 60.22956
3 546.475 783.5302
4 566.9367 926.9614
5 200.2851 224.2506
6 315.3509 240.0582
7 273.868 106.0354
8 645.1243 449.4756
9 686.0811 499.0288
10 653.9357 344.2052
11 401.8932 686.0876
12 530.5058 500.5413
13 568.803 727.6575
14 788.4121 741.4022
15 625.3568 289.3642
16 419.9438 125.898
17 740.3931 144.8209
18 218.2527 140.2969
19 70.35812 312.1384
20 127.7896 629.2402
21 713.2829 758.5753
22 429.8143 330.0899
23 581.8714 383.8736
24 917.1399 532.1939
25 789.9249 506.7283
26 398.9819 929.0153
27 900.9611 592.9249
28 914.6861 436.3861
29 321.7042 436.2908
30 713.5071 352.3286
31 32.86094 531.9307
