1 381.433 373.1382
2 869.4312 700.3155
3 213.3126 592.872
4 76.29497 683.8185
5 644.4362 904.8504
6 207.542 796.8
7 305.1012 504.707
8 424.9614 577.3874
9 243.63 500.5953
10 225.1877 854.9353
11 170.5577 734.7751
12 445.0522 516.4942
13 699.1125 877.4746
14 773.6442 172.1817
15 69.20717 314.8252
16 257.2374 112.1942
17 620.3171 253.9845
18 202.7812 145.5405
19 184.3028 540.0079
20 355.7461 458.242
21 716.5913 233.9732
22 886.827 340.7483
23 480.2934 455.6063
24 651.018 315.2275
25 134.4997 213.4142
26 906.1069 391.1154
27 820.0883 777.1209
28 784.7147 813.7745
29 840.6967 315.9196
30 100.0022 291.3904
31 545.6073 446.2882
