1 392.9988 550.0358
2 575.5705 413.3197
3 251.7636 469.1412
4 146.3857 789.0683
5 501.5205 823.5574
6 34.5712 446.1854
7 257.5163 211.5689
8 324.6883 621.3188
9 75.66242 404.9122
10 36.72365 550.4392
11 177.8125 168.0559
12 212.6546 407.748
13 506.9568 483.9331
14 299.3095 290.5394
15 58.40081 504.7695
16 431.407 500.6473
17 586.704 498.0261
18 567.585 329.5461
19 217.9632 632.3781
20 241.5156 804.1556
21 638.8301 400.6969
22 531.3994 522.5031
23 736.952 328.3576
24 108.7967 253.4932
25 488.9134 315.5683
26 788.6561 288.1029
27 912.3476 572.1562
28 799.2782 790.8953
29 648.2981 90.23017
30 200.016 312.7324
31 180.9498 721.0095
