1 915.5786 568.8989
2 256.7713 876.6102
3 405.4917 261.0607
4 60.22591 647.813
5 134.2396 209.7061
6 62.96668 314.0629
7 643.5926 88.14598
8 484.0299 400.9267
9 107.9758 337.9942
10 348.7736 294.0469
11 686.7027 110.5987
12 452.7425 456.0467
13 256.0712 335.6092
14 101.1381 258.8488
15 465.9999 558.6251
16 423.7316 400.6168
17 159.0157 309.4315
18 134.9795 660.5116
19 872.8472 664.3498
20 332.1064 911.5415
21 254.7717 257.2985
22 630.0991 143.8333
23 914.5252 440.0163
24 35.35179 554.1652
25 382.8102 206.0665
26 864.5539 603.4135
27 920.6553 508.0719
28 596.8757 917.2653
29 656.1563 897.7769
30 674.8526 587.371
31 533.5838 341.4658
