1 350.5586 858.7415
2 577.8092 182.9334
3 115.9436 608.9061
4 129.7621 670.2889
5 920.3768 472.2538
6 283.3416 295.9208
7 518.2541 55.55673
8 442.497 657.3936
9 294.4635 815.2258
10 82.38893 553.27
11 726.5185 137.6485
12 210.8097 619.0253
13 52.09653 606.8096
14 701.2725 426.8101
15 479.4108 293.2461
16 259.3942 875.9938
17 230.9861 818.9758
18 556.8813 120.427
19 657.6647 738.825
20 614.3872 914.5047
21 903.0338 372.9052
22 69.99264 668.3771
23 747.0403 697.2307
24 47.13327 383.8513
25 204.6225 677.2808
26 380.7361 91.99185
27 881.8084 322.8304
28 359.3309 921.1344
29 437.487 112.4417
30 457.335 56.64717
31 704.0359 500.4343
