1 717.009 129.7871
2 388.2021 100.4156
3 568.3145 233.4668
4 513.3633 261.5407
5 214.6983 373.9037
6 161.6767 315.356
7 315.7134 225.6221
8 576.1878 330.0339
9 196.6403 636.6052
10 831.2392 353.4013
11 526.8137 487.8447
12 32.49247 516.138
13 865.5026 281.3543
14 444.3862 529.8102
15 378.3032 589.5514
16 889.8585 340.3437
17 752.6067 525.3523
18 441.5295 593.5227
19 386.2372 507.4457
20 578.6022 732.3534
21 773.6571 350.8124
22 311.9462 84.4185
23 431.42 57.65131
24 783.3291 811.539
25 679.3978 304.2318
26 476.5917 935.4285
27 138.1783 779.8059
28 397.2994 928.0949
29 727.2185 828.2317
30 567.7842 924.2211
31 220.4189 278.0289
