1 918.4206 492.2974
2 684.6877 637.4414
3 397.1336 463.0798
4 545.6568 707.9222
5 605.0684 81.49712
6 641.1138 595.1734
7 396.7784 529.4204
8 628.1617 668.8242
9 586.5908 274.1629
10 867.9865 708.3563
11 515.7128 768.4526
12 461.4046 539.6836
13 435.5124 247.9219
14 34.46149 532.8777
15 650.9427 792.9898
16 810.6884 723.4426
17 705.2508 755.4876
18 466.2297 690.8005
19 86.19071 284.0814
20 682.2653 696.8673
21 72.69489 483.1259
22 764.1757 311.6671
23 484.9597 354.0954
24 110.3596 740.4374
25 108.637 587.8268
26 95.86489 427.7057
27 356.5642 229.4413
28 263.1644 109.0448
29 442.8626 777.0356
30 155.7015 190.5109
31 360.3605 70.32218
