1 399.6469 588.8831
2 596.2008 73.30721
3 483.4248 524.4021
4 454.3893 933.8331
5 304.3624 487.6943
6 44.37485 579.1751
7 361.1339 520.7469
8 297.1216 390.3866
9 414.4429 488.2704
10 472.7047 161.1707
11 260.1719 880.4329
12 343.5701 619.2322
13 135.2558 560.0454
14 782.473 446.1489
15 695.875 114.7629
16 200.0613 449.9339
17 847.3948 402.2863
18 207.5736 573.2361
19 186.7897 160.6302
20 57.83192 641.3758
21 694.4379 384.999
22 501.7474 58.62653
23 360.365 458.0214
24 686.9732 721.4353
25 756.3679 154.2245
26 621.5558 728.8754
27 714.7986 306.3161
28 866.8653 314.1477
29 128.3962 767.6698
30 659.4323 162.2668
31 58.87462 480.2213
