1 535.579 328.2039
2 169.2156 725.3285
3 521.6414 556.7551
4 684.8725 348.8591
5 766.0781 827.4215
6 57.54762 637.6578
7 50.12913 522.6889
8 605.7168 599.8201
9 461.1522 573.173
10 482.069 744.9743
11 101.9351 572.9359
12 83.3839 695.8537
13 566.2264 558.0024
14 468.2109 512.3903
15 725.2781 417.5732
16 180.9568 813.1499
17 826.3404 456.8037
18 128.2844 770.5569
19 582.8471 922.8719
20 805.7242 205.9969
21 510.0743 470.4692
22 767.7012 612.0541
23 790.2325 286.4794
24 42.56767 585.584
25 597.1114 713.0539
26 574.4099 655.8051
27 803.4452 345.0355
28 248.7908 282.5765
29 73.25217 307.333
30 297.5256 374.8768
31 725.4589 750.9348
