1 326.7603 911.3434
2 583.3164 270.2372
3 185.7581 530.2754
4 198.4874 589.7935
5 912.9825 571.3509
6 406.3471 340.3806
7 593.9727 70.47816
8 531.1908 591.2668
9 379.706 876.8388
10 154.3519 478.9279
11 726.0537 132.3604
12 245.4368 531.0379
13 49.16208 617.79
14 740.3082 530.4362
15 550.8978 383.6232
16 333.5067 835.0182
17 323.929 778.2974
18 526.9104 235.7456
19 742.1331 692.0184
20 691.3796 879.6074
21 895.1786 352.4457
22 71.55641 675.1963
23 713.9559 632.6683
24 44.55987 400.2012
25 267.9757 586.535
26 351.0516 200.7019
27 873.285 304.6247
28 410.9351 927.41
29 410.1841 200.8554
30 530.1264 63.75157
31 768.0046 575.8592
