1 627.6015 589.2625
2 447.6674 55.55818
3 597.6673 763.0635
4 585.6356 921.079
5 147.4267 255.9991
6 265.1083 280.798
7 284.8427 150.3658
8 627.0426 395.7691
9 667.9717 444.2949
10 687.3459 309.4156
11 381.6752 743.5511
12 517.212 448.9001
13 519.1182 694.8816
14 836.5152 704.3406
15 674.3392 250.1459
16 384.3325 166.0865
17 777.5073 177.044
18 234.0497 181.8802
19 79.43236 297.328
20 97.60978 665.6156
21 744.4991 713.0658
22 459.4781 283.9989
23 533.0618 340.199
24 914.9273 551.891
25 820.3201 462.7328
26 446.7453 933.8109
27 863.7304 584.5118
28 914.5307 431.7488
29 317.0157 493.4147
30 746.8988 310.7995
31 33.72402 524.2323
