1 909.446 414.2946
2 576.2071 507.5767
3 430.8448 648.8423
4 571.2136 870.448
5 775.5602 172.3569
6 453.5834 559.1601
7 232.4212 538.9084
8 477.0876 614.0674
9 721.9822 199.194
10 710.33 826.5494
11 361.842 725.6547
12 285.7341 600.5221
13 418.0011 71.75331
14 41.95803 406.1918
15 609.5345 693.0021
16 637.5985 814.112
17 636.483 876.1656
18 274.6969 683.1523
19 86.53513 282.023
20 536.1728 623.0432
21 181.2984 363.948
22 659.2591 181.5327
23 384.8766 513.7749
24 165.6446 806.912
25 221.1883 410.8177
26 199.4388 231.4894
27 519.1377 210.4654
28 425.5569 117.7209
29 368.0128 647.9545
30 158.854 187.9732
31 363.8545 67.43204
