1 605.0639 206.8182
2 686.2937 849.1925
3 179.8578 480.4225
4 118.2142 754.6848
5 430.3323 613.9439
6 826.3353 299.0362
7 501.1971 55.37009
8 701.6584 468.3194
9 118.919 234.4831
10 179.8722 818.1959
11 743.445 848.4706
12 253.8548 435.7914
13 327.312 889.5155
14 910.0289 409.9116
15 324.1817 80.85421
16 750.4033 436.194
17 283.9051 889.2852
18 161.6784 184.7545
19 498.1387 242.1412
20 489.6971 343.0912
21 380.5386 65.67644
22 445.7715 170.1666
23 405.2632 122.5489
24 426.6687 892.0352
25 275.5479 152.8875
26 793.9174 710.4026
27 748.8204 752.6034
28 672.1906 894.8222
29 375.4343 921.3338
30 230.9663 729.4055
31 605.7701 484.6247
