1 398.1278 61.02641
2 759.7492 834.2739
3 377.5696 175.3929
4 169.2803 812.966
5 279.2908 652.986
6 391.8637 661.8838
7 566.9097 131.2112
8 371.066 420.2122
9 156.9943 337.4968
10 291.4619 892.3498
11 400.2169 770.1216
12 438.7697 171.6489
13 332.5657 615.9901
14 779.7349 177.7501
15 106.6001 252.6547
16 331.2341 216.4995
17 274.2157 580.6202
18 456.5556 53.84935
19 374.4714 112.7587
20 611.3037 91.02101
21 223.9645 130.1083
22 697.6932 263.8843
23 440.4021 109.2638
24 716.6196 755.7792
25 172.9121 269.0733
26 694.4569 219.1601
27 693.6392 880.3592
28 642.3705 905.4227
29 503.2238 752.7088
30 86.38797 565.7501
31 525.9682 57.15835
