1 784.1532 464.1188
2 387.8567 241.0003
3 453.1317 895.226
4 444.5394 610.6196
5 287.3348 809.3295
6 359.8564 414.2837
7 881.1369 320.9938
8 638.0567 394.3688
9 706.6456 393.5792
10 868.4774 564.2227
11 855.3545 272.9489
12 357.2156 482.432
13 414.5227 59.85804
14 32.35425 465.8897
15 355.2913 653.7958
16 94.70489 368.6156
17 173.1439 379.106
18 871.0929 698.0296
19 495.3407 159.4456
20 529.9354 932.278
21 92.11652 455.0418
22 39.73478 577.7185
23 352.7444 585.2437
24 43.24155 519.4764
25 42.42057 403.4935
26 558.1615 64.34933
27 70.18047 315.9458
28 591.8359 438.485
29 773.0373 660.5784
30 892.4152 625.5478
31 407.5151 929.1103
