1 465.559 443.067
2 553.5967 63.562
3 649.1917 585.0868
4 600.3118 918.8554
5 195.2529 380.7237
6 71.22114 453.0328
7 262.2409 351.0971
8 460.3835 288.1641
9 487.4083 346.5579
10 669.9825 147
11 263.8813 882.8841
12 346.7158 424.5463
13 341.085 560.6705
14 886.79 613.7473
15 796.7049 194.1474
16 309.0525 305.7187
17 856.3539 264.0447
18 269.2528 415.1708
19 96.55527 269.2586
20 71.33083 674.2851
21 777.6607 534.4987
22 466.614 81.56228
23 359.055 346.9309
24 812.8682 621.6724
25 819.8356 300.4249
26 538.3587 914.9598
27 756.1408 459.1455
28 898.5002 371.2048
29 248.8255 680.0082
30 773.1012 261.0892
31 32.59948 503.2625
