1 310.219 584.2033
2 571.3329 65.56686
3 264.1306 689.3635
4 209.1757 845.0889
5 732.1059 412.5598
6 136.6115 213.8767
7 411.5183 213.7364
8 448.6249 934.3717
9 310.417 646.52
10 258.7041 542.1701
11 538.9371 156.3325
12 417.4422 648.6028
13 246.5752 602.0625
14 482.8815 190.4002
15 197.9738 149.8716
16 268.599 873.1968
17 291.0391 812.8876
18 733.1758 138.559
19 485.6976 885.2088
20 510.0081 935.425
21 907.1007 393.5795
22 226.4184 637.6906
23 915.4894 562.1616
24 41.81719 404.3218
25 321.0268 716.4191
26 478.0249 56.4798
27 889.1146 338.1669
28 362.2358 762.512
29 397.9542 61.84121
30 516.4948 93.04897
31 428.5053 494.9754
