1 595.1993 385.727
2 629.2422 638.8854
3 646.3286 904.2992
4 603.7626 465.3649
5 681.755 665.9689
6 462.9875 934.2466
7 200.0789 829.6069
8 660.7575 281.3794
9 833.2495 757.4786
10 678.8829 476.9176
11 541.6177 929.2453
12 39.20951 565.5448
13 673.8848 857.7394
14 869.8413 701.9634
15 820.0988 223.804
16 729.1795 801.6975
17 615.0294 862.1362
18 245.5609 871.4759
19 599.2708 920.0448
20 872.9781 304.8866
21 719.0201 862.9969
22 645.6871 793.1457
23 874.6656 642.571
24 400.3334 118.2479
25 635.6369 575.454
26 728.6151 711.1277
27 778.3916 324.2531
28 131.0608 217.1814
29 94.32473 271.2598
30 97.98999 695.8883
31 704.7078 396.338
