1 776.6342 429.4994
2 823.565 635.9313
3 141.7821 732.5963
4 475.5198 852.7055
5 553.6647 355.5374
6 746.6346 371.9418
7 726.3066 656.4937
8 691.4362 476.6049
9 868.3345 295.6643
10 826.7516 466.8338
11 557.7809 917.9152
12 243.5736 530.2139
13 35.22627 541.51
14 305.254 177.808
15 845.9629 700.6701
16 888.312 358.2692
17 907.4391 572.3862
18 474.5765 919.3295
19 79.56549 294.3993
20 779.1904 692.9281
21 439.5204 755.938
22 917.5687 482.999
23 528.3142 568.5874
24 34.54959 477.0439
25 399.3715 572.8616
26 563.8074 661.2734
27 120.3182 229.4852
28 219.8625 416.8865
29 528.1102 813.8404
30 256.1339 228.6907
31 570.5329 67.9879
