1 362.4155 112.0998
2 785.365 812.1489
3 408.0012 221.9237
4 133.6029 773.7589
5 358.0726 587.6072
6 334.6036 752.2575
7 507.0708 166.4702
8 424.2001 344.5037
9 133.778 429.937
10 292.4116 892.9445
11 307.507 815.0231
12 464.364 207.2401
13 416.1269 614.2651
14 718.8973 127.3884
15 100.5667 260.8018
16 288.7941 152.4081
17 349.1593 527.2874
18 449.2634 56.49726
19 379.2307 165.0457
20 565.5699 151.8466
21 293.2543 90.75492
22 723.5974 213.596
23 475.4495 112.2783
24 725.8931 675.0329
25 137.2947 207.9211
26 753.0395 182.6598
27 729.5048 859.4691
28 682.5364 885.9423
29 556.4737 685.799
30 51.75113 479.1733
31 512.2161 62.0244
