1 483.5724 385.1725
2 355.1233 348.7025
3 593.7107 356.0114
4 739.1293 469.9376
5 878.9222 479.0191
6 888.0105 344.1594
7 236.5918 171.8059
8 530.9085 279.9215
9 31.53158 489.6866
10 682.6493 539.2984
11 595.9477 878.1334
12 92.39209 712.7982
13 902.5608 444.9873
14 215.2568 849.9432
15 618.2357 787.2185
16 407.3333 404.6348
17 713.7522 640.5804
18 398.796 600.8496
19 106.8031 248.6976
20 339.6181 618.4536
21 724.4831 585.5817
22 420.9593 110.2478
23 380.1891 65.35795
24 641.1013 496.8922
25 914.1957 530.1633
26 51.90325 605.3935
27 535.6914 931.7688
28 652.9345 899.0482
29 915.8468 406.9066
30 182.2388 590.2464
31 867.1676 396.5449
