1 492.4263 851.6968
2 491.1636 924.6695
3 35.72302 542.6697
4 201.668 512.4714
5 602.464 259.989
6 812.807 427.6131
7 873.8596 303.2737
8 449.0056 650.2397
9 587.208 892.912
10 57.39692 604.0943
11 438.1074 940.3445
12 429.3849 472.462
13 252.1421 388.8508
14 842.755 742.6354
15 455.7006 300.5901
16 782.1266 813.6536
17 812.1279 775.0728
18 440.8183 815.2361
19 624.6338 192.7085
20 914.6496 440.5275
21 810.0119 210.0859
22 441.1018 887.8369
23 687.6572 206.0533
24 50.73811 365.5097
25 280.2825 637.8102
26 175.7481 424.9974
27 457.873 55.12417
28 569.8398 313.005
29 544.0959 933.7905
30 918.1041 499.1311
31 697.8439 148.1847
