1 506.4256 634.8128
2 412.2882 513.2668
3 734.9535 839.0738
4 349.5717 385.1912
5 208.478 511.2858
6 146.3693 203.054
7 914.6567 445.1211
8 601.457 595.6794
9 732.6772 715.5864
10 917.2844 533.7162
11 646.243 90.46552
12 105.5207 596.5748
13 267.6698 108.0362
14 57.77135 348.0992
15 676.942 851.6175
16 381.7031 330.4437
17 167.1884 598.7635
18 647.3877 904.2478
19 787.8872 263.9404
20 614.2184 854.8242
21 352.4573 529.7509
22 98.22328 719.5946
23 216.6126 387.382
24 337.9471 442.4881
25 285.8604 478.1295
26 448.1997 398.9814
27 191.1305 156.1095
28 295.4754 273.9144
29 443.9716 675.6731
30 860.0537 710.9534
31 375.9331 923.5108
