1 598.3522 653.7075
2 384.9604 479.1258
3 674.6679 800.1784
4 336.1813 433.2699
5 165.7471 541.8814
6 179.244 216.778
7 910.0593 412.9425
8 660.9836 617.8804
9 722.295 640.601
10 917.1765 546.9464
11 688.1842 111.256
12 182.5366 606.1581
13 319.5832 83.69044
14 47.03286 383.2195
15 613.5217 780.4472
16 329.9398 371.1224
17 236.0845 562.6643
18 713.8004 860.358
19 734.5525 210.5514
20 599.9133 918.3477
21 317.6576 491.7902
22 79.88701 689.4365
23 152.3749 462.9064
24 272.6931 445.9915
25 222.2426 409.9723
26 470.9274 310.4296
27 195.4391 154.4119
28 379.0145 280.7868
29 520.5822 664.546
30 878.2313 676.2017
31 392.7615 928.0912
