1 763.7652 562.2019
2 394.4915 327.2231
3 505.1831 829.8739
4 375.5547 563.9811
5 237.6384 722.9848
6 324.7051 343.2104
7 888.5303 339.5935
8 689.4609 464.5998
9 756.8328 466.9904
10 912.4626 561.4173
11 806.0582 202.7519
12 317.1026 541.9605
13 423.3795 59.22306
14 41.86255 405.8491
15 451.4333 662.6696
16 170.5133 381.7827
17 233.5032 451.9152
18 848.159 735.7619
19 580.2857 155.2948
20 554.7696 929.6757
21 153.5835 442.2967
22 50.80985 620.6103
23 258.1731 612.7839
24 95.15968 448.0305
25 61.13344 341.1074
26 523.2222 115.2631
27 102.922 256.2564
28 542.5538 377.7605
29 689.5923 647.7604
30 900.0069 626.1974
31 392.4897 927.5225
