1 584.3889 379.7483
2 133.277 673.4871
3 501.636 506.6486
4 678.8256 409.307
5 754.423 836.5306
6 63.59825 653.1712
7 31.73744 524.3906
8 540.1474 586.4768
9 436.4801 502.6893
10 428.9585 711.6879
11 91.86552 553.7537
12 102.4486 727.9455
13 549.9941 526.1365
14 465.4374 448.3845
15 694.634 478.881
16 184.696 823.131
17 876.4769 480.7518
18 138.8065 778.2103
19 538.2012 931.1406
20 806.9652 207.7483
21 525.5632 436.5241
22 801.4134 561.3991
23 857.0165 309.3394
24 43.46906 590.0454
25 528.3288 713.7441
26 518.6546 646.1746
27 751.257 372.7327
28 284.4977 338.8739
29 57.20278 343.8862
30 346.2658 330.5805
31 672.6142 785.7571
