1 462.3939 476.8192
2 185.0818 517.0771
3 314.5108 240.5874
4 613.9636 667.7582
5 514.602 712.207
6 120.7309 568.8187
7 92.39646 497.207
8 496.0595 297.4051
9 248.3475 258.76
10 305.9519 434.5007
11 339.9651 384.5109
12 193.4138 829.0776
13 719.1822 335.1907
14 585.4448 210.8433
15 451.0356 705.5531
16 197.5533 579.3688
17 908.5674 595.2265
18 282.1969 631.6529
19 341.0683 714.5874
20 608.2725 77.20262
21 780.9116 323.6958
22 917.0695 477.9294
23 841.8807 299.6336
24 36.33761 542.0201
25 200.1177 774.2992
26 177.847 637.3125
27 678.2937 659.0647
28 491.0296 563.1705
29 52.85412 365.9113
30 585.1841 148.345
31 407.8583 665.9494
