1 520.8433 214.2831
2 493.0908 670.6336
3 544.3689 490.2842
4 665.3237 480.6732
5 693.5065 878.1817
6 611.9352 106.0871
7 166.7364 297.2771
8 654.8103 352.3334
9 39.68972 410.0404
10 548.6635 130.208
11 911.6778 490.1284
12 143.3345 784.1762
13 652.9422 555.99
14 634.9446 906.0411
15 90.8822 711.4749
16 220.7673 779.165
17 695.1899 788.1914
18 249.7293 600.3113
19 83.55454 287.7154
20 354.6682 130.4173
21 488.9721 135.6399
22 554.3662 68.78481
23 362.622 72.23357
24 459.1478 84.31872
25 834.8891 753.1278
26 55.59325 635.529
27 783.6375 791.6182
28 600.4702 506.0641
29 592.7216 586.4247
30 294.5796 101.9413
31 664.0876 99.56466
