1 489.9944 558.4785
2 301.2114 88.07559
3 704.5416 873.9334
4 770.8978 760.7963
5 611.8787 664.3298
6 103.5391 591.9671
7 859.4108 283.0179
8 308.4039 394.8457
9 396.03 444.7615
10 719.6814 818.0725
11 819.2269 220.8359
12 278.6944 225.372
13 455.7916 73.25995
14 58.31173 351.2661
15 131.5853 770.9061
16 246.0678 407.1854
17 195.6469 152.3282
18 914.318 558.4289
19 233.4857 346.6259
20 369.9414 827.481
21 259.4149 781.1546
22 109.7454 506.8533
23 344.7022 291.0926
24 55.55592 633.8289
25 261.1326 169.5931
26 518.5474 57.03599
27 134.4351 445.353
28 807.2744 714.1604
29 899.8106 373.3995
30 531.216 502.5851
31 632.7349 907.5996
