1 469.9894 490.9471
2 183.4913 527.1717
3 322.601 252.5363
4 614.2126 661.5822
5 522.6394 725.4514
6 128.9648 568.7058
7 79.67775 494.1723
8 485.7094 308.4098
9 256.2112 271.8793
10 305.0843 451.4976
11 332.3607 395.6108
12 182.9451 821.6771
13 707.0824 342.0345
14 572.4887 219.7938
15 461.8557 699.0648
16 194.0895 589.7728
17 908.666 584.3815
18 266.6125 626.4408
19 353.8755 718.2391
20 619.8413 78.53251
21 767.8653 325.7012
22 917.431 485.5366
23 842.9258 315.4552
24 37.18877 553.8186
25 204.656 767.1711
26 188.089 652.2294
27 677.7326 650.3033
28 477.8324 556.7644
29 53.48161 355.6601
30 576.6092 157.7113
31 406.9458 679.1815
