1 660.6098 422.6468
2 185.0361 201.5116
3 754.1581 576.1509
4 748.5803 841.3566
5 225.7394 301.5237
6 320.6819 373.594
7 688.9274 236.2642
8 600.5597 410.6731
9 729.8956 523.9594
10 744.6074 463.4868
11 285.979 98.49917
12 164.8552 160.6017
13 800.8612 485.7685
14 34.40632 530.9718
15 167.174 799.3031
16 670.9352 505.5198
17 132.787 206.9376
18 866.0808 290.8893
19 68.67195 666.0855
20 318.7482 431.4842
21 678.8817 565.683
22 111.2751 248.8313
23 500.7036 482.719
24 251.1078 391.9736
25 550.1534 450.6202
26 206.003 143.9183
27 122.8083 754.0035
28 852.5415 727.0421
29 644.7938 280.3985
30 79.90934 294.9485
31 607.8016 914.8191
