1 587.6016 285.4497
2 212.5563 382.7068
3 311.2808 95.39092
4 499.0927 540.071
5 529.3627 489.6681
6 31.27389 507.1107
7 252.0288 533.5482
8 710.9658 304.3209
9 226.652 130.2049
10 427.7413 216.8482
11 517.2742 231.7921
12 341.075 915.5614
13 840.8346 250.0677
14 773.9412 262.0626
15 293.6454 872.4046
16 379.4402 496.4521
17 857.2194 722.1756
18 496.8903 600.6927
19 161.9815 618.3886
20 518.0926 95.10231
21 881.5829 322.4441
22 905.1144 394.3944
23 719.2818 132.0564
24 103.7086 391.0515
25 145.9484 787.1828
26 41.82141 572.6228
27 868.7902 660.8187
28 694.5841 639.7891
29 43.98092 389.0348
30 522.6381 50.9148
31 445.4672 457.2024
