1 656.3828 640.7422
2 387.8051 439.4589
3 621.1247 785.497
4 327.8433 459.2685
5 171.8712 600.6653
6 238.99 246.3431
7 905.8877 397.0958
8 686.3005 586.77
9 750.8373 587.5813
10 912.8144 570.6728
11 714.9795 128.2572
12 239.1479 601.1415
13 355.9393 71.43684
14 47.33598 378.5729
15 570.9343 735.8764
16 282.5136 398.4523
17 259.1209 540.899
18 759.209 823.7896
19 692.6281 184.0821
20 585.7729 921.8138
21 269.9995 477.2402
22 67.92599 661.9293
23 151.6657 525.8812
24 219.4165 438.0984
25 185.3426 364.7766
26 487.5635 251.3959
27 155.9968 187.9598
28 434.8218 302.0033
29 573.4901 658.3848
30 892.5689 643.0265
31 390.9258 926.8506
