1 486.5335 687.6048
2 622.1961 80.7369
3 440.8741 634.9312
4 455.1277 934.3369
5 389.6532 531.1261
6 33.46163 528.14
7 429.7942 574.1441
8 259.1031 501.8668
9 495.0456 570.8977
10 385.135 258.1463
11 222.6413 855.7587
12 420.8063 701.6763
13 81.88273 492.1843
14 677.5808 376.4734
15 678.9271 106.8402
16 158.5428 565.6341
17 916.0575 482.8526
18 90.25742 632.4723
19 178.819 167.9412
20 43.75296 595.0677
21 610.209 316.5615
22 545.5446 61.19244
23 459.5151 518.3737
24 609.4547 796.1289
25 723.1796 148.8508
26 651.1667 608.2906
27 729.595 212.4494
28 810.6398 214.1238
29 119.0228 754.5586
30 542.8096 126.7339
31 124.9955 374.5822
