1 563.9296 287.9693
2 199.7401 399.5057
3 289.4878 96.14402
4 501.1834 560.4578
5 515.204 502.6806
6 30.71192 505.9185
7 231.2333 533.9605
8 694.9738 289.7877
9 230.9488 126.0872
10 414.5037 233.8032
11 497.8061 244.2841
12 332.893 909.3645
13 847.4976 261.5025
14 762.926 241.5577
15 306.8441 854.3334
16 357.0559 498.9453
17 857.2595 722.8766
18 478.1755 615.1486
19 176.5612 630.4749
20 507.3389 89.12211
21 880.4757 317.7491
22 906.9445 403.7623
23 737.9479 141.8293
24 102.0123 411.291
25 142.711 785.0114
26 40.06318 571.66
27 853.7859 662.1188
28 673.0449 640.1193
29 46.51821 378.424
30 527.5005 50.64215
31 444.3705 479.1619
