1 867.8793 450.3937
2 878.5572 595.2673
3 122.9427 644.6988
4 391.5527 837.1812
5 476.2922 287.233
6 807.6683 457.6236
7 723.3163 585.9651
8 775.4271 508.7915
9 847.7827 325.0335
10 906.5641 500.6462
11 661.0781 890.7609
12 243.6733 444.0383
13 108.7292 533.5824
14 231.6019 246.2869
15 824.5498 767.7325
16 857.638 385.7397
17 894.6931 640.3046
18 575.4161 926.1408
19 65.38012 328.5254
20 834.5361 707.9644
21 358.0613 735.1023
22 913.0471 421.0697
23 433.7354 594.1887
24 38.9617 546.6383
25 316.4168 616.8883
26 463.6613 648.2964
27 155.7534 189.3071
28 254.0158 329.06
29 513.9329 902.1992
30 166.8658 247.4901
31 600.1295 73.88819
