1 490.5089 416.6602
2 337.5553 369.2466
3 593.2218 328.5353
4 748.3818 443.8092
5 875.2046 465.6239
6 880.9379 323.3365
7 248.6294 146.9766
8 505.7366 295.4219
9 31.96671 484.2898
10 702.2839 518.9595
11 590.9415 880.3775
12 92.91443 713.4306
13 900.9284 435.2879
14 213.8955 848.6222
15 603.71 758.1379
16 383.6327 413.6413
17 739.8646 648.3796
18 416.4822 625.751
19 110.1748 242.7112
20 338.0069 595.4839
21 710.6928 578.9019
22 435.2096 86.3156
23 357.0079 69.74393
24 657.6244 480.3778
25 915.0267 513.3753
26 45.90467 600.1141
27 539.152 931.0075
28 650.6943 899.1513
29 916.2402 400.5619
30 160.822 572.9389
31 873.895 375.8571
