1 354.4619 428.7997
2 872.0647 694.696
3 159.1423 613.8019
4 66.45927 664.6879
5 624.9043 908.8642
6 207.631 734.3011
7 330.9018 543.7714
8 390.4091 587.6454
9 268.1794 557.8269
10 207.6553 793.7356
11 191.1727 672.2252
12 393.2419 521.7534
13 691.41 878.5626
14 809.6481 210.0102
15 59.32308 344.4014
16 269.7825 106.2969
17 661.6102 238.0455
18 215.4731 139.3267
19 137.7949 557.4046
20 317.5779 487.2803
21 752.2653 276.2961
22 892.1152 354.7617
23 441.1136 466.9068
24 613.8838 282.4366
25 116.4218 238.4213
26 909.0918 409.4421
27 824.8925 769.6502
28 791.0074 806.1525
29 861.7938 306.4343
30 79.41849 311.2211
31 504.9529 493.1187
