1 578.7057 697.3047
2 362.7964 75.00455
3 720.373 865.0684
4 809.4518 787.6551
5 614.3776 498.8181
6 62.48679 656.5376
7 807.8365 205.277
8 324.8762 555.5331
9 381.046 596.9184
10 756.8344 823.5378
11 698.8759 119.8419
12 265.0423 112.6062
13 554.3796 198.9464
14 59.1614 344.9569
15 155.9038 793.0834
16 360.1715 415.1031
17 207.7466 143.0096
18 919.882 504.2989
19 160.9054 445.4366
20 324.955 762.7014
21 390.2054 730.3659
22 110.3258 416.0468
23 196.155 327.261
24 96.10819 715.7799
25 331.2797 129.2452
26 419.4061 60.35904
27 189.7176 549.8086
28 844.7791 739.915
29 845.0947 258.3002
30 390.7766 471.8907
31 550.0073 929.2145
