1 830.4013 282.61
2 354.5754 917.4387
3 641.0305 435.9253
4 100.7072 729.2368
5 350.6757 87.13391
6 369.9581 173.2889
7 443.0917 58.25466
8 445.9154 536.9693
9 116.2091 403.56
10 322.177 611.9416
11 734.281 288.5808
12 167.0186 479.2443
13 190.0532 732.6528
14 431.1986 130.4329
15 561.6957 185.2438
16 788.8858 323.7702
17 92.86459 599.6079
18 38.16324 569.3578
19 867.1177 705.1293
20 524.8023 816.7789
21 554.8885 71.02619
22 824.6798 224.2645
23 781.9891 252.1349
24 55.28691 451.0277
25 69.05741 365.1944
26 919.1442 528.7504
27 916.4449 445.0738
28 536.0951 757.655
29 524.2461 931.2053
30 327.8291 725.7196
31 879.4298 317.6574
