1 401.416 560.8058
2 531.5383 728.8202
3 580.7026 855.2869
4 422.9497 335.5273
5 839.2274 750.3208
6 291.313 749.6271
7 136.9053 776.003
8 854.6964 421.7736
9 711.6428 869.3523
10 804.1971 590.4274
11 354.1025 872.9471
12 36.92797 554.238
13 642.8419 851.5109
14 777.7473 715.321
15 651.886 91.69712
16 476.7623 763.9686
17 525.2993 631.812
18 190.4963 829.0548
19 520.6258 933.6266
20 833.0574 239.2118
21 569.3922 777.1963
22 837.3073 697.7401
23 735.4023 549.3025
24 182.9077 276.9422
25 807.7231 650.064
26 891.7039 650.6288
27 921.7759 474.0248
28 255.8713 112.2992
29 85.48528 282.187
30 36.91685 488.1698
31 903.5683 537.8376
