1 453.102 612.8666
2 539.5412 58.61558
3 611.5143 209.0224
4 457.6935 915.694
5 426.8558 747.3134
6 600.0997 68.01357
7 426.3465 59.30044
8 424.2791 678.2547
9 418.7735 286.571
10 303.1018 163.0403
11 152.7037 191.04
12 220.6767 153.0613
13 816.0226 219.8555
14 53.96756 608.315
15 68.11591 319.3183
16 732.6529 138.9325
17 316.4162 83.26687
18 515.6438 218.2479
19 70.04223 671.8395
20 549.3729 161.7457
21 445.1452 345.7621
22 120.1171 227.3763
23 353.1562 336.5573
24 476.4512 78.43151
25 465.0639 247.0093
26 405.8782 227.856
27 543.1237 929.2042
28 559.2747 663.4198
29 574.6216 107.6365
30 95.43025 272.0919
31 419.9327 538.4839
