1 246.6775 871.024
2 695.7803 489.7915
3 375.051 427.4506
4 406.9946 645.3373
5 870.5619 452.5521
6 603.2105 561.1483
7 692.0365 110.9681
8 677.3249 771.6723
9 378.1679 924.0223
10 158.5478 297.5957
11 621.7824 335.172
12 469.4898 534.2324
13 40.57346 580.7971
14 805.605 783.0198
15 600.647 668.8731
16 577.7791 763.1543
17 524.9469 638.7283
18 539.6553 543.3133
19 876.6019 688.8334
20 848.6226 736.2413
21 868.0424 294.9063
22 106.7233 734.8413
23 747.7397 450.0158
24 35.46078 455.2973
25 465.8385 609.9188
26 97.04286 300.8118
27 822.0944 222.5334
28 677.9913 855.0751
29 508.1816 425.2495
30 719.1691 227.785
31 900.1591 632.2695
