1 636.2514 698.4629
2 735.5748 853.1534
3 237.5328 613.4837
4 386.6 580.9054
5 785.9982 587.8127
6 489.7569 94.30175
7 451.9655 617.2206
8 557.5915 659.4936
9 915.6093 545.9772
10 509.8831 512.4547
11 137.1986 779.9582
12 446.6893 439.9533
13 33.79036 448.1702
14 568.0661 90.4262
15 899.2185 366.3582
16 569.3059 531.2156
17 765.959 697.2974
18 393.4496 643.5293
19 243.7443 308.4083
20 495.5881 658.8818
21 615.7466 585.5256
22 876.3307 684.7111
23 335.4423 353.487
24 40.15305 399.3854
25 497.584 336.529
26 845.4348 741.504
27 60.68663 349.536
28 31.67314 509.2932
29 702.9624 732.2375
30 624.2408 201.938
31 466.7648 275.1512
