1 297.9193 895.6998
2 706.9974 567.8207
3 418.3668 504.7531
4 364.3953 719.5281
5 860.7451 363.0597
6 644.8943 648.4253
7 711.3705 170.7989
8 624.1124 833.7515
9 354.8426 918.0273
10 94.31955 261.9904
11 605.022 436.9691
12 516.9747 606.7882
13 41.17396 581.012
14 823.3056 769.4478
15 569.7142 759.4411
16 633.5733 770.371
17 597.864 695.2523
18 576.1981 628.3522
19 853.4856 661.2848
20 858.5074 718.9015
21 832.5495 237.0389
22 138.4282 778.2756
23 827.959 413.149
24 33.79387 510.3914
25 537.263 674.3892
26 68.68619 322.9253
27 779.6364 175.7887
28 738.2386 801.3321
29 515.7421 511.8842
30 779.6902 291.1068
31 902.157 615.5351
