1 368.5995 831.1844
2 578.0244 157.7122
3 110.4808 624.4834
4 124.9298 697.6151
5 914.383 443.9288
6 252.3363 281.6712
7 507.6167 54.7355
8 429.7112 684.1281
9 264.8499 812.9436
10 81.9266 557.1265
11 706.6249 124.9186
12 211.4652 645.909
13 45.13451 609.3035
14 689.5649 398.9839
15 455.4139 272.7798
16 246.6458 868.6574
17 202.9741 828.5256
18 572.0572 92.13129
19 635.1137 750.9756
20 592.2732 920.7257
21 903.5095 379.7816
22 69.63883 668.771
23 764.8121 718.321
24 42.2121 398.7835
25 194.8621 703.1565
26 385.1888 64.04356
27 883.8976 327.8637
28 332.5217 909.7468
29 425.3128 110.1729
30 446.6193 56.599
31 683.7197 481.3727
