1 331.0981 902.734
2 580.5949 231.5313
3 155.2669 567.2959
4 162.4718 626.3426
5 916.8868 527.2269
6 348.1885 318.5586
7 557.242 62.35196
8 482.3081 612.2442
9 351.8636 845.4752
10 118.8287 516.9337
11 744.8291 148.3792
12 220.7368 567.1502
13 47.18639 613.4219
14 722.2456 482.6375
15 521.0831 338.8899
16 286.2148 863.9782
17 280.6271 803.842
18 543.9752 182.9359
19 704.7772 716.7695
20 657.069 898.3749
21 898.3145 362.2904
22 70.87601 671.5884
23 722.4424 652.0014
24 50.51415 369.0093
25 233.0755 625.2708
26 368.8697 152.9955
27 877.5381 313.062
28 390.3771 927.6493
29 427.7781 155.2129
30 499.008 57.01283
31 739.5132 540.3256
