1 868.068 642.2418
2 253.9529 874.9072
3 181.4153 204.3073
4 185.889 646.1987
5 59.5673 349.025
6 192.0871 521.0653
7 549.9537 75.51542
8 304.8951 538.1535
9 223.3768 571.0455
10 124.8661 227.1142
11 596.7452 118.4106
12 293.3086 376.6993
13 278.5403 180.5851
14 48.55329 412.6185
15 421.2792 855.0349
16 183.2069 456.1409
17 106.7669 408.8336
18 198.9716 838.4627
19 704.5582 602.4091
20 317.2899 906.5727
21 120.6098 467.3409
22 366.5476 164.3644
23 710.8222 284.4401
24 163.3241 586.4199
25 366.7983 68.88966
26 610.6827 593.9466
27 905.1444 607.0677
28 529.4159 933.6686
29 580.9294 924.3494
30 749.2976 651.8612
31 257.1737 305.8767
