1 429.8523 339.3412
2 410.3568 113.7329
3 798.4367 375.2754
4 725.3234 860.0603
5 75.42416 520.1321
6 514.7194 148.4898
7 502.8325 330.4082
8 373.3962 359.6704
9 805.7485 262.3809
10 633.0575 233.3016
11 256.5882 114.8248
12 199.2905 216.2145
13 840.1491 328.7311
14 44.6236 593.4461
15 187.2357 600.0264
16 780.1274 319.146
17 145.0875 204.605
18 796.8336 198.2495
19 63.13672 653.8011
20 399.4251 242.4537
21 741.6309 362.7263
22 109.4126 242.2031
23 684.4154 391.6373
24 305.6589 181.5379
25 674.4518 304.2267
26 201.8047 143.0205
27 260.5703 792.2436
28 774.6764 819.9408
29 461.6898 232.22
30 83.87354 294.7477
31 669.0178 834.0629
