1 594.9052 559.5033
2 342.1761 914.034
3 771.4716 818.4739
4 448.3256 471.6949
5 141.7004 778.3873
6 414.1135 694.3834
7 574.8459 925.8742
8 781.8899 601.4377
9 389.68 840.197
10 472.8724 933.7482
11 627.6533 889.6744
12 230.7209 706.2253
13 835.1922 372.0964
14 401.9347 901.6448
15 592.4715 719.818
16 908.9334 405.2717
17 479.0317 653.6929
18 329.3813 683.6366
19 744.1845 846.23
20 890.6774 341.5246
21 774.8091 774.0151
22 528.0424 886.9499
23 719.9337 523.7324
24 741.7065 198.64
25 253.3404 851.2213
26 186.0479 826.4489
27 557.9538 216.3896
28 44.49919 592.9373
29 152.744 648.0335
30 440.5343 534.7355
31 138.2668 496.9185
