1 483.8079 354.365
2 372.4668 330.2869
3 590.9627 383.9888
4 727.2906 494.2106
5 885.5168 494.9816
6 890.7982 365.7731
7 230.7191 199.1458
8 559.0958 271.546
9 31.95228 478.2447
10 671.7946 556.753
11 584.7 873.0649
12 90.68808 709.1398
13 901.4916 455.154
14 206.0527 844.1638
15 628.5978 818.0718
16 432.9625 392.774
17 685.523 633.3359
18 375.8314 583.9093
19 109.1288 245.8829
20 343.9594 641.4706
21 728.6285 589.0774
22 403.9904 122.6813
23 389.1165 63.57708
24 622.8838 513.1105
25 920.8296 542.9967
26 84.79121 606.8863
27 529.2197 932.3515
28 662.7066 894.7333
29 914.1185 414.7113
30 204.7994 609.2248
31 855.034 417.897
