1 318.1861 907.1014
2 582.3789 296.769
3 208.1667 508.1754
4 227.3016 564.7005
5 909.4278 592.8156
6 446.1112 359.5999
7 616.7865 78.26591
8 568.0497 588.8965
9 382.3072 898.8189
10 181.4947 450.4608
11 720.4685 130.5496
12 269.8692 509.9852
13 50.39715 618.3316
14 753.9167 563.4386
15 568.9335 418.3948
16 366.5786 837.0951
17 346.2938 752.0068
18 521.577 276.0428
19 760.9032 676.6941
20 711.7868 857.7293
21 891.0034 343.6077
22 72.4484 675.2837
23 716.5091 625.8148
24 40.77302 425.2247
25 294.8831 563.9089
26 338.4999 225.0252
27 870.2876 297.8509
28 435.3787 931.4868
29 401.5019 235.786
30 555.9105 90.39192
31 790.8352 600.1742
