1 245.3657 509.7127
2 880.6124 610.92
3 69.26752 666.3197
4 97.05496 718.0635
5 491.9431 934.972
6 147.5324 547.341
7 371.2332 553.655
8 276.9543 702.6441
9 249.2512 647.3573
10 176.6193 597.8072
11 170.8187 485.4826
12 309.1194 554.2027
13 696.5269 758.7908
14 735.9492 340.9764
15 37.21602 432.6181
16 366.0479 69.67293
17 786.929 281.9718
18 256.3252 111.8499
19 47.7992 605.0786
20 243.6466 573.2791
21 849.7353 394.4628
22 911.4848 413.687
23 319.765 446.9288
24 478.8314 252.4373
25 125.668 224.1159
26 919.5422 471.3338
27 847.8115 737.0051
28 816.2246 776.6375
29 894.7514 350.9486
30 46.59283 373.3248
31 387.6932 611.5461
