1 506.4058 588.7824
2 318.6579 894.2502
3 743.1021 841.7489
4 395.9984 418.5571
5 164.5247 805.0721
6 488.7319 760.1753
7 572.4908 926.6504
8 714.8507 635.2984
9 405.7103 779.7962
10 417.1665 916.4294
11 634.4293 906.3473
12 159.2382 745.7578
13 874.6308 407.3513
14 419.1728 840.6978
15 615.6302 631.6895
16 915.9681 448.1529
17 546.861 702.0656
18 247.1786 640.1483
19 717.1524 863.7826
20 878.9212 316.4454
21 782.2869 812.9265
22 589.6812 868.0788
23 670.001 451.084
24 696.7918 134.0082
25 239.5789 769.9328
26 213.6817 850.1
27 636.5794 189.3306
28 39.76681 569.4355
29 210.1441 588.3719
30 403.9622 590.639
31 195.6724 430.1819
