1 612.1811 655.5347
2 397.501 62.52417
3 540.5041 784.0333
4 563.2595 927.403
5 207.0563 220.8345
6 320.6476 234.4112
7 271.2776 104.9515
8 646 456.1519
9 687.0919 506.225
10 650.9581 348.8808
11 403.8563 678.4878
12 530.4019 507.1814
13 573.848 731.8698
14 782.661 746.0354
15 618.4643 293.3815
16 424.3625 120.5438
17 735.4787 141.9052
18 218.995 140.3758
19 69.74594 316.0002
20 131.2147 625.115
21 708.7132 762.8856
22 424.9709 335.2607
23 586.1898 390.2795
24 916.8888 532.2638
25 785.7444 512.5437
26 393.2714 927.0081
27 902.3548 593.4153
28 913.2588 432.9317
29 321.7844 429.1243
30 708.9105 357.0739
31 34.58933 534.333
