1 556.8822 700.6932
2 653.7078 95.06157
3 381.3314 662.7689
4 465.0321 935.0048
5 457.4024 531.6377
6 32.16155 523.6398
7 454.5734 626.6469
8 275.5512 560.595
9 541.8856 618.6734
10 355.5345 325.2217
11 252.2263 875.689
12 481.5683 704.0682
13 78.53847 421.6144
14 615.6561 350.6578
15 713.8985 127.5403
16 136.8231 626.3759
17 918.9529 537.1538
18 58.49209 641.6534
19 192.5273 155.622
20 40.41061 585.368
21 566.5973 279.8701
22 539.5242 60.32808
23 527.1649 529.3153
24 564.6592 834.3866
25 683.2237 196.174
26 659.1459 540.9669
27 738.9104 219.7266
28 790.4137 185.7414
29 101.0072 728.4476
30 479.2312 114.416
31 136.0486 311.4047
