1 646.5008 99.68168
2 606.1974 143.1719
3 395.8267 517.1402
4 482.6177 576.6722
5 693.4789 613.5125
6 659.5555 549.2095
7 440.8217 348.8013
8 673.7077 476.2493
9 39.81672 403.9377
10 519.3343 447.1615
11 301.6846 833.1995
12 66.27696 661.9375
13 772.2657 429.9255
14 127.5042 761.2057
15 464.3895 874.5901
16 654.3093 186.6123
17 458.883 522.0886
18 67.67441 463.0988
19 107.3475 388.3071
20 346.9877 878.9018
21 911.8256 584.0037
22 231.5433 299.5957
23 219.4163 235.4648
24 494.2807 637.3175
25 838.7652 724.7003
26 421.2327 680.8264
27 283.0817 890.473
28 657.4581 895.5657
29 850.2307 582.8766
30 439.9798 796.4624
31 610.6677 511.8305
