1 561.2102 844.2105
2 537.1895 935.5497
3 35.74748 561.4123
4 318.1801 621.4325
5 665.3919 106.1398
6 662.7907 290.6309
7 838.4497 330.8076
8 503.118 812.7164
9 603.3934 804.687
10 52.99711 622.1741
11 452.0777 932.2176
12 487.6838 623.1418
13 91.43748 286.5746
14 837.5782 746.3783
15 551.8515 132.2808
16 763.6145 829.8271
17 806.0902 791.1137
18 392.4973 775.2829
19 552.0278 73.06917
20 877.3712 376.3985
21 837.2074 244.8864
22 526.8573 892.8737
23 784.5873 182.2061
24 121.5493 227.7567
25 182.3023 493.1536
26 339.4201 562.9498
27 327.5437 80.01596
28 395.748 274.3208
29 599.2855 918.5791
30 913.6158 554.9556
31 731.0361 139.1026
