1 258.2605 505.3666
2 892.544 615.5603
3 68.42473 662.0502
4 93.25551 714.7802
5 498.0923 934.4404
6 154.7106 560.8072
7 370.1814 551.4731
8 289.0367 695.2809
9 261.1738 638.2542
10 180.4965 614.7231
11 174.6056 494.6003
12 309.9652 543.8969
13 698.453 772.9107
14 746.9384 332.1452
15 38.69301 422.0525
16 360.5434 69.76925
17 779.1816 272.1574
18 257.3324 111.0884
19 46.05635 599.5567
20 253.1917 569.83
21 845.8121 384.6061
22 911.1884 410.6665
23 317.8019 462.8779
24 491.5396 251.974
25 119.2864 231.6128
26 919.3416 466.6645
27 846.2905 741.302
28 815.7452 780.3681
29 895.5892 346.9696
30 48.03916 367.3664
31 399.7909 604.9652
