1 330.1915 144.4321
2 792.7062 804.5326
3 405.37 237.8391
4 134.5395 774.3705
5 402.9483 571.2982
6 314.8044 796.6822
7 475.755 169.7883
8 465.3312 328.5738
9 104.0634 458.4226
10 323.1031 905.1437
11 265.9763 837.0542
12 467.5518 229.0467
13 442.093 620.0663
14 724.6417 132.9057
15 120.1693 232.1532
16 268.498 126.6192
17 384.4028 513.9176
18 459.5797 55.728
19 363.0044 192.366
20 535.3933 171.1587
21 318.2272 82.20697
22 740.1603 193.0807
23 486.8053 111.9697
24 728.1735 638.4318
25 164.9273 187.4338
26 777.1542 173.2995
27 737.451 852.7771
28 692.4357 881.1372
29 590.3618 663.1331
30 40.9086 441.0558
31 522.1164 57.76049
