1 735.6316 481.01
2 456.9345 327.1654
3 553.1361 157.2653
4 533.1006 316.5683
5 648.9678 581.7085
6 133.3051 412.2503
7 401.0718 357.3529
8 689.2572 526.9421
9 231.4643 193.3975
10 570.7236 116.4423
11 611.4743 77.67836
12 268.7073 883.472
13 637.096 178.8956
14 845.509 532.2465
15 194.8442 835.9466
16 564.2977 607.49
17 901.6499 621.4881
18 572.3456 395.4274
19 74.67176 411.7711
20 571.2566 200.9467
21 736.1954 243.827
22 837.1548 247.5226
23 549.8607 60.12215
24 274.8248 249.6793
25 301.3889 817.5599
26 52.07776 612.982
27 918.7376 530.3078
28 896.522 576.9191
29 150.3027 476.1495
30 501.2322 92.1279
31 493.0878 186.7153
