1 697.7369 697.4627
2 272.3577 129.1848
3 729.3331 849.045
4 782.5871 813.8256
5 560.244 396.7576
6 148.2172 601.9789
7 739.5367 144.7214
8 398.166 630.9316
9 453.4991 656.3824
10 770.7422 744.8609
11 593.7408 73.04617
12 220.324 134.3981
13 625.8257 294.8383
14 40.70503 415.1081
15 243.8969 869.9253
16 444.833 454.4705
17 177.9302 164.9278
18 913.7987 430.051
19 85.8304 517.3222
20 307.583 668.8048
21 494.804 700.4367
22 101.0115 304.7492
23 181.9832 451.1443
24 125.1949 656.5264
25 338.4579 250.0577
26 318.3126 81.44746
27 189.0345 654.5105
28 821.3646 770.1367
29 784.9772 184.1258
30 296.7533 430.7073
31 619.8988 911.051
