1 332.5138 912.278
2 582.0344 253.8726
3 172.7238 545.5515
4 183.2961 605.7279
5 917.8036 552.9186
6 382.5474 330.7771
7 577.0963 66.35549
8 509.1205 597.7387
9 372.6593 862.5454
10 139.4367 495.0655
11 733.053 140.4124
12 233.578 544.3745
13 48.08957 613.4987
14 732.4019 510.4036
15 539.3301 364.2483
16 314.194 846.0745
17 307.1614 786.4081
18 535.4298 214.2859
19 728.3768 704.4155
20 677.2653 888.4215
21 895.5682 355.4858
22 70.53441 671.2275
23 714.7819 638.9314
24 47.38262 385.6543
25 253.7312 601.8942
26 359.0715 181.68
27 874.8247 307.184
28 396.5916 927.6857
29 417.633 180.5768
30 516.4482 58.26777
31 755.8496 560.1895
