1 488.1122 333.6612
2 170.9215 465.8521
3 266.9144 120.1498
4 533.503 626.3898
5 487.7825 576.2757
6 68.19271 519.7584
7 158.1999 526.0055
8 624.2865 257.4028
9 206.2566 144.4693
10 366.2462 294.6797
11 423.9267 280.7278
12 261.563 880.2884
13 833.4295 258.0866
14 699.0652 196.6649
15 367.8103 792.5049
16 280.5537 512.4881
17 874.349 686.7947
18 401.6465 649.2681
19 238.0088 665.3785
20 528.885 69.17499
21 876.5894 308.4586
22 911.385 423.6305
23 787.1863 186.2383
24 72.96184 456.5031
25 179.8704 820.7852
26 52.76059 579.5156
27 784.1843 670.898
28 602.6026 614.6372
29 60.49721 335.8601
30 575.7059 62.74291
31 432.1757 555.906
