1 913.1171 583.7323
2 256.551 876.9744
3 377.6757 259.0734
4 56.20321 633.7307
5 127.0041 222.1332
6 56.93485 324.7821
7 636.7199 84.5257
8 472.4319 394.587
9 100.2906 367.1877
10 326.9403 284.6573
11 684.9927 109.9335
12 447.5454 453.7073
13 270.6467 320.9358
14 92.33499 272.5002
15 457.4337 587.1679
16 397.0738 408.8654
17 150.9794 294.7185
18 147.9703 690.4253
19 858.454 651.5283
20 332.1833 911.731
21 228.565 268.2218
22 603.5565 136.7821
23 913.4327 430.0465
24 37.49574 569.2634
25 390.6637 177.6856
26 832.6455 600.2783
27 921.1433 521.1695
28 586.777 923.2496
29 640.3465 902.8668
30 700.5661 592.4972
31 506.8901 347.3523
