1 686.1299 395.6228
2 244.267 641.2344
3 444.9615 278.8335
4 551.6776 296.0515
5 798.1507 596.6162
6 751.2589 226.814
7 375.6438 288.2089
8 552.8315 555.6132
9 35.85869 432.4056
10 767.2599 296.6254
11 838.7606 729.3299
12 122.7152 757.6552
13 916.2257 551.6379
14 369.5851 921.0155
15 319.7137 603.1731
16 259.5142 584.6206
17 863.0113 583.6641
18 417.3363 883.6644
19 94.58343 266.4997
20 328.8193 360.3282
21 672.4114 338.2617
22 572.3698 66.49394
23 178.8219 163.962
24 689.6483 257.4758
25 818.499 671.3355
26 48.81202 613.0399
27 653.8482 897.3248
28 525.6 748.7455
29 858.8705 519.1133
30 143.053 343.0262
31 810.4682 215.7475
