1 843.5263 251.3135
2 364.4385 920.7648
3 619.3852 513.9875
4 73.27568 678.1736
5 435.4133 111.3126
6 468.1234 191.0938
7 458.8191 55.36665
8 382.2958 479.534
9 57.07668 407.4188
10 247.5534 660.8006
11 683.0618 348.6253
12 147.2115 404.5278
13 230.5655 817.0085
14 501.1899 99.03203
15 564.9648 96.21311
16 844.5642 315.1957
17 131.5397 665.1669
18 39.92988 576.7611
19 818.9464 680.9427
20 555.7515 753.8614
21 629.8864 81.65345
22 807.0854 208.3294
23 790.9533 278.3116
24 106.498 450.4217
25 61.11756 342.6454
26 906.3375 604.9873
27 919.1459 495.5963
28 540.9452 693.5531
29 532.5816 933.7159
30 299.7056 807.6198
31 884.9938 333.1636
