1 623.9525 626.5026
2 419.43 58.47593
3 566.059 778.5385
4 575.0573 925.0526
5 179.6281 235.7043
6 297.4834 256.6249
7 276.6754 118.545
8 639.8475 427.7909
9 680.7311 478.0375
10 665.7349 332.67
11 395.0899 708.6314
12 528.3269 480.7319
13 550.678 714.9006
14 806.3058 727.1723
15 642.4191 274.4025
16 406.3374 140.7924
17 752.9037 155.4413
18 220.3059 151.1154
19 76.333 302.2035
20 116.2891 642.512
21 727.0888 742.3751
22 442.7139 312.9574
23 565.496 365.7615
24 916.722 535.6091
25 801.2215 490.2937
26 416.9918 931.6301
27 888.7108 592.2536
28 915.2367 443.9993
29 320.6671 457.9877
30 727.4927 338.6264
31 34.30977 527.175
