1 486.3848 739.5475
2 386.5966 63.86346
3 431.01 711.2882
4 568.6039 926.8761
5 355.9517 194.5738
6 445.232 89.97178
7 360.8646 116.8134
8 604.4374 578.6196
9 615.403 637.2064
10 554.6079 459.1891
11 437.1924 509.1259
12 436.62 607.1544
13 684.1885 758.4713
14 649.5959 845.1083
15 462.0367 323.041
16 525.971 56.6397
17 627.0782 101.7906
18 164.123 211.8982
19 90.76587 273.1019
20 224.7633 533.2834
21 591.9228 826.4243
22 283.0142 362.4475
23 640.3249 528.7182
24 915.0489 454.7414
25 676.3651 617.3856
26 322.9606 805.6362
27 882.7313 675.6649
28 880.5079 320.6956
29 287.8738 299.3305
30 611.111 471.0324
31 35.6571 535.713
