1 666.4525 549.6009
2 493.1826 351.6289
3 554.2254 165.4005
4 591.7223 278.0776
5 634.6585 681.3213
6 177.8686 389.6662
7 432.0093 284.6471
8 599.3463 552.3312
9 216.1788 287.1245
10 591.0018 115.4119
11 669.2244 102.2003
12 246.6845 871.1738
13 562.9128 226.0678
14 840.2291 623.123
15 195.5697 834.5537
16 564.5697 691.4707
17 896.4937 632.5193
18 533.1328 308.0705
19 125.4269 356.5798
20 500.9962 200.4621
21 658.9402 213.205
22 810.6835 213.0334
23 500.4584 57.26869
24 347.3996 199.3544
25 401.0967 812.894
26 54.26979 631.2537
27 917.5189 538.0237
28 906.1728 590.6694
29 196.0748 452.8133
30 436.6009 63.00221
31 523.4107 109.7219
