1 551.6439 526.3297
2 658.3369 703.6306
3 598.8016 919.0625
4 487.5845 462.1775
5 802.4704 687.4102
6 401.2591 886.0458
7 140.3232 788.4017
8 792.1751 306.1457
9 790.6354 805.555
10 814.6307 514.4561
11 476.089 933.4222
12 31.79695 501.2003
13 656.5774 904.4199
14 828.8519 762.4987
15 726.2414 132.8507
16 613.9716 803.0917
17 528.1458 773.1853
18 205.5356 797.4031
19 537.456 929.7965
20 837.4811 245.4264
21 639.1695 863.9568
22 720.9377 711.3856
23 791.7066 573.2498
24 293.8532 192.6963
25 751.5658 617.7374
26 859.1744 683.4477
27 873.8395 405.2952
28 182.0154 164.4745
29 102.6844 256.1105
30 100.197 554.5084
31 831.5466 453.7012
