1 692.96 113.9456
2 564.091 80.34565
3 384.1697 283.613
4 332.5922 392.8058
5 407.343 578.8409
6 393.2922 521.8267
7 521.0529 185.8245
8 443.5493 477.6517
9 162.7829 515.8521
10 659.4471 255.8113
11 374.2549 761.7025
12 42.87186 586.7061
13 784.4657 203.246
14 248.9125 666.2388
15 243.9927 801.4227
16 836.371 242.9226
17 590.8539 407.6015
18 166.9061 617.7441
19 220.2987 535.0561
20 373.3111 836.1365
21 901.2728 547.5255
22 119.8572 228.5136
23 213.2486 140.511
24 670.2283 737.7691
25 633.2573 573.5654
26 616.6071 850.2865
27 226.8498 857.1622
28 533.7903 931.8193
29 791.3156 771.0738
30 662.2915 894.831
31 383.4511 463.3141
