1 560.883 370.6094
2 273.4504 101.0857
3 571.1331 924.5519
4 624.5359 650.9894
5 495.4237 822.0319
6 291.2282 508.4764
7 902.5241 378.5705
8 436.0468 287.1139
9 497.8588 307.3535
10 668.059 712.8969
11 881.8221 325.0456
12 261.7431 343.747
13 375.6574 63.33464
14 47.2218 385.7625
15 99.55832 723.2953
16 113.6317 378.8886
17 140.2371 265.2847
18 899.923 609.9277
19 294.4553 276.8538
20 525.7154 873.5741
21 125.3497 667.8714
22 51.64678 603.3461
23 443.5561 391.7872
24 35.17805 538.705
25 199.6067 341.4958
26 435.486 55.81369
27 78.19911 324.6965
28 666.1087 605.7419
29 894.8486 537.5877
30 705.3225 552.7079
31 517.5271 930.8722
