1 758.077 161.2558
2 537.6071 835.97
3 295.6801 593.6262
4 62.5882 653.6385
5 423.8558 475.8382
6 828.4158 233.9412
7 530.8824 60.50121
8 658.5791 315.1491
9 114.7684 261.4792
10 111.0453 744.8733
11 669.2355 801.7967
12 362.5433 464.9606
13 283.9629 890.201
14 861.8247 288.3913
15 412.4114 59.53212
16 897.4733 409.0173
17 228.397 858.5876
18 168.4699 279.4116
19 546.2971 380.4555
20 488.5778 463.4585
21 474.3314 57.30985
22 586.0752 103.7103
23 483.462 271.4595
24 337.2714 788.8424
25 140.8205 202.3746
26 802.9251 795.5628
27 831.2086 718.0827
28 610.6602 825.459
29 507.695 933.1259
30 380.8891 749.4187
31 758.3013 513.8047
