1 887.168 454.7198
2 894.9235 595.8966
3 124.9196 615.2041
4 369.9635 819.66
5 454.92 263.8111
6 830.34 482.4377
7 708.7691 565.3389
8 796.0651 527.5022
9 827.074 348.8932
10 913.8528 512.9969
11 688.9822 882.9274
12 255.6218 418.2288
13 134.1574 517.3281
14 204.2594 259.8036
15 822.0776 770.6509
16 851.5337 405.4837
17 887.4406 657.5883
18 583.523 923.8001
19 68.86568 318.1207
20 852.9674 715.693
21 335.3711 723.997
22 908.247 410.2843
23 405.7801 588.8968
24 40.4572 571.508
25 290.4462 629.3236
26 434.0915 642.6691
27 162.7584 182.4899
28 249.7344 298.619
29 515.4672 926.0896
30 144.0071 241.2581
31 579.0578 67.05579
