1 659.7798 551.945
2 498.851 355.0997
3 549.5886 165.1179
4 591.8538 279.5343
5 631.3365 688.7255
6 183.0432 388.2379
7 430.3484 278.3407
8 591.7442 551.7142
9 211.5981 292.6125
10 590.5671 118.9612
11 674.6554 107.1637
12 243.4476 868.903
13 555.8531 227.6672
14 838.8324 629.3114
15 191.3091 831.0327
16 562.7396 697.6278
17 895.9182 634.9952
18 532.668 305.9006
19 127.6758 353.1164
20 498.7044 199.3327
21 653.1506 209.7842
22 809.1487 212.7501
23 498.1419 57.09029
24 352.6653 195.5073
25 408.9263 812.808
26 53.1855 626.5049
27 917.4936 539.8965
28 907.8215 592.5319
29 200.6057 454.3153
30 429.6389 61.66016
31 523.5995 108.1726
