1 681.5661 218.1204
2 629.6673 847.3454
3 223.9669 538.8243
4 87.8848 703.1325
5 445.2505 537.8826
6 856.9104 277.0927
7 481.5192 51.36962
8 706.9109 397.0488
9 118.9976 242.2313
10 138.9402 775.5783
11 720.2876 856.2113
12 310.3678 473.1206
13 326.0554 907.7151
14 891.8456 352.3955
15 360.9203 69.77828
16 819.0834 426.4269
17 281.4608 889.6516
18 159.9985 205.7596
19 516.334 303.7659
20 476.2754 399.9065
21 419.5603 62.5245
22 509.4259 148.0103
23 417.0526 194.4559
24 393.1699 840.9079
25 208.5713 165.9677
26 833.5075 758.1311
27 782.3396 733.4837
28 670.0586 893.7247
29 429.48 932.7155
30 297.0723 736.3503
31 669.3192 505.7074
