1 376.4557 442.1509
2 603.9227 442.8061
3 183.1254 563.453
4 145.7389 789.1486
5 539.5316 928.6591
6 33.87986 496.5934
7 358.5221 281.0659
8 203.1854 619.8713
9 92.44189 485.9397
10 32.14908 563.327
11 192.7147 154.2515
12 148.6301 507.0004
13 549.6667 479.1987
14 373.5312 376.5336
15 78.59404 550.2597
16 453.0528 388.6158
17 683.285 470.5924
18 438.8661 299.4379
19 111.7917 602.713
20 204.2996 773.6747
21 657.8959 416.5933
22 621.107 505.3137
23 613.4995 263.6971
24 151.7566 203.4969
25 417.4704 204.6096
26 893.9307 357.8939
27 893.193 652.6746
28 832.2337 759.2185
29 734.2617 140.2272
30 102.2112 263.5194
31 152.2909 734.7937
