1 304.6922 226.3005
2 851.7737 731.0293
3 339.54 492.294
4 74.57319 680.7421
5 662.9302 737.6788
6 267.97 884.2968
7 271.338 356.6071
8 575.4121 531.2576
9 101.93 424.653
10 347.3914 914.633
11 177.9638 822.5111
12 566.8482 445.5175
13 651.8646 825.1487
14 748.5447 150.6746
15 100.1773 263.8769
16 215.4096 140.2453
17 552.6912 325.7365
18 275.6966 170.7742
19 291.5673 455.726
20 435.3922 361.4812
21 602.0098 139.0512
22 844.0916 269.9939
23 497.9306 358.0317
24 738.8441 391.9125
25 136.8815 209.7754
26 869.1971 302.805
27 789.3263 808.7455
28 750.2846 842.7693
29 771.0264 447.3734
30 122.3712 315.3261
31 609.6107 317.1781
