1 327.172 456.5021
2 879.8515 678.3678
3 125.2714 623.705
4 72.43222 676.1608
5 592.4268 918.4172
6 201.5101 697.3186
7 343.0153 554.4951
8 371.7161 615.4431
9 288.1228 586.0621
10 198.4684 755.6602
11 196.9389 632.8292
12 369.8265 510.626
13 709.8059 867.9111
14 823.2349 227.8888
15 55.35183 357.9676
16 284.1246 98.01671
17 670.4275 241.2444
18 230.5173 126.9787
19 108.3337 565.1137
20 300.0263 513.2964
21 772.6781 301.1785
22 895.5494 360.7392
23 404.8106 458.9221
24 603.2291 258.7536
25 102.8887 260.0162
26 912.4433 419.0768
27 830.6092 762.2748
28 797.0234 798.6321
29 872.0559 306.8217
30 70.65891 318.4962
31 479.2117 513.0091
