1 332.3419 909.2907
2 582.8888 249.7149
3 168.2975 550.5783
4 178.4929 611.3841
5 918.9234 546.5347
6 374.291 327.1282
7 570.8807 65.46679
8 502.2917 600.8322
9 367.2563 858.2923
10 134.1434 500.4591
11 736.7345 142.9646
12 229.5668 550.2066
13 48.05902 613.2
14 729.8633 503.3844
15 535.0037 357.7012
16 308.4139 851.0898
17 301.2622 789.1097
18 536.8012 205.2009
19 722.2506 706.8208
20 672.1291 891.5339
21 896.2405 357.12
22 71.79794 670.5404
23 716.6364 642.3811
24 48.42993 381.2494
25 249.0198 606.5964
26 361.479 174.9518
27 875.2243 308.6349
28 394.0559 927.611
29 419.8507 174.0629
30 511.1356 57.87685
31 751.79 555.4245
