1 360.6049 404.9942
2 572.8403 665.7083
3 752.0397 840.9062
4 505.9328 177.2707
5 438.4405 447.3036
6 261.3335 111.2048
7 756.4438 589.4031
8 627.3364 368.3715
9 703.5714 873.4316
10 802.9705 632.5839
11 568.819 334.4833
12 34.93744 537.1238
13 371.9616 66.44724
14 316.9123 495.307
15 593.8681 920.7085
16 559.0017 256.8548
17 67.38871 665.1113
18 535.0274 931.6222
19 872.6636 514.3
20 632.0473 643.7433
21 366.807 798.8365
22 308.5877 784.1825
23 476.3823 394.3158
24 594.9751 417.007
25 363.4153 715.8334
26 317.5221 557.0788
27 313.9222 84.55405
28 61.19182 437.7003
29 218.8202 749.9184
30 855.4349 721.8687
31 147.2257 787.0647
