1 317.178 430.2278
2 400.4936 738.4114
3 604.5079 718.9645
4 497.4185 222.0957
5 807.7031 789.657
6 156.8088 642.0253
7 156.6736 703.5791
8 820.7421 551.2378
9 594.9798 787.4168
10 724.4205 712.1533
11 228.1907 753.7378
12 47.28305 610.3263
13 643.531 747.785
14 634.548 655.7251
15 764.1391 167.6762
16 340.3662 751.8265
17 595.6669 512.7065
18 273.4996 886.4753
19 567.2291 927.1786
20 825.4219 228.9783
21 520.9272 654.7089
22 853.9083 726.2217
23 629.3292 444.7756
24 93.63829 370.4174
25 795.5335 728.1142
26 811.9433 650.9704
27 911.943 416.3198
28 254.5754 114.4308
29 94.77196 268.4294
30 91.33426 523.7547
31 904.2745 597.7945
