1 912.8488 503.1271
2 270.2474 883.7206
3 504.5746 285.4722
4 89.20837 705.7262
5 162.2139 179.8762
6 106.9293 245.8195
7 595.3838 74.34865
8 597.8565 402.0298
9 193.9941 277.3584
10 415.5926 367.4543
11 657.7131 99.23341
12 390.7103 521.741
13 184.7057 459.4569
14 165.4463 221.6414
15 479.3551 424.7515
16 553.2146 357.1397
17 115.6955 416.6774
18 59.48367 647.0365
19 890.0162 655.801
20 391.9254 927.2266
21 372.1535 195.878
22 742.4614 199.984
23 852.4324 343.0299
24 34.29092 435.6572
25 309.803 315.7148
26 908.5939 595.4127
27 915.7141 443.3702
28 552.5954 929.0935
29 711.1931 869.0296
30 544.4299 592.4772
31 673.7957 340.0981
