1 558.4927 63.92227
2 727.3813 867.2576
3 166.4303 256.1041
4 192.2603 832.383
5 325.1086 828.5918
6 616.3265 427.3987
7 646.0481 88.55444
8 551.2526 590.7303
9 106.0369 251.6971
10 312.7957 902.9264
11 694.5548 814.9012
12 231.8472 223.8521
13 276.1426 768.3979
14 908.8073 402.8468
15 240.894 121.3053
16 543.6623 410.0342
17 254.76 819.9004
18 354.8343 202.9702
19 494.9859 53.52369
20 560.4677 169.1008
21 290.1362 94.88733
22 500.8189 196.1299
23 350.03 72.81255
24 557.0674 871.5829
25 425.222 233.9969
26 729.5454 497.0416
27 672.0039 874.1269
28 625.1436 909.6585
29 384.985 927.0658
30 150.5377 790.8924
31 489.1166 306.396
