1 457.6539 443.9591
2 553.8009 62.90357
3 646.0168 579.3883
4 597.8328 919.9159
5 203.8585 382.5673
6 69.84171 451.198
7 262.4718 357.8331
8 453.7319 288.6885
9 480.0228 348.5921
10 663.1477 143.6515
11 266.9062 882.736
12 342.9496 430.3112
13 335.5162 557.1148
14 883.7591 607.2202
15 796.9698 193.8456
16 305.38 309.5478
17 858.7862 265.9746
18 271.7617 422.9095
19 99.01544 263.6846
20 70.23492 670.8574
21 776.8712 528.7296
22 464.0747 74.97837
23 352.9147 351.0371
24 807.7221 624.2616
25 815.977 295.6469
26 536.1047 907.425
27 753.5752 454.6347
28 898.3954 370.6505
29 245.0195 685.4502
30 771.5197 253.2057
31 29.22382 502.6044
