1 622.3102 668.7367
2 234.1984 619.3285
3 280.4206 455.5386
4 402.2782 568.0791
5 145.8069 536.8863
6 526.0254 578.623
7 479.4404 305.1895
8 477.9709 780.4716
9 374.2641 758.79
10 237.5589 126.7283
11 704.7979 390.8183
12 176.8392 588.3258
13 516.9596 230.9698
14 262.0062 343.5038
15 432.4324 934.6568
16 178.2813 751.951
17 114.6855 589.1087
18 321.883 680.7748
19 442.5074 653.3776
20 287.4221 893.7625
21 60.20279 623.7496
22 326.592 397.4796
23 771.6998 500.4358
24 397.2461 507.9844
25 242.8284 242.3745
26 430.7983 740.5721
27 918.1251 467.9888
28 479.3606 935.0244
29 526.653 932.5708
30 760.7342 372.244
31 42.57314 402.6337
