1 255.5228 648.7669
2 525.5164 264.1679
3 394.0475 476.0167
4 293.6529 779.0379
5 526.9566 640.2227
6 95.44374 335.9852
7 154.618 190.9176
8 433.764 737.7069
9 226.4665 420.5685
10 185.4155 477.8355
11 251.0737 121.8082
12 381.6821 418.1755
13 395.4245 553.8791
14 199.7843 148.4244
15 148.3122 394.0215
16 407.8789 655.5562
17 468.3047 618.8205
18 726.1504 339.0505
19 326.1889 723.704
20 382.3127 856.545
21 780.5355 368.5094
22 415.183 593.8153
23 862.9161 471.8492
24 47.74741 378.5137
25 505.3547 475.471
26 629.115 178.8111
27 919.3041 457.8995
28 656.5395 721.6041
29 527.3164 58.16663
30 372.5792 329.3919
31 272.2869 572.3969
