1 543.2336 208.2867
2 475.664 678.4091
3 524.868 495.5511
4 643.7549 480.745
5 696.5076 868.3011
6 626.097 105.9179
7 175.6463 314.3504
8 670.5578 367.9526
9 38.85507 411.2271
10 569.2061 132.3612
11 910.3836 510.6891
12 153.9049 795.9345
13 673.8652 561.9376
14 616.4072 913.098
15 86.683 700.7217
16 207.2095 769.3408
17 694.6349 768.146
18 252.8829 623.2064
19 87.40302 280.7876
20 346.1772 133.1791
21 508.5977 145.0094
22 566.8425 70.15588
23 347.2158 73.16864
24 476.9529 93.57522
25 835.5631 754.5705
26 57.14141 638.2597
27 791.5383 802.9417
28 581.8303 518.3845
29 612.937 582.9109
30 286.9708 122.6629
31 675.9886 106.6063
