1 366.0924 365.2309
2 572.2519 688.6206
3 729.9979 827.6866
4 538.5347 163.7286
5 432.1776 481.3003
6 245.989 130.4265
7 736.0022 609.5404
8 651.0915 357.6047
9 710.572 870.3387
10 783.5396 651.2292
11 580.0674 372.7718
12 33.01057 518.4781
13 394.9396 88.5339
14 335.3013 527.815
15 563.9063 927.5994
16 593.1048 268.0967
17 71.25316 677.7706
18 504.0035 934.7857
19 871.2783 545.3408
20 628.1367 619.7327
21 384.8512 823.9467
22 321.4158 816.3639
23 510.2327 374.282
24 631.2521 412.8695
25 353.4172 752.7156
26 301.6765 581.5505
27 332.9073 78.13269
28 36.8601 456.993
29 186.5143 748.756
30 861.6605 698.5431
31 124.113 758.3301
