1 231.612 506.4954
2 547.811 107.9453
3 381.0792 621.2629
4 326.2603 873.8794
5 616.4264 508.6462
6 104.0938 250.1447
7 277.7068 237.1895
8 446.9288 895.2323
9 343.3706 549.7984
10 237.2946 559.1624
11 389.6378 184.1013
12 427.0521 548.7987
13 297.1241 590.1495
14 335.557 151.2856
15 162.9793 238.7244
16 352.2826 775.0328
17 423.4355 758.0043
18 815.8415 265.2301
19 405.0664 845.1699
20 496.5663 929.5893
21 858.6601 418.2544
22 317.0836 630.6417
23 917.0676 449.5955
24 42.82064 397.3849
25 441.2579 618.0254
26 500.8533 63.25272
27 906.6319 394.2097
28 496.1092 722.2698
29 433.4921 57.48224
30 472.7018 202.3917
31 383.1337 500.4237
