1 567.8804 823.5677
2 549.6951 931.194
3 35.76114 552.8288
4 323.9202 639.6804
5 695.4035 113.539
6 639.5568 267.6674
7 815.1159 339.2605
8 505.9265 840.7071
9 605.0885 777.4652
10 55.63148 631.4502
11 430.639 932.0987
12 473.9078 645.6623
13 86.03902 282.2816
14 831.8588 724.7548
15 568.8521 105.932
16 755.0908 833.1203
17 800.9364 797.7963
18 361.472 762.3728
19 529.3075 61.95025
20 856.8524 383.2951
21 847.5284 259.4337
22 551.5979 880.4849
23 802.5485 203.9512
24 122.5289 226.1814
25 165.2091 468.3978
26 359.1362 586.2367
27 307.4967 86.89572
28 367.2087 277.048
29 603.1957 917.4265
30 913.9553 551.6486
31 751.6377 154.6433
