1 232.357 203.0374
2 816.9662 777.7634
3 425.3223 335.2256
4 110.207 742.489
5 527.9402 599.1394
6 264.7802 885.5598
7 374.5323 217.6073
8 583.422 362.2465
9 31.80513 467.5684
10 419.0436 929.1376
11 212.8673 847.3548
12 488.1247 323.5421
13 514.4912 688.4954
14 650.3073 94.27382
15 149.0221 196.4454
16 233.0925 140.7608
17 443.6549 424.3308
18 433.5549 138.2391
19 368.1821 304.023
20 457.3438 229.1335
21 423.0838 76.85108
22 794.0871 210.2187
23 487.9184 171.7321
24 732.686 537.1494
25 182.5742 159.4935
26 827.7235 233.6477
27 765.1931 830.8439
28 721.1541 864.5629
29 672.2148 589.3087
30 43.83489 407.5892
31 546.1331 147.6189
