1 282.9482 890.983
2 699.4361 699.1419
3 350.4208 656.0041
4 198.3762 761.2516
5 891.395 370.2367
6 762.511 736.4892
7 796.4858 196.7276
8 453.151 849.7731
9 399.6352 928.6234
10 79.7295 305.7585
11 626.4582 631.4597
12 423.726 713.0643
13 60.79222 646.7598
14 810.7278 785.5448
15 487.548 720.9486
16 741.6929 799.4977
17 700.8571 756.6243
18 688.6147 635.2392
19 759.9403 538.721
20 894.6581 618.057
21 749.8671 151.4085
22 167.5762 808.3547
23 913.2289 429.8707
24 34.05487 521.3905
25 545.0686 781.3096
26 39.8204 409.549
27 708.3821 122.3325
28 755.9849 638.3637
29 543.0975 682.5991
30 857.0503 432.9334
31 826.4994 494.0949
