1 280.3901 889.1221
2 703.4338 698.0843
3 356.9357 651.6768
4 205.0444 762.7991
5 896.571 366.3323
6 756.5951 734.571
7 796.2379 199.8755
8 460.214 848.2971
9 393.992 928.0582
10 82.17742 302.9904
11 626.8379 623.4671
12 430.6987 713.1663
13 60.41268 645.5593
14 812.6449 783.3078
15 490.9778 727.2166
16 738.368 797.4365
17 694.9286 756.8306
18 687.6917 635.6841
19 766.1231 549.6817
20 894.3811 623.3076
21 750.5503 154.7769
22 163.3454 806.0666
23 912.7351 425.6288
24 33.90969 523.1344
25 551.6244 779.7349
26 40.62392 411.6077
27 710.5687 124.5012
28 756.7939 645.2781
29 543.3611 675.2997
30 856.2884 425.0934
31 835.45 503.4713
