1 766.1722 616.0851
2 215.9733 193.9492
3 716.0744 763.7447
4 730.8425 857.6739
5 462.7018 333.4975
6 236.9092 551.9468
7 682.0258 108.5297
8 498.1593 606.2419
9 559.0909 631.9588
10 819.4665 647.6283
11 491.7736 56.03688
12 189.8982 151.5463
13 691.2001 361.9781
14 35.82157 434.7013
15 250.6783 875.298
16 528.0716 508.4372
17 151.8193 188.4051
18 913.0679 427.0617
19 47.69294 599.1602
20 280.6432 597.8758
21 590.9264 697.5222
22 114.2055 240.6883
23 269.0111 496.6362
24 186.7188 585.0532
25 373.2585 354.2396
26 238.7228 123.0255
27 142.4896 735.0496
28 792.627 805.0471
29 732.5546 142.151
30 214.5518 365.4006
31 615.0873 914.65
