1 720.816 758.0777
2 604.1479 918.1274
3 33.80998 529.7975
4 203.5054 706.1258
5 816.7818 252.0381
6 477.771 134.5118
7 673.0287 406.6852
8 554.5379 929.0819
9 733.8639 695.9559
10 77.41894 679.3512
11 274.5611 888.2474
12 322.5356 678.582
13 77.2281 300.6815
14 774.5769 550.9273
15 617.1298 76.26687
16 694.1165 859.884
17 752.5138 830.0132
18 183.1938 762.5003
19 553.8466 63.02966
20 725.3876 430.1264
21 890.7202 346.1593
22 661.6754 771.1411
23 779.2175 350.0318
24 126.1382 224.1509
25 134.5035 294.1376
26 525.0454 633.2806
27 199.4862 149.8719
28 190.8499 326.7582
29 652.3006 898.2994
30 880.7839 430.0718
31 755.385 290.9294
