1 480.0652 619.1163
2 424.9018 527.4304
3 738.8368 843.2216
4 359.7191 369.6658
5 229.8331 490.904
6 144.9215 207.4887
7 903.8499 453.6539
8 581.2174 575.4609
9 731.6798 743.73
10 918.3607 513.8103
11 632.0162 83.79464
12 84.23638 596.1382
13 254.7979 114.1471
14 53.76394 356.585
15 683.2856 874.7261
16 391.8788 319.2326
17 139.0696 617.0953
18 633.1837 908.5225
19 803.356 284.841
20 626.432 846.441
21 367.6971 552.1685
22 116.6136 709.589
23 237.8707 365.3955
24 351.2782 425.814
25 314.8678 479.9915
26 435.9373 427.1798
27 186.9132 160.142
28 267.99 280.3667
29 419.8618 681.1662
30 860.1139 711.492
31 356.6243 917.9358
