1 217.1159 504.7977
2 852.8262 598.0714
3 74.02798 678.8023
4 102.909 729.6273
5 488.8535 934.8891
6 127.8292 510.372
7 370.203 559.5462
8 242.1992 721.1807
9 215.9781 665.5895
10 169.3219 557.0379
11 166.805 456.0931
12 307.508 575.7447
13 693.6363 727.6763
14 704.2594 360.9248
15 39.08851 451.3919
16 380.6035 74.24286
17 806.697 310.0975
18 254.2278 113.2073
19 51.18769 619.3231
20 229.4317 585.0502
21 854.8683 417.696
22 914.304 429.0392
23 329.6917 408.7673
24 447.6311 252.1106
25 142.754 202.6023
26 919.4192 485.9772
27 853.9212 730.2895
28 821.548 772.4577
29 892.5333 340.1044
30 47.69795 387.967
31 355.7703 619.1144
