1 697.3043 300.2417
2 313.978 702.1247
3 457.0907 375.1548
4 522.36 370.5385
5 767.6169 685.6226
6 695.4394 126.8655
7 330.3789 354.2782
8 647.7246 531.7422
9 34.4183 441.5636
10 709.0078 217.8689
11 871.7714 687.093
12 127.4513 765.7877
13 844.3269 592.9169
14 451.8749 930.1524
15 240.7086 624.6528
16 198.0002 672.368
17 791.8045 622.1176
18 347.6534 807.703
19 115.4468 238.5429
20 303.6609 280.8081
21 658.0297 251.6593
22 634.1318 86.93607
23 207.1894 143.0085
24 625.4894 194.8624
25 821.001 741.2012
26 53.39021 625.2228
27 720.5906 862.0549
28 510.6513 653.6765
29 793.2637 555.4565
30 216.9302 272.082
31 743.4248 147.8588
