1 269.5805 654.609
2 528.7751 278.309
3 388.5407 465.9272
4 280.6528 772.4916
5 525.4734 654.9585
6 101.6809 342.3985
7 154.2239 196.6253
8 426.956 725.4008
9 213.3886 413.0977
10 171.5082 472.2869
11 243.8255 118.21
12 370.6411 409.0957
13 404.1176 548.3663
14 197.8855 149.1996
15 150.055 409.9852
16 406.6729 644.5067
17 473.1811 609.0979
18 711.8121 342.2565
19 316.582 715.118
20 371.3056 851.5157
21 766.4038 369.1257
22 422.4097 588.212
23 855.6709 460.7833
24 49.00207 373.8857
25 507.1865 463.2071
26 640.5193 189.7187
27 919.3781 467.2084
28 670.1765 722.705
29 536.314 59.47323
30 361.5681 339.4394
31 262.9381 582.3473
