1 331.9311 626.6791
2 548.1401 63.2854
3 193.1595 724.5097
4 161.7184 805.3976
5 831.4687 400.7256
6 98.97986 261.6311
7 479.4073 141.7471
8 458.2872 863.0071
9 288.8032 729.0054
10 214.6155 564.5242
11 635.859 155.2261
12 346.5919 706.3392
13 182.8039 599.6645
14 571.056 240.4405
15 283.0245 158.0968
16 257.071 877.6774
17 216.7245 825.5029
18 641.6418 86.35453
19 519.6494 861.6487
20 524.7949 933.5864
21 897.7505 360.4003
22 147.6131 626.7965
23 890.614 655.9805
24 53.86761 361.7011
25 231.2053 769.585
26 428.3322 58.94713
27 877.4793 312.3695
28 281.8773 811.6494
29 419.1653 116.9847
30 484.4925 56.32843
31 509.709 443.8395
