1 697.1918 623.769
2 384.5709 396.9496
3 579.2269 788.6586
4 325.9715 501.7011
5 191.6012 644.167
6 277.6524 278.3192
7 907.4643 399.3262
8 702.9959 546.7321
9 761.2682 549.3435
10 913.3478 568.6886
11 744.568 149.7203
12 275.9121 579.901
13 385.8331 65.06724
14 57.15419 349.5374
15 535.2816 706.0582
16 245.9738 398.6488
17 254.6431 517.2558
18 794.5674 798.0061
19 655.5957 169.1956
20 574.2567 925.0063
21 232.0495 459.6955
22 58.04414 636.5944
23 175.1696 567.9021
24 177.2499 436.129
25 150.136 344.9596
26 499.4128 206.3289
27 134.2937 214.8695
28 473.241 320.9477
29 614.8998 652.1347
30 897.5917 626.98
31 375.2717 921.7281
