1 758.2143 159.1935
2 529.8901 835.462
3 302.1288 595.7877
4 61.78611 651.4341
5 426.6003 470.6759
6 827.7013 232.908
7 533.5273 61.70023
8 652.6824 310.7051
9 115.1057 264.3243
10 112.8265 747.0348
11 664.1436 795.5872
12 362.0079 458.9834
13 279.3238 887.9754
14 856.6848 283.3235
15 418.3203 58.66363
16 903.3504 407.9069
17 224.5811 856.1608
18 166.8546 284.1328
19 549.591 386.2914
20 488.8839 470.4136
21 478.8402 57.13189
22 591.5088 99.77111
23 489.7622 275.5777
24 333.5612 783.1531
25 137.7673 207.5788
26 801.2935 797.215
27 835.4571 718.1946
28 605.9187 819.8144
29 513.7104 933.5834
30 387.5366 753.5471
31 765.5175 513.2587
