1 354.8991 852.4455
2 576.7987 177.7681
3 112.9192 614.3423
4 129.2344 677.3816
5 916.7018 465.6177
6 275.0807 292.8138
7 516.1759 57.18124
8 438.315 664.4274
9 286.0545 814.7936
10 80.56951 556.7256
11 722.8692 134.3475
12 210.0359 626.3027
13 46.41113 607.9839
14 697.7089 420.0232
15 472.551 288.4064
16 256.2329 874.8648
17 223.3074 821.291
18 559.2567 113.0794
19 652.2745 741.5926
20 608.6969 917.0437
21 901.3416 375.8711
22 68.72694 668.4655
23 750.4543 703.2033
24 44.9517 388.0393
25 201.3299 683.4585
26 381.6097 84.72364
27 881.5979 324.7066
28 351.3054 919.2081
29 435.4549 112.5087
30 454.6382 56.37934
31 699.3732 495.1687
