1 721.7887 797.575
2 691.2799 879.3158
3 61.90441 517.8423
4 180.336 590.6427
5 885.5825 509.3431
6 350.9402 71.2208
7 425.4646 506.7544
8 475.4861 824.079
9 894.7684 641.0372
10 358.3593 571.0453
11 207.0619 839.1042
12 270.8787 422.8571
13 37.0342 424.6119
14 713.969 228.9301
15 830.4284 233.421
16 531.1195 667.2836
17 810.5195 685.8069
18 223.3827 634.1776
19 404.8863 224.6376
20 493.0644 532.7786
21 780.5159 504.6979
22 872.8353 694.8699
23 449.6116 445.8772
24 46.61768 369.0899
25 391.7569 287.2502
26 835.5771 745.2214
27 89.18429 374.5219
28 26.00899 482.3125
29 733.4923 854.4527
30 769.4221 240.7441
31 460.8429 385.6123
