1 909.4799 405.1194
2 631.8868 295.8741
3 330.223 807.9913
4 589.563 921.937
5 878.1601 354.3383
6 284.4937 470.5618
7 202.6365 722.2668
8 362.7374 520.0241
9 774.5107 378.9538
10 486.8107 774.8958
11 234.5675 866.6235
12 341.3743 445.3159
13 371.9688 67.68772
14 132.1099 426.7569
15 679.2648 466.7426
16 425.3684 764.8414
17 709.6231 865.0718
18 182.1252 825.7837
19 80.42166 293.5857
20 350.4145 580.4329
21 251.5303 175.0606
22 583.2221 68.99583
23 362.4281 338.5185
24 290.4977 892.6658
25 401.4025 392.9371
26 403.6135 192.1306
27 646.1509 89.47751
28 501.3293 68.3399
29 279.5188 547.9523
30 193.5731 155.484
31 313.716 178.0806
