1 796.8902 804.4523
2 623.6572 912.9586
3 31.55104 530.4286
4 101.2208 730.6441
5 892.6799 348.7602
6 338.2684 92.12835
7 577.5595 464.0398
8 573.6184 927.2721
9 843.6682 727.8647
10 170.312 644.1816
11 345.5543 917.1478
12 234.0718 595.8969
13 61.65471 334.2295
14 730.9155 431.2525
15 653.0285 135.5326
16 628.2728 840.4893
17 723.0705 748.5407
18 139.7351 781.8653
19 568.5047 149.0153
20 634.3657 479.9128
21 907.4449 409.1513
22 786.1626 739.9431
23 664.9218 419.7639
24 97.21604 267.4755
25 195.0496 291.029
26 655.3424 670.6047
27 150.9368 241.0579
28 124.5303 357.8944
29 663.7386 893.0829
30 830.6058 336.6297
31 652.9677 352.4897
