1 550.6788 141.9696
2 736.2216 852.4287
3 151.3445 406.3774
4 168.0205 805.8973
5 407.8988 693.4549
6 754.1038 338.2598
7 563.8562 62.38285
8 662.569 514.5337
9 142.5648 203.8737
10 238.0418 864.6807
11 770.3966 828.1705
12 216.5528 369.3716
13 346.5884 846.9346
14 904.6377 386.2464
15 279.5089 100.4709
16 670.7651 454.2116
17 293.3453 844.2849
18 203.2204 191.8959
19 491.1852 169.0164
20 509.6351 281.3022
21 332.8671 76.82106
22 415.3528 145.3633
23 394.6742 83.56616
24 437.6993 921.8802
25 339.8816 144.4925
26 764.5959 641.9503
27 718.9836 798.2303
28 686.2592 886.2845
29 377.4197 923.26
30 156.4794 747.3447
31 545.1129 440.5667
