1 668.577 428.5578
2 228.2258 608.859
3 442.1452 243.5854
4 584.7316 284.9665
5 803.1246 560.462
6 771.3307 261.9249
7 378.1629 253.9972
8 518.278 543.9321
9 32.01831 456.89
10 790.1864 323.7552
11 803.5913 738.5027
12 114.4777 749.2417
13 916.6283 531.2859
14 370.945 922.6005
15 343.4854 599.3944
16 265.6551 565.0826
17 893.4782 592.3248
18 415.8874 884.2317
19 107.7603 247.0646
20 334.5109 391.2181
21 669.5579 370.2777
22 553.3252 63.99522
23 199.5545 148.9694
24 709.6622 283.7743
25 821.9578 635.5503
26 53.59517 627.2562
27 627.88 909.1656
28 529.0127 783.0645
29 868.9459 489.6292
30 123.7146 375.1678
31 830.7663 248.0468
