1 306.3187 900.4135
2 641.4283 421.8189
3 290.2248 398.7496
4 362.0321 579.703
5 916.2555 527.7773
6 562.2452 484.2829
7 671.9249 102.7814
8 681.2829 679.5537
9 366.0254 922.0694
10 231.8979 368.0806
11 648.4095 238.4479
12 394.9221 487.7922
13 43.85157 595.676
14 770.1055 708.2145
15 611.7128 570.6893
16 493.7826 798.4747
17 436.8099 647.4781
18 518.3499 440.6537
19 870.1614 699.8253
20 806.829 777.4531
21 879.0603 311.8071
22 81.64294 697.6821
23 706.3717 506.2907
24 35.54785 444.6116
25 414.7606 545.0812
26 198.0587 284.8907
27 849.9191 259.1588
28 585.9908 887.1836
29 478.1467 347.3434
30 665.7293 162.6294
31 892.9015 637.7879
