1 301.6142 861.6484
2 655.0163 779.6757
3 211.2275 691.6837
4 100.5277 660.0047
5 781.1729 448.7105
6 851.0323 643.3685
7 809.4684 206.1985
8 327.4159 779.8263
9 458.9378 935.0737
10 156.6561 431.0943
11 592.7093 761.6765
12 320.043 631.3921
13 195.677 583.5464
14 855.669 728.0316
15 450.6205 581.2988
16 775.7817 823.3259
17 818.1392 771.9739
18 621.7032 609.6009
19 694.1359 424.1812
20 907.1612 499.5022
21 761.5477 162.5104
22 215.0515 850.9809
23 841.6668 422.3762
24 37.81105 544.8995
25 425.4195 781.7953
26 43.70865 392.9451
27 613.3052 76.09539
28 693.7845 537.3437
29 489.0903 810.672
30 836.2329 484.1183
31 746.949 392.0544
