1 702.4106 328.4849
2 289.4366 689.96
3 456.5522 344.9273
4 517.3656 342.6224
5 782.1164 659.1773
6 711.4898 156.7174
7 354.4705 339.9286
8 622.6694 545.637
9 37.61194 420.7431
10 723.7167 242.4794
11 862.2003 709.5442
12 126.7156 763.5275
13 870.2899 586.6693
14 426.2906 932.5554
15 270.4402 617.9379
16 214.0249 647.5006
17 812.3993 605.8126
18 370.8428 831.4007
19 102.3014 255.4961
20 303.1938 305.3488
21 672.1424 275.2217
22 617.1115 79.95614
23 190.9064 158.2644
24 644.5549 210.6581
25 801.7965 717.9114
26 56.93493 632.8452
27 702.7883 871.1902
28 514.7489 682.177
29 813.4586 544.0674
30 192.2769 289.3214
31 762.5307 166.3615
