1 570.8962 495.9305
2 233.3671 461.5071
3 524.5971 218.032
4 718.7846 323.1138
5 855.3869 436.4289
6 859.6303 313.0558
7 324.8029 145.2168
8 445.7835 420.4723
9 34.85501 443.255
10 796.4441 431.2802
11 662.6987 827.0371
12 104.4008 735.0032
13 913.4057 438.6493
14 280.5893 887.9063
15 499.5608 651.0401
16 293.6715 454.3563
17 858.3336 653.6936
18 439.883 762.4274
19 103.0358 255.1804
20 324.8357 510.9924
21 635.7553 511.3645
22 484.0515 58.37843
23 328.3732 77.73654
24 744.9735 400.0736
25 880.6993 494.5102
26 57.30703 639.1758
27 532.1364 931.4261
28 593.3084 908.9411
29 917.8501 385.9502
30 75.10088 488.5003
31 882.0416 371.6983
