1 696.1185 115.5296
2 349.8592 134.1536
3 606.6848 271.229
4 559.0412 292.4956
5 207.8246 309.9023
6 104.2387 282.7403
7 283.756 270.1143
8 627.6275 359.433
9 141.0995 607.5017
10 800.1973 330.4102
11 548.0281 434.2025
12 32.75874 499.0598
13 877.5777 318.033
14 488.3166 520.6681
15 406.9512 533.0712
16 901.2475 376.9987
17 750.0276 578.944
18 484.2736 581.005
19 435.7736 476.2304
20 627.5659 727.9564
21 734.8613 313.5889
22 347.4974 70.66108
23 477.4298 55.82149
24 788.3496 807.5363
25 687.4723 244.6075
26 432.2413 933.8299
27 146.4401 789.1458
28 351.7181 915.3049
29 695.5093 806.2718
30 576.01 922.9466
31 169.8692 246.1696
