1 460.0055 303.6931
2 222.4085 737.9354
3 553.5524 599.8565
4 661.1244 283.4184
5 724.5936 859.5471
6 49.74669 627.1597
7 112.1049 546.814
8 671.4703 609.3381
9 502.7757 639.2593
10 549.6139 768.1337
11 103.5098 628.0231
12 76.06034 688.6265
13 595.8682 614.5604
14 494.7692 576.4151
15 748.8151 355.0536
16 212.1159 802.4833
17 761.692 448.6692
18 151.9247 794.1584
19 582.1614 923.6651
20 815.0613 217.4603
21 509.2137 517.8961
22 746.446 662.1304
23 722.5769 297.2076
24 45.39061 532.7942
25 673.0751 708.9208
26 635.9358 657.7148
27 866.7583 331.6774
28 212.2865 219.1333
29 74.2264 306.2984
30 244.8373 420.8969
31 786.5057 714.1586
