1 751.8979 594.6283
2 700.8927 111.0736
3 249.385 812.8047
4 560.1384 927.212
5 660.7819 488.8275
6 90.34173 521.5908
7 384.6945 796.4442
8 448.8047 594.2769
9 695.4143 573.7172
10 344.3072 544.2759
11 261.349 880.9109
12 547.2277 549.4353
13 222.981 255.4523
14 402.0566 322.4333
15 761.7781 223.2438
16 201.4029 707.9124
17 869.1684 702.2389
18 61.87628 650.0861
19 185.3673 159.2622
20 140.584 556.6181
21 387.653 212.3624
22 596.2478 74.63979
23 607.2144 358.1527
24 413.1685 915.2974
25 546.7949 340.1384
26 660.0142 309.3047
27 681.953 154.4742
28 691.0863 246.8129
29 96.41628 703.1178
30 284.586 97.57318
31 140.6407 207.6623
