1 643.3377 294.6216
2 255.8916 354.0155
3 363.8278 98.63097
4 502.5306 495.3655
5 566.7799 473.5104
6 31.34286 514.905
7 298.5806 524.2623
8 740.5416 345.6696
9 206.0596 144.8593
10 460.0983 175.572
11 561.5612 198.1189
12 329.6778 910.8739
13 815.4191 216.1752
14 794.0495 310.3884
15 272.4903 882.4007
16 431.7186 499.4258
17 865.5479 706.7787
18 526.7589 550.7157
19 131.442 583.9091
20 553.7284 97.74882
21 873.0357 305.438
22 896.7885 366.3893
23 673.3006 103.3883
24 102.1634 363.8675
25 169.0946 808.7551
26 40.69984 577.6158
27 889.2004 650.209
28 741.0721 637.5691
29 43.86694 400.2285
30 530.8094 55.18735
31 456.9235 404.3401
