1 307.5408 901.5924
2 692.5936 707.0722
3 295.442 684.3136
4 145.2159 732.1603
5 851.9178 423.0463
6 811.6291 715.1401
7 800.0411 193.7276
8 388.477 840.9065
9 446.2045 932.8616
10 122.3089 350.5186
11 632.6601 683.5926
12 367.7987 692.2583
13 121.7304 628.8175
14 820.3235 773.7537
15 469.7523 667.6655
16 754.1507 826.2434
17 757.0282 765.5317
18 672.4313 635.7931
19 730.7363 491.5462
20 897.6433 566.7767
21 744.5058 153.3434
22 195.7254 834.1972
23 916.0154 440.9822
24 32.1059 498.8948
25 485.2697 792.2817
26 51.30284 363.4285
27 673.1094 103.0753
28 722.6046 596.9516
29 522.3443 736.0442
30 847.462 483.161
31 784.9393 454.5433
