1 507.8681 313.755
2 190.207 740.5223
3 534.8681 576.302
4 681.2755 321.8454
5 753.0814 840.477
6 51.28992 628.3978
7 79.35602 524.1304
8 631.1303 605.311
9 475.0904 600.7052
10 507.7501 756.1292
11 103.7061 601.0741
12 80.72249 687.3566
13 579.0102 579.574
14 473.086 540.1293
15 735.4096 388.1681
16 191.8248 805.4015
17 801.1513 450.4176
18 135.4219 773.6079
19 598.0948 919.5213
20 810.5046 212.4433
21 505.2396 489.0271
22 757.2356 636.7775
23 759.1689 289.2294
24 38.51399 569.5643
25 627.9011 712.49
26 597.8117 655.4772
27 829.6798 336.7251
28 234.8554 256.9497
29 77.41328 299.3164
30 277.1137 394.3286
31 747.6759 731.5721
