1 582.5913 208.3749
2 446.6782 689.4109
3 498.8606 494.4551
4 610.514 476.2725
5 698.2282 829.0682
6 643.0268 103.3249
7 197.2243 339.3936
8 689.0935 397.7248
9 40.44718 402.4241
10 597.2016 142.5651
11 909.6846 547.7458
12 159.6863 801.5716
13 708.8194 573.9597
14 588.0432 920.379
15 89.17099 687.7224
16 181.422 747.711
17 703.4902 733.9125
18 263.5025 660.1824
19 99.01811 261.1401
20 337.5505 159.1903
21 541.2357 160.3387
22 583.3005 72.50593
23 314.4742 87.92771
24 506.8885 110.3283
25 825.4473 765.2578
26 55.7513 635.8853
27 785.0662 811.2294
28 548.0099 532.2937
29 646.9396 578.3433
30 277.1728 157.4719
31 696.2449 115.3355
