1 200.3893 584.1179
2 524.6722 187.3844
3 408.9299 546.1347
4 340.3294 835.9808
5 558.1917 578.302
6 95.78146 291.162
7 206.5507 192.7573
8 455.5539 813.1057
9 287.8137 478.6624
10 247.6461 529.6249
11 301.9783 159.0536
12 425.9098 478.409
13 350.8226 585.0236
14 245.0507 132.8978
15 151.4594 312.8549
16 394.0623 708.5183
17 446.9696 678.4028
18 805.0915 321.553
19 373.7625 780.4494
20 439.2585 888.8063
21 832.2619 380.9871
22 376.7504 623.6891
23 909.5854 477.046
24 45.38729 395.201
25 487.6996 546.6276
26 568.959 117.5903
27 912.5289 423.5882
28 579.6672 720.2477
29 480.2248 55.97587
30 424.598 271.6729
31 337.6274 527.0357
