1 874.49 482.2403
2 278.0187 888.9996
3 544.5432 293.5566
4 93.23609 709.7677
5 179.6224 164.0808
6 133.3535 222.4631
7 573.832 68.33768
8 605.7255 439.7991
9 226.785 265.3117
10 418.4572 413.3825
11 680.5513 108.0372
12 356.6865 543.4683
13 170.7957 504.2497
14 201.7713 209.0581
15 499.1681 383.397
16 594.6736 349.1951
17 88.19594 448.681
18 63.82099 653.4597
19 893.663 647.2545
20 419.085 931.0354
21 403.1423 168.8516
22 766.768 231.8765
23 843.8465 297.1377
24 42.10906 402.5477
25 271.3986 336.1351
26 914.8197 563.3235
27 913.5624 425.7034
28 537.4355 929.6404
29 686.5878 883.3945
30 505.4788 603.5767
31 712.6531 332.6905
