1 566.1605 716.1263
2 382.9253 63.72476
3 496.2088 759.6736
4 525.3308 933.5186
5 261.3148 179.7574
6 377.1279 168.5728
7 289.5833 94.75243
8 642.2869 524.8023
9 678.4031 580.9616
10 612.5228 399.9931
11 420.4237 597.4886
12 506.9943 568.0711
13 606.4917 761.0702
14 725.7685 793.3561
15 554.0656 324.3825
16 446.9748 65.71898
17 690.7801 111.5988
18 197.3613 154.5533
19 70.65579 312.0636
20 172.2463 581.6687
21 655.7928 803.7698
22 369.5801 376.6972
23 621.0655 460.7283
24 917.2774 500.0714
25 742.3743 565.9357
26 351.862 893.3815
27 902.929 617.1587
28 903.6826 388.0246
29 311.178 360.1186
30 675.1665 409.5344
31 35.77193 554.4006
