1 573.8555 182.5636
2 713.0397 853.1321
3 163.4998 447.1536
4 144.4312 777.4778
5 419.0367 650.7157
6 794.5872 315.7309
7 528.3309 57.64115
8 688.1809 495.2097
9 127.3194 220.6054
10 207.1909 841.1833
11 759.1124 836.9619
12 234.3405 407.2169
13 332.8145 875.1752
14 909.4701 408.3074
15 299.2789 91.81692
16 718.6024 443.3076
17 285.6924 875.1459
18 173.9526 179.2102
19 493.2383 210.2832
20 498.1886 315.1821
21 353.4918 71.1428
22 418.1163 171.0798
23 406.9071 101.7983
24 430.6597 917.7928
25 310.0827 147.8116
26 777.8916 682.5299
27 738.5277 769.2463
28 681.2609 888.3642
29 368.5883 920.6467
30 197.4196 731.135
31 575.7557 468.7286
