1 667.1265 350.003
2 314.6119 109.6676
3 506.7182 935.712
4 563.9209 618.7508
5 427.4319 878.9524
6 370.6932 433.6906
7 898.4156 366.6958
8 537.5114 277.3621
9 596.3826 293.7119
10 723.7912 628.3175
11 880.9487 320.8391
12 283.9957 421.7926
13 422.4602 59.04573
14 50.19503 431.9065
15 184.2828 665.1286
16 50.1359 377.4406
17 120.8175 349.8805
18 890.7757 652.0934
19 363.3073 215.5018
20 566.4848 917.3187
21 106.4473 596.5191
22 54.00285 627.7266
23 414.9163 485.4553
24 41.72168 573.6112
25 163.4632 425.2282
26 486.0276 54.90659
27 68.61806 316.9488
28 599.4913 564.2404
29 848.5622 613.9298
30 782.059 580.724
31 452.0211 932.924
