1 545.224 112.139
2 741.7808 854.0752
3 146.7589 377.5434
4 174.0841 817.0532
5 398.4627 721.5834
6 726.9653 353.5788
7 588.1663 69.5811
8 644.6739 524.3106
9 138.0296 208.7249
10 258.6909 876.9601
11 772.6792 825.2231
12 209.2776 341.2845
13 337.8233 820.7486
14 902.5777 379.7193
15 263.8616 107.7837
16 642.948 461.0108
17 290.897 826.2089
18 226.2707 200.7983
19 489.8619 142.1974
20 517.2758 259.4016
21 321.4002 82.64515
22 424.6489 141.6857
23 383.7389 76.61174
24 454.9263 912.7296
25 364.769 156.7955
26 756.6205 614.5655
27 710.541 814.2004
28 689.4354 882.6261
29 381.784 925.1624
30 137.3418 765.8169
31 528.4115 418.6983
