1 397.6538 470.9187
2 559.96 64.04026
3 601.8169 538.4521
4 550.8088 928.4315
5 229.3394 409.8209
6 60.05423 479.065
7 288.3469 419.955
8 395.0299 305.6215
9 419.6251 376.6134
10 599.592 124.2541
11 269.6329 884.9889
12 336.1161 489.5949
13 287.9644 538.1543
14 860.0834 547.4403
15 758.5207 157.7367
16 270.1773 347.4259
17 863.4591 301.5194
18 272.9233 475.1798
19 128.9574 222.2782
20 62.03776 652.1027
21 759.5488 474.7897
22 446.6412 57.19855
23 340.7098 383.3853
24 763.7484 653.9868
25 801.7069 247.7562
26 563.5042 845.587
27 731.5508 407.6312
28 895.1831 356.1682
29 211.1341 736.6398
30 749.4428 218.3656
31 28.05798 519.8882
