1 778.2766 790.9345
2 665.9286 892.6663
3 32.23368 507.2524
4 142.4938 628.401
5 907.6713 461.1725
6 301.8314 90.84247
7 461.3283 487.3086
8 502.5782 871.963
9 880.4989 673.9062
10 304.9671 584.118
11 241.3619 865.4776
12 236.0065 464.4957
13 45.84012 389.5409
14 715.7047 288.9139
15 792.0192 196.6742
16 539.8662 723.0204
17 824.2346 675.6313
18 179.8859 677.3232
19 451.1073 206.3012
20 525.3442 509.0337
21 820.4346 470.4718
22 853.3751 729.0987
23 509.8754 449.9198
24 58.7541 335.25
25 335.7651 271.3857
26 793.2755 729.1328
27 102.7072 334.4294
28 30.76873 448.4517
29 707.8977 871.8031
30 798.6884 284.8573
31 516.3698 382.2197
