1 621.6894 634.0404
2 413.2799 60.44745
3 558.8475 781.2714
4 573.3251 926.0413
5 186.4486 231.8195
6 303.6081 251.3772
7 273.8227 113.5831
8 641.5275 434.7004
9 682.7288 485.0237
10 661.6347 337.0687
11 397.0805 701.6636
12 529.3018 487.4599
13 556.8413 719.5434
14 800.3218 732.2324
15 636.8786 279.7184
16 411.1483 136.5693
17 747.9531 151.8191
18 219.7385 146.5301
19 74.58629 305.4465
20 119.7458 638.1195
21 722.257 748.5654
22 438.5254 319.0897
23 571.3011 371.5762
24 915.4344 533.6812
25 797.251 496.1113
26 411.1378 931.6317
27 893.0263 592.869
28 915.7901 443.5003
29 321.0884 450.6404
30 721.4561 343.2213
31 33.92128 528.1639
