1 914.3436 561.4039
2 763.9911 653.6381
3 320.5461 425.8126
4 498.515 658.0348
5 516.4632 67.25559
6 725.705 610.0152
7 454.0311 508.279
8 697.3844 662.5705
9 604.2069 359.1738
10 897.9741 633.2877
11 602.4822 803.4163
12 489.0948 457.5436
13 388.1664 297.7967
14 64.48435 481.5641
15 738.7715 816.4751
16 841.1992 654.988
17 790.3635 733.1119
18 508.7265 745.3818
19 82.69586 289.0923
20 734.2972 718.3559
21 127.36 546.4687
22 841.2208 316.8978
23 445.2788 331.4291
24 119.4747 751.1676
25 79.66587 668.4043
26 140.2119 487.0518
27 287.0144 208.2817
28 217.3058 136.2167
29 469.6199 850.8933
30 150.9046 194.8612
31 384.2824 64.56061
