1 620.3166 551.8388
2 472.0233 56.75183
3 624.3284 740.9727
4 601.8221 918.2813
5 118.2198 276.1417
6 230.401 307.5405
7 292.5264 184.6911
8 609.715 366.8097
9 647.4004 414.2076
10 706.7724 287.8982
11 360.5942 775.9092
12 497.0563 422.6283
13 487.8607 674.0243
14 867.0726 682.5613
15 704.0878 226.6609
16 362.4661 191.446
17 801.5294 202.4907
18 244.5366 218.1553
19 66.63139 322.9643
20 78.98508 689.0811
21 757.55 684.0325
22 471.8682 253.5948
23 497.3423 317.3765
24 911.4058 580.2711
25 837.1458 431.6569
26 473.7391 936.8285
27 842.0941 563.8187
28 908.3945 404.5755
29 310.8952 525.2727
30 768.5363 286.4411
31 32.89845 524.6989
