1 344.3985 440.535
2 874.1497 690.0421
3 145.4236 617.1143
4 68.73829 669.2314
5 614.0738 914.3716
6 205.7434 718.6124
7 337.0956 548.8194
8 384.9862 598.1601
9 276.5259 570.3413
10 203.4848 778.8931
11 194.3146 656.8998
12 384.3323 515.5301
13 698.6644 874.1406
14 816.2995 217.2273
15 58.7273 350.171
16 274.1555 103.3314
17 665.113 237.729
18 221.5585 131.551
19 125.1494 559.8945
20 309.791 496.786
21 760.508 286.7141
22 894.3554 357.1877
23 429.6464 465.1319
24 607.6462 271.5086
25 111.1815 247.0651
26 910.8449 416.8127
27 826.5952 767.6514
28 792.6359 805.0655
29 868.4836 305.0074
30 78.0068 314.1586
31 489.8738 497.4361
