1 898.3922 638.1232
2 238.793 865.743
3 268.5251 203.8817
4 93.99111 630.3887
5 81.84111 294.5966
6 109.3918 454.2024
7 540.5296 61.65785
8 330.5169 442.8594
9 126.4789 511.1792
10 183.8313 193.9994
11 601.2838 77.62541
12 389.5714 383.1654
13 266.5471 267.0822
14 42.88858 395.7055
15 426.0885 748.7714
16 248.9408 419.3859
17 89.0223 355.7079
18 183.7302 822.8926
19 775.2954 625.7985
20 323.7652 908.2168
21 157.5346 371.4665
22 452.3933 124.0223
23 829.0094 286.8415
24 97.85473 566.7275
25 405.6598 60.90367
26 716.774 585.3117
27 909.4494 587.9083
28 547.8731 929.996
29 601.1366 918.3171
30 715.7293 649.2181
31 357.3675 319.0056
