1 719.8282 474.8406
2 174.3522 203.4489
3 731.3263 614.2815
4 766.9116 828.8247
5 302.8171 286.781
6 291.9726 428.833
7 695.5997 169.1781
8 578.8232 484.5194
9 688.8469 569.1527
10 776.4171 516.0081
11 350.0789 74.64266
12 159.1801 166.5547
13 796.5246 455.8651
14 34.20845 511.2389
15 163.0342 804.6863
16 641.9999 528.2797
17 133.0108 209.2887
18 880.1215 320.1271
19 70.92682 671.7409
20 292.4891 480.7819
21 668.0159 629.3091
22 105.1627 247.7184
23 443.567 486.2227
24 241.2954 456.6381
25 487.978 448.9093
26 201.2476 146.3548
27 123.9535 757.8595
28 845.1454 739.1767
29 692.8584 230.2057
30 99.21712 304.9504
31 552.3748 929.1189
