1 831.4918 233.0513
2 364.8816 920.6365
3 578.8037 558.2788
4 72.44874 676.8618
5 500.8388 147.5536
6 537.4069 201.6067
7 499.4712 81.13026
8 364.4912 416.2369
9 43.39315 408.489
10 191.1194 687.3165
11 635.3973 395.9258
12 157.3995 346.6934
13 246.9608 869.1716
14 556.0896 123.1041
15 570.9434 66.24249
16 862.4635 290.6932
17 139.7831 724.1729
18 42.34944 588.5106
19 778.4666 647.7939
20 568.6062 699.153
21 632.6735 83.54146
22 791.334 192.695
23 812.0498 310.6967
24 136.6561 479.5721
25 55.38975 345.124
26 888.0957 661.342
27 919.1232 534.0836
28 518.9234 661.5706
29 563.4527 927.0842
30 308.6612 870.8057
31 888.3439 339.0441
