1 743.4719 452.4342
2 432.0239 319.3412
3 534.4609 156.6136
4 517.6575 339.6041
5 645.4134 552.4837
6 116.9771 413.1116
7 398.2172 383.7894
8 709.2718 506.4173
9 226.1101 163.3219
10 565.7725 118.4909
11 611.4571 79.72071
12 276.5662 887.338
13 663.6104 166.3766
14 839.8553 502.7603
15 190.4864 831.5452
16 558.931 579.5212
17 899.1468 627.7799
18 578.6009 422.4361
19 61.82658 436.6936
20 584.1644 192.6646
21 761.7052 248.4663
22 849.4148 264.5782
23 550.0275 59.8211
24 251.9115 264.3561
25 271.7389 820.6092
26 42.91188 583.1881
27 919.0188 537.3638
28 884.9036 583.7771
29 135.9371 479.4214
30 501.2719 101.1524
31 494.1336 219.2221
