1 241.3562 640.6587
2 523.5264 250.5121
3 398.7568 486.8181
4 305.5148 787.2274
5 526.5203 629.2209
6 90.49856 329.6396
7 158.5991 186.9559
8 439.604 751.1356
9 239.2825 429.4666
10 198.4503 484.5113
11 261.1218 131.1011
12 391.9992 428.6875
13 385.4515 562.0214
14 205.6751 145.6918
15 146.5796 378.1377
16 406.0526 664.3339
17 463.3697 624.2381
18 740.3087 335.383
19 335.8252 732.6921
20 392.5378 862.0105
21 793.2198 368.845
22 407.3486 602.3893
23 871.1856 476.2365
24 48.9441 377.4585
25 502.6607 487.8722
26 617.4537 167.9159
27 917.0854 450.1307
28 642.6391 721.3193
29 515.61 59.03564
30 383.0105 319.7235
31 283.2882 563.2296
