1 692.1872 112.5145
2 527.1673 105.1457
3 417.4255 246.7805
4 339.931 342.7424
5 357.5752 552.0453
6 349.1996 495.971
7 477.7061 166.7588
8 422.1096 434.4675
9 187.4492 565.8052
10 708.667 261.1299
11 414.1348 723.0595
12 39.3104 569.3986
13 793.8152 192.0039
14 288.2403 631.7444
15 224.3628 786.5935
16 836.7958 243.4613
17 638.6508 395.4791
18 223.4625 638.7482
19 247.6509 558.7497
20 404.273 808.6645
21 869.686 517.2931
22 146.3928 196.3023
23 254.6532 112.8676
24 709.894 759.2933
25 631.1982 521.2375
26 622.3892 903.469
27 201.8588 839.3385
28 510.2816 934.1533
29 765.6044 805.703
30 684.2531 885.543
31 361.179 432.0547
