1 490.1378 303.1584
2 518.8154 606.3512
3 674.0733 895.3064
4 639.705 392.0667
5 548.2113 673.2257
6 505.4619 935.2248
7 305.0921 807.5092
8 555.9382 333.7694
9 788.5187 693.6064
10 583.7349 512.4686
11 568.6872 924.839
12 50.85361 616.9731
13 740.3636 778.5028
14 846.3624 710.3016
15 872.2198 302.8582
16 821.4593 768.3907
17 656.5837 855.9296
18 207.047 839.288
19 624.6145 907.5211
20 895.8736 361.2043
21 720.756 862.7268
22 627.5136 805.075
23 910.8181 562.4394
24 494.3909 61.97841
25 520.5609 524.3283
26 597.4564 718.6644
27 745.9457 218.2783
28 203.3951 294.3806
29 150.372 263.1682
30 149.208 786.4694
31 610.5556 334.5817
