1 552.8597 64.19916
2 712.9547 867.4722
3 218.1024 208.2443
4 169.2918 811.9861
5 276.6656 862.6663
6 542.6415 482.2314
7 672.469 103.3459
8 470.582 585.5488
9 107.7913 247.2117
10 320.9718 904.6997
11 615.697 786.0949
12 281.2266 169.3179
13 252.4518 720.3196
14 887.7516 336.177
15 205.7147 144.3617
16 484.8575 359.1596
17 213.4157 763.967
18 418.4846 198.9166
19 489.4312 55.75427
20 595.1938 114.3267
21 276.2857 103.2153
22 567.2727 221.2846
23 365.6684 67.54113
24 621.9218 848.5005
25 373.2761 247.6106
26 714.7337 418.9826
27 657.4795 898.0279
28 608.4921 919.6746
29 406.6767 929.9045
30 126.9023 759.6227
31 501.0403 230.6969
