1 161.8537 415.9864
2 761.8413 546.256
3 86.52227 699.7242
4 157.5152 800.9932
5 444.1477 934.3652
6 33.42802 462.133
7 410.6478 469.145
8 123.0119 745.3939
9 131.2905 640.8747
10 106.339 467.0281
11 179.1086 332.9221
12 208.4136 608.5251
13 666.9934 619.5806
14 593.3442 408.583
15 32.96968 525.1337
16 427.6983 187.7811
17 844.1314 364.3496
18 281.5979 163.1829
19 59.85074 644.6139
20 188.797 666.9604
21 788.2669 462.767
22 840.6475 498.027
23 417.1794 307.4135
24 338.3839 253.5677
25 225.4463 133.4238
26 916.8043 549.7269
27 862.9235 714.7149
28 834.2741 757.7087
29 859.5924 273.321
30 73.35599 308.8259
31 263.2425 681.2554
