1 450.2224 464.1689
2 589.2295 492.5108
3 600.0659 283.5585
4 737.3921 304.9863
5 677.296 862.6198
6 404.5224 297.3172
7 299.4041 138.3949
8 462.628 403.2679
9 70.9206 317.2105
10 531.032 115.3393
11 830.3143 239.1656
12 201.9291 839.2672
13 522.4025 364.2138
14 700.3504 801.1582
15 150.4363 793.5014
16 469.6155 808.8726
17 825.3231 762.8897
18 369.242 363.0054
19 98.79919 259.6651
20 426.4844 131.5215
21 482.6155 157.1554
22 648.0877 243.6592
23 444.9029 57.50311
24 475.177 89.60038
25 596.1788 770.6519
26 62.73729 649.1773
27 780.7337 578.5631
28 825.56 532.5979
29 359.7826 565.079
30 384.8914 64.21662
31 515.7674 57.66546
