1 626.9004 215.5106
2 673.6098 848.2177
3 191.995 499.4735
4 107.2854 738.1123
5 439.0856 592.7106
6 845.615 289.6135
7 482.4419 54.66442
8 707.4835 448.0362
9 118.2158 234.3183
10 168.5888 807.2003
11 734.9831 855.6515
12 267.9676 449.9781
13 328.0217 905.0105
14 904.1403 392.8246
15 340.0313 76.01699
16 769.8155 432.9563
17 289.0312 892.6406
18 158.8499 183.319
19 502.1306 261.0697
20 485.1356 360.2057
21 400.4257 64.52118
22 463.8962 165.0624
23 405.7107 140.3246
24 420.5608 875.5162
25 255.3012 156.9303
26 810.9133 722.958
27 754.7688 747.5801
28 671.1999 894.3368
29 388.6506 926.6186
30 252.2845 729.8469
31 623.9138 492.8594
