1 357.4069 496.2696
2 326.9551 741.5359
3 707.7694 868.5694
4 441.3365 285.6888
5 269.5453 808.8062
6 586.4155 864.9002
7 490.6735 935.3131
8 574.3216 593.3236
9 522.8711 671.5449
10 408.401 750.2354
11 633.664 905.1901
12 64.13629 654.1985
13 850.8033 564.8886
14 553.6245 723.7437
15 700.8667 482.6981
16 913.3315 570.4254
17 644.0651 830.4431
18 114.5991 695.3993
19 678.227 885.9042
20 822.3171 224.9118
21 750.5023 843.7945
22 701.67 813.6824
23 773.6507 334.9624
24 636.6002 89.53753
25 275.842 615.5699
26 309.5132 852.8738
27 697.4609 120.6693
28 143.1239 569.8741
29 262.4714 458.8708
30 286.0574 681.09
31 324.8977 325.7981
