1 571.1501 694.1646
2 368.8175 73.34553
3 719.0819 865.3465
4 808.9837 787.6944
5 616.7979 505.8762
6 59.8975 657.4394
7 810.4454 210.4634
8 321.5957 548.5954
9 378.049 590.352
10 759.5776 826.3617
11 705.2609 124.5349
12 270.0694 117.6235
13 550.0137 193.2027
14 56.26752 345.3294
15 149.8058 788.5347
16 354.9601 417.121
17 209.867 142.508
18 919.7105 509.3637
19 167.1195 441.4591
20 324.87 768.8164
21 382.4552 734.3002
22 109.2729 422.1641
23 200.0858 320.6154
24 95.25348 716.7826
25 331.4578 121.1001
26 426.0849 58.72907
27 188.6445 543.1538
28 844.579 740.7151
29 849.1157 262.0066
30 392.4698 469.5073
31 551.8405 929.4822
