1 408.793 59.38702
2 756.9434 836.87
3 359.3236 165.1169
4 169.3587 813.6111
5 269.5759 672.1287
6 404.2516 639.8553
7 576.8409 121.738
8 369.2509 441.831
9 155.2832 316.0353
10 294.4681 893.2619
11 423.2055 762.5037
12 429.8286 174.4122
13 311.4244 619.1705
14 792.2046 189.2738
15 119.7035 236.9328
16 346.2725 229.2037
17 256.8515 594.5946
18 470.9328 54.85503
19 379.1489 106.8112
20 619.8183 80.95832
21 209.7195 140.9439
22 687.6166 279.5441
23 443.8634 109.5343
24 715.137 774.033
25 195.827 275.6592
26 691.3269 236.1269
27 689.0142 883.0054
28 636.3991 906.9205
29 494.7369 770.4285
30 93.24968 584.9041
31 542.2512 62.53601
