1 673.8456 546.817
2 487.6354 347.4934
3 556.9122 165.2022
4 590.8477 277.3092
5 637.8932 674.0844
6 174.1393 390.603
7 434.0283 291.6496
8 607.5473 552.2827
9 220.5927 280.3699
10 590.4888 112.1622
11 663.4678 97.53895
12 250.4584 872.8503
13 568.6994 225.0517
14 842.0542 616.4098
15 198.6771 837.2614
16 565.7517 684.6024
17 897.1368 629.3913
18 535.6634 313.8378
19 121.9364 359.2221
20 505.7154 200.7875
21 664.4846 216.1642
22 810.6153 212.9326
23 503.7311 57.51929
24 342.2593 203.0769
25 393.5572 812.3911
26 57.00907 636.2743
27 917.4341 537.2317
28 906.6957 589.5287
29 192.6338 454.1829
30 443.6753 65.28248
31 521.1157 108.8397
