1 900.5246 630.1359
2 243.5352 868.663
3 295.3748 218.0505
4 79.88373 623.9251
5 89.39281 278.2662
6 96.62439 440.2733
7 551.3902 62.62881
8 347.5813 419.0003
9 102.3748 499.286
10 210.9874 204.9946
11 610.9168 77.67828
12 411.7115 397.7139
13 271.6463 277.9419
14 50.36742 372.739
15 430.069 717.875
16 277.0999 415.284
17 102.0851 343.3646
18 170.7129 812.3205
19 785.3617 630.836
20 329.2805 910.2614
21 167.2261 344.5353
22 479.9315 118.6191
23 857.7119 306.1619
24 81.06854 559.2938
25 398.4233 64.34069
26 745.746 586.0589
27 911.578 579.866
28 555.8132 928.056
29 604.9834 916.4987
30 723.455 645.0517
31 385.1191 326.6516
