1 387.2442 519.3234
2 571.0684 66.23829
3 552.9628 521.613
4 498.9762 935.2035
5 249.8781 448.8061
6 76.74656 537.5991
7 313.4981 469.4509
8 345.6278 337.2964
9 397.4537 420.6247
10 541.2572 129.0392
11 237.6519 865.2934
12 330.9665 548.4128
13 218.3299 562.6067
14 830.9978 498.6431
15 728.5566 136.0432
16 235.8668 389.2
17 844.7567 340.5503
18 254.4739 511.4165
19 153.2295 193.4186
20 59.4723 645.6545
21 734.6282 431.8436
22 459.4565 56.95269
23 336.2455 409.1562
24 723.3954 684.4435
25 793.4717 187.9689
26 598.6122 794.2753
27 721.6534 363.9785
28 895.1079 349.3429
29 166.7939 768.9943
30 714.6853 193.233
31 24.81554 524.8374
