1 917.3442 531.3169
2 277.5336 888.6245
3 458.9229 281.5128
4 87.12488 696.4511
5 147.1632 197.2677
6 83.55318 287.1956
7 612.9977 81.6812
8 554.4879 374.7272
9 144.6734 291.7805
10 409.1586 320.1059
11 658.3594 99.46252
12 416.7346 497.8
13 207.0097 405.7777
14 121.9102 237.5701
15 477.3974 475.2054
16 496.5175 369.8824
17 150.8128 375.6328
18 64.45312 633.5087
19 879.9964 676.6643
20 360.0605 919.3441
21 333.7161 223.7235
22 701.7468 167.9426
23 878.3949 395.3511
24 33.82931 485.0717
25 356.6562 286.7533
26 897.2276 613.1167
27 919.0468 469.4134
28 588.1361 920.6342
29 688.6593 882.4508
30 593.9665 588.6788
31 618.0402 338.2841
