1 422.5991 479.8216
2 516.292 60.0628
3 451.7225 428.2175
4 580.5607 924.2667
5 570.5088 448.6925
6 562.3958 62.10546
7 480.3029 61.69157
8 509.9175 443.3297
9 353.5677 631.2152
10 343.1327 419.7136
11 415.7544 168.5914
12 277.1247 424.3455
13 905.0503 561.1615
14 382.427 711.7688
15 197.108 148.9567
16 691.1136 112.4618
17 438.4154 53.38284
18 299.7311 484.7786
19 93.1537 386.2628
20 402.0228 392.3185
21 409.4268 659.3077
22 250.2026 113.5501
23 442.3738 710.0545
24 747.3981 293.3086
25 429.8014 588.3089
26 361.0297 474.9264
27 749.8849 843.3537
28 620.3102 314.2242
29 456.8984 125.5737
30 362.345 325.0246
31 48.96059 526.0676
