1 301.562 898.8853
2 649.5013 433.3713
3 303.918 400.2473
4 373.6663 587.9805
5 912.9038 516.9906
6 569.5327 495.5657
7 674.3403 103.3254
8 685.2742 692.9284
9 365.9472 921.3463
10 220.3014 357.8595
11 643.1584 252.098
12 407.5884 494.791
13 43.45655 593.2182
14 771.3564 722.7354
15 611.7135 585.9452
16 507.3151 791.8852
17 448.7892 641.9645
18 520.3443 456.8471
19 873.6112 700.9835
20 816.9942 770.4907
21 875.9083 308.9079
22 82.95347 698.7446
23 713.5121 493.3238
24 37.59071 440.7263
25 423.6464 551.5391
26 182.4921 287.9054
27 846.9253 254.5836
28 601.1643 883.2917
29 486.0843 359.1192
30 674.2279 164.774
31 896.0724 639.9975
