1 371.0047 540.2543
2 545.4688 60.69696
3 416.9551 493.0622
4 570.094 926.1968
5 535.4944 372.4981
6 591.362 65.47946
7 513.6418 82.35706
8 472.7475 476.6259
9 396.6001 692.6803
10 354.62 476.3501
11 444.1298 259.9258
12 298.8655 462.3445
13 868.6698 625.5898
14 440.4933 773.7635
15 233.6451 196.1621
16 644.1653 88.66125
17 470.733 77.56883
18 234.7257 460.4201
19 74.95232 314.9308
20 386.6665 420.3622
21 453.1834 715.7045
22 234.2989 135.1586
23 520.6186 712.0237
24 804.6695 328.5091
25 489.192 642.6548
26 309.8711 545.0562
27 787.6459 807.7185
28 677.0075 261.2367
29 408.9722 166.3101
30 412.0612 362.3101
31 37.09545 555.0349
