1 755.6191 575.2365
2 392.1478 338.8568
3 515.5307 821.3399
4 367.6167 553.003
5 230.6593 709.6951
6 317.4069 331.6507
7 894.0634 351.2344
8 696.4596 476.5157
9 761.5072 480.8889
10 912.4496 558.7492
11 797.4003 191.895
12 308.284 551.824
13 419.4877 59.58471
14 47.50268 393.7759
15 465.6229 668.5899
16 184.6007 386.3165
17 238.2206 464.4798
18 839.3838 746.5244
19 592.6858 156.3165
20 561.0444 928.3818
21 167.8288 444.1462
22 51.22064 620.1849
23 243.6174 608.9056
24 107.89 442.9263
25 75.94202 335.6446
26 519.287 131.0418
27 107.3634 248.7241
28 531.7732 367.943
29 676.6536 647.3216
30 900.2813 623.711
31 390.1575 926.5463
