1 414.0098 613.8442
2 539.7794 60.75665
3 646.6484 203.6563
4 473.1532 885.01
5 392.0047 739.431
6 600.1052 67.21911
7 417.9313 61.56384
8 388.5409 674.2741
9 451.1807 271.9685
10 341.3274 153.8074
11 156.723 188.2449
12 253.7919 145.587
13 807.3531 208.895
14 49.8346 612.9951
15 69.28511 317.4375
16 737.4277 143.3721
17 301.8412 89.76514
18 552.008 201.9611
19 68.78757 670.785
20 529.8796 141.4977
21 473.9447 327.2243
22 123.41 228.6035
23 376.6228 305.1096
24 473.7132 58.80901
25 493.8694 225.9072
26 368.8991 231.0685
27 523.497 932.9773
28 575.1273 696.3981
29 577.8234 110.7436
30 93.48048 267.3724
31 451.2351 554.1739
