1 466.8739 335.5264
2 388.5251 139.0684
3 793.1137 407.7892
4 740.6836 849.397
5 77.44038 482.8667
6 485.0225 177.7663
7 535.6374 338.7272
8 408.1255 342.7971
9 802.842 299.3037
10 657.2732 258.1728
11 252.0288 145.0313
12 179.9527 193.908
13 829.3556 357.7007
14 46.21529 600.9814
15 195.5528 636.5384
16 760.209 339.2029
17 133.3792 208.2534
18 782.9696 182.1191
19 64.29253 656.1305
20 398.4069 268.9611
21 735.176 394.3569
22 107.2854 250.1595
23 681.7099 421.209
24 282.419 204.6117
25 678.6433 339.7021
26 206.1794 141.2567
27 227.2308 782.9819
28 784.5938 810.0089
29 466.7254 260.4395
30 76.6088 298.7597
31 677.372 864.0777
