1 910.7641 417.4145
2 576.7114 500.7622
3 427.5843 651.7256
4 572.0824 876.7999
5 777.9591 175.5431
6 446.8691 556.0242
7 226.2492 541.9228
8 470.9398 614.6524
9 725.0621 200.2587
10 702.8983 827.8076
11 353.9851 728.7453
12 282.4411 594.1058
13 415.5743 71.03067
14 41.05985 409.7938
15 611.2631 685.5596
16 630.6269 817.4632
17 637.5694 878.8013
18 269.9261 688.133
19 85.57958 284.4374
20 530.1559 621.5154
21 187.3326 359.7048
22 662.9941 178.128
23 377.4347 513.1391
24 169.3559 809.5035
25 226.7105 407.082
26 203.1803 224.0852
27 524.4746 208.4488
28 431.1962 115.5676
29 369.0259 641.0836
30 160.1259 189.3806
31 360.9001 69.19682
