1 237.4267 199.3157
2 816.5766 778.6782
3 421.903 329.8944
4 109.8039 743.4389
5 521.029 596.6366
6 267.9033 885.015
7 380.5587 214.4033
8 577.9143 357.0744
9 31.62082 467.4055
10 413.2605 927.9299
11 214.8631 849.2984
12 485.9046 318.9114
13 509.9254 683.5821
14 655.5601 96.04382
15 150.371 193.7793
16 236.0945 136.0733
17 438.6249 429.5021
18 433.5072 133.4113
19 367.3372 296.9712
20 461.6824 224.8158
21 416.6429 75.00773
22 790.2487 208.4342
23 488.1038 166.146
24 732.605 543.096
25 183.4244 157.8845
26 824.4625 230.0446
27 764.3395 831.7664
28 719.0802 864.0126
29 668.5061 593.8965
30 43.61557 406.4922
31 547.9661 140.9635
