1 446.182 58.07215
2 753.6702 839.7193
3 304.0236 149.1666
4 175.6864 817.8868
5 254.1871 732.5109
6 425.8013 577.9498
7 607.4019 126.5175
8 381.7322 498.3352
9 130.2165 260.8352
10 290.5725 892.13
11 469.3684 753.2476
12 379.5953 158.6569
13 276.2713 637.0775
14 827.0126 228.918
15 151.0337 194.6645
16 388.0712 260.8859
17 222.5858 636.0586
18 484.524 94.87641
19 383.1679 67.55583
20 639.9068 85.19814
21 206.663 145.2925
22 649.3059 294.2773
23 431.9875 116.2686
24 699.2339 813.6758
25 253.9165 274.0377
26 695.0288 274.6826
27 672.9417 890.4958
28 621.9202 913.0202
29 480.4085 815.4878
30 104.7997 639.105
31 538.9272 104.9811
