1 625.7985 619.361
2 425.8182 58.16984
3 572.1298 776.3797
4 577.4896 923.6217
5 173.7208 240.0037
6 291.7005 261.9547
7 278.659 125.091
8 637.6175 421.1263
9 679.0801 471.8921
10 669.2983 328.0921
11 392.7718 715.7401
12 526.9486 474.31
13 544.1263 710.9862
14 812.2822 722.8205
15 648.8062 270.1639
16 402.2055 146.5789
17 758.5439 160.0508
18 222.2428 156.3978
19 76.29847 300.0677
20 112.2743 647.2806
21 731.4293 736.4783
22 446.9195 307.0589
23 559.6481 360.4442
24 917.8732 539.4627
25 805.0511 485.0191
26 421.674 931.8856
27 884.6576 591.0249
28 916.3897 442.9098
29 319.8992 465.3854
30 731.0722 333.2618
31 35.02516 527.0446
