1 337.518 632.4248
2 543.9638 61.45393
3 187.6447 725.4083
4 158.8589 802.293
5 838.414 401.529
6 101.2101 258.0109
7 483.359 136.0299
8 458.6017 854.465
9 286.2135 736.5087
10 206.9347 565.1487
11 643.9359 151.1547
12 339.3616 708.6898
13 175.8954 599.2008
14 575.7807 245.8504
15 290.1703 161.804
16 255.5437 875.1434
17 213.1058 825.7247
18 635.6187 85.2216
19 522.3762 855.8853
20 528.4403 933.4205
21 896.151 357.72
22 141.488 625.9985
23 886.1053 662.6545
24 53.10771 364.2821
25 226.6821 770.5983
26 425.3643 58.2688
27 876.2548 310.5888
28 276.3044 813.0153
29 421.7634 119.292
30 481.8168 56.28401
31 516.5557 442.884
