1 297.8843 868.5626
2 658.426 773.5523
3 218.6154 692.8122
4 103.355 666.8113
5 783.6839 449.572
6 848.8112 650.5601
7 807.1934 203.8882
8 330.1581 786.4873
9 453.8939 934.0724
10 155.4139 424.3279
11 599.5687 756.6813
12 322.3547 637.6426
13 189.5704 587.4062
14 853.8152 731.4802
15 451.7008 588.577
16 772.7806 824.2014
17 816.656 774.9431
18 628.7177 606.9017
19 696.9759 429.9602
20 906.0944 505.3098
21 759.8741 162.5754
22 213.0007 851.325
23 846.954 425.3707
24 37.63457 542.3305
25 429.9474 784.2713
26 45.23928 390.0854
27 618.6779 79.75914
28 693.8497 543.942
29 490.9597 805.1639
30 837.9789 485.9294
31 749.8492 397.5706
