1 866.6046 459.194
2 674.0311 232.3019
3 264.8042 841.8843
4 558.1539 928.49
5 825.7064 409.2817
6 286.947 460.325
7 249.9304 780.9128
8 414.0432 518.6767
9 758.4593 445.3059
10 424.6382 717.4508
11 277.1016 893.1353
12 397.3395 454.7838
13 309.7957 100.1975
14 214.5655 398.6354
15 714.4037 399.0426
16 359.0979 755.8824
17 771.9361 821.615
18 158.2811 777.7494
19 106.9826 249.1772
20 296.3191 558.9988
21 288.4906 172.3125
22 587.7481 72.61477
23 429.6421 281.9155
24 330.0704 909.9374
25 455.6287 429.0924
26 487.9151 211.614
27 646.0144 91.36752
28 556.6604 121.5675
29 211.2707 584.8796
30 227.75 129.2011
31 268.6101 227.566
