1 474.0768 586.1089
2 317.1761 869.1946
3 738.6692 848.0626
4 390.8919 391.6262
5 177.0149 816.5628
6 513.7312 779.7679
7 570.0452 925.6646
8 687.8012 639.6263
9 419.6252 759.033
10 410.6842 886.562
11 646.4871 901.9105
12 138.1935 751.1591
13 867.7227 438.4445
14 441.3683 815.2199
15 628.5535 605.9593
16 919.2774 468.4528
17 561.1116 726.0827
18 219.9788 632.7598
19 709.107 869.4935
20 870.4621 300.4657
21 778.1523 823.1803
22 597.8268 865.8629
23 669.0428 421.7199
24 681.2171 112.866
25 237.1589 741.1831
26 224.8686 856.754
27 660.2514 175.7391
28 41.96697 571.9382
29 226.6767 565.4673
30 387.4798 610.5384
31 214.7826 409.7821
