1 771.4355 570.7558
2 192.0186 199.525
3 718.3529 721.1402
4 715.5344 867.1164
5 419.681 317.8798
6 252.4484 512.8022
7 679.4045 108.7241
8 525.8282 573.8356
9 588.2871 601.6767
10 826.0871 608.7753
11 449.6961 56.13123
12 174.6556 158.5885
13 721.0137 389.5277
14 40.78612 414.0768
15 218.7671 853.2244
16 564.757 527.4694
17 143.8524 196.4242
18 907.3728 393.1597
19 55.51669 632.1258
20 273.6308 567.2055
21 626.4165 687.4338
22 116.1648 238.455
23 319.0239 494.2587
24 213.9853 553.9138
25 393.9327 389.7754
26 220.6944 132.4335
27 125.8589 762.7742
28 794.3499 802.7686
29 733.8504 145.3259
30 181.7428 339.1914
31 579.4261 925.9207
