1 718.7706 596.7024
2 285.9787 709.2685
3 225.2605 354.877
4 318.4754 618.043
5 68.69096 484.961
6 399.2407 552.8858
7 562.1954 236.2027
8 400.9614 701.8426
9 369.2802 652.0877
10 194.689 155.848
11 634.0214 283.6267
12 164.1372 489.2854
13 415.8713 167.3777
14 170.4053 392.7567
15 455.2852 935.1315
16 166.178 636.6726
17 57.04185 542.9124
18 275.3246 770.543
19 540.3108 620.5382
20 288.4983 894.2659
21 48.55085 605.592
22 271.7596 309.0237
23 654.0502 475.2131
24 309.3177 560.1062
25 249.6976 129.5293
26 434.3184 652.4339
27 917.3212 538.9205
28 507.6179 933.8021
29 553.1932 929.1576
30 754.6254 478.1798
31 94.96476 342.8297
