1 470.2508 453.8669
2 486.5168 57.85906
3 499.0055 398.8783
4 522.0096 933.2993
5 594.7009 523.2148
6 538.1245 57.2754
7 451.533 59.4977
8 554.5987 472.2222
9 331.2257 548.8764
10 335.6653 376.9872
11 379.123 109.5006
12 233.7901 384.287
13 915.1722 485.4055
14 315.333 655.4952
15 171.5536 176.7561
16 749.1426 150.921
17 408.6858 57.99141
18 380.3218 456.1092
19 100.8782 462.311
20 441.0956 352.3227
21 388.1401 581.6762
22 219.0786 136.8335
23 374.5075 639.8945
24 682.7145 258.782
25 388.6836 523.4012
26 421.4088 409.195
27 715.5639 865.724
28 581.0521 383.7591
29 493.1411 112.7587
30 292.1561 272.0866
31 137.3591 515.4258
