1 309.0935 895.5928
2 592.6121 345.3227
3 250.3366 464.3683
4 278.5132 550.9304
5 903.9999 608.3773
6 499.2052 406.0714
7 640.0498 87.53031
8 623.0445 607.714
9 367.6208 925.0671
10 212.2139 411.5415
11 699.6157 156.2376
12 309.3296 481.5119
13 47.05191 607.7498
14 758.6138 617.9121
15 588.543 475.659
16 416.2397 827.8755
17 372.0073 705.4421
18 522.4669 337.3768
19 803.4392 678.3956
20 745.9996 825.2821
21 886.1786 334.5402
22 86.16269 700.4842
23 698.7247 595.5332
24 37.39391 464.2606
25 338.8491 532.498
26 296.0334 254.0866
27 863.8993 287.0867
28 495.1253 915.046
29 424.7945 276.5337
30 599.1039 130.4943
31 826.4399 624.8934
