1 502.1503 740.3013
2 379.91 65.68223
3 440.3948 720.542
4 557.7368 929.179
5 340.2637 189.6095
6 432.2927 102.4329
7 347.4913 114.2239
8 610.956 575.2105
9 628.2888 630.0659
10 563.2031 453.0073
11 434.0158 523.229
12 449.5712 604.38
13 668.8371 760.833
14 663.4584 838.3201
15 476.6832 324.839
16 513.8863 56.49366
17 641.6397 97.15836
18 164.2835 196.0844
19 94.40087 271.5081
20 216.074 541.1751
21 604.1534 824.0477
22 297.2337 370.9443
23 640.1413 521.959
24 915.7716 459.7748
25 687.6959 609.8378
26 326.7514 820.831
27 884.3199 666.0204
28 885.2528 331.1618
29 291.3201 307.8333
30 621.4437 463.7062
31 36.32038 542.8293
