1 332.2866 889.5177
2 580.1551 212.8333
3 141.2565 581.7697
4 148.6255 643.0777
5 919.2508 506.2941
6 323.4375 310.5441
7 541.8251 60.44087
8 465.3017 626.7099
9 331.4569 828.319
10 104.3943 531.8518
11 746.2174 150.6659
12 215.0969 586.1996
13 49.12057 610.8481
14 714.8682 461.0264
15 506.2433 321.3553
16 269.6688 874.9831
17 263.4929 816.3903
18 545.6712 159.9441
19 687.0138 723.9645
20 641.6478 905.2343
21 900.7501 368.9476
22 72.5696 671.2369
23 730.0375 666.9101
24 51.761 366.8669
25 221.1016 644.3469
26 374.7445 130.6698
27 878.8175 316.674
28 385.338 924.3944
29 433.5421 136.2402
30 477.5668 55.5254
31 726.7743 525.6602
