1 530.7607 534.5488
2 171.6316 575.4342
3 377.0809 314.2879
4 606.3554 594.4788
5 587.1087 777.5994
6 123.5843 621.802
7 32.32912 467.0505
8 445.9896 378.6856
9 317.0182 327.5182
10 310.5594 535.7034
11 277.3901 461.6548
12 127.8869 761.4796
13 639.4155 377.4283
14 508.4748 274.4285
15 530.314 649.283
16 169.4095 668.7963
17 912.8313 566.4244
18 218.634 621.4676
19 399.6098 775.6352
20 676.1622 104.2259
21 699.219 339.4774
22 918.4486 503.2571
23 878.213 388.4081
24 47.2316 600.9805
25 279.1626 749.052
26 262.0841 683.7499
27 670.1496 579.8321
28 423.5956 523.1153
29 67.42751 321.3419
30 527.519 214.5937
31 446.3664 735.3801
