1 492.0181 312.9731
2 398.9246 298.1711
3 577.4482 422.9212
4 704.1138 530.3737
5 880.5517 509.9339
6 870.047 407.6695
7 232.5812 238.8072
8 603.1089 272.0231
9 32.57724 460.4561
10 645.847 559.5483
11 538.1601 864.0459
12 88.22258 705.8796
13 905.7258 475.823
14 184.5069 825.0678
15 637.3675 865.634
16 472.1408 367.1438
17 650.8916 622.1664
18 336.7227 564.5062
19 121.0009 228.1666
20 355.8547 667.9698
21 744.9525 600.6537
22 385.2673 123.7871
23 386.0156 63.40653
24 585.3683 526.0463
25 912.5216 570.8974
26 132.7254 611.9093
27 502.2367 933.717
28 696.5886 877.6882
29 915.2321 436.5347
30 231.3957 639.0201
31 836.8901 453.015
