1 918.8115 470.307
2 660.1501 629.8561
3 419.8484 483.7376
4 553.1892 736.1622
5 634.5588 91.56674
6 614.3472 589.106
7 378.926 534.6417
8 609.8109 666.2342
9 594.5671 245.6463
10 853.2793 732.679
11 492.8267 758.3543
12 437.4344 557.5122
13 438.6545 210.9479
14 33.49479 526.3779
15 625.605 781.0346
16 791.2823 740.3611
17 687.4517 768.91
18 442.4056 679.4555
19 84.72245 285.6132
20 664.7432 688.2184
21 63.58073 471.1592
22 738.4025 302.9182
23 494.4467 384.1478
24 104.7119 731.297
25 121.2349 562.6984
26 99.12869 404.7835
27 380.2666 230.2111
28 280.0728 100.8113
29 432.6382 753.0209
30 159.8487 186.1373
31 375.7738 68.46469
