1 765.7521 534.5157
2 187.8948 202.8851
3 716.9 686.876
4 727.7509 857.9016
5 384.6859 306.1725
6 270.5725 490.1894
7 684.8985 116.4369
8 541.8796 550.669
9 612.1558 583.178
10 820.1429 571.7109
11 419.1012 60.97574
12 168.2519 162.4584
13 748.9181 414.628
14 37.03107 435.6357
15 193.2079 830.8418
16 597.238 521.4216
17 138.4615 203.4178
18 896.9694 362.3575
19 65.4045 658.1683
20 280.92 538.7757
21 652.958 676.1785
22 113.7802 243.241
23 360.8035 495.4797
24 219.9062 520.5473
25 418.2865 417.127
26 213.8729 137.1016
27 131.2484 770.0023
28 809.6536 784.5654
29 736.2744 158.8159
30 152.8898 314.867
31 552.7582 929.6314
