1 518.1957 640.795
2 355.0067 71.24158
3 699.8698 877.8982
4 808.0677 788.9949
5 634.1277 580.9079
6 57.42907 625.0535
7 847.8744 258.344
8 315.098 474.5911
9 372.58 519.2516
10 762.4509 832.9488
11 765.3162 164.6409
12 301.8147 162.433
13 507.4428 133.4552
14 42.65302 399.139
15 132.9953 773.8466
16 291.0587 406.3677
17 197.3163 150.372
18 917.8104 521.1685
19 185.0388 401.2058
20 336.668 820.5653
21 320.3666 761.8735
22 114.3831 466.4463
23 266.0112 280.0023
24 75.98459 680.671
25 300.0872 101.3369
26 496.2621 55.21166
27 177.0582 478.2928
28 844.2224 739.9475
29 879.4899 316.748
30 458.9308 481.7832
31 600.1305 920.6682
