1 598.1205 212.14
2 434.3313 694.2275
3 490.8819 489.2341
4 596.9071 472.083
5 701.0031 814.3823
6 648.4336 103.3878
7 207.3185 347.3893
8 693.6686 410.8466
9 40.50564 403.5412
10 609.7344 151.0816
11 909.137 562.6673
12 157.1177 799.6233
13 722.2941 578.4331
14 575.7191 924.3314
15 102.4233 679.7766
16 171.2257 742.2124
17 710.9807 721.5361
18 267.5411 675.4386
19 104.6692 252.1711
20 333.5678 170.2923
21 551.7808 167.9716
22 589.3974 71.04828
23 300.4527 90.11084
24 518.3951 117.9555
25 821.7735 771.45
26 55.54411 634.7037
27 780.9349 814.4951
28 535.9536 536.9994
29 660.766 577.2465
30 273.9943 170.0535
31 699.4179 118.122
