1 652.1522 554.1209
2 505.1004 357.8993
3 547.4112 166.7353
4 591.8043 281.8529
5 627.7829 696.262
6 191.308 391.0686
7 429.04 272.6613
8 584.5063 550.7783
9 206.5535 299.0772
10 588.9968 120.8866
11 679.8112 111.4819
12 239.6792 866.9161
13 551.7481 232.434
14 837.1941 636.0794
15 185.5731 828.3298
16 561.6172 703.8699
17 894.4642 637.7184
18 533.0477 305.4703
19 125.3646 346.9867
20 494.4776 197.6527
21 647.6911 206.9324
22 808.3992 211.8825
23 494.7782 56.84215
24 358.0914 191.8508
25 416.3894 812.9841
26 51.5383 622.8027
27 916.852 541.7307
28 908.4902 594.4325
29 204.193 454.7058
30 424.54 61.15882
31 523.7965 106.2075
