1 473.5488 243.1817
2 530.4552 652.3038
3 578.8873 462.394
4 710.5741 471.4486
5 692.8188 878.967
6 587.3907 141.5582
7 160.7387 252.4133
8 610.27 326.2365
9 47.64835 374.8952
10 510.2995 120.9206
11 909.5044 442.2104
12 143.1537 784.7242
13 606.4894 544.0224
14 637.6038 905.4306
15 105.3465 736.4488
16 261.683 796.7889
17 710.13 822.3791
18 256.5762 547.0764
19 93.73309 267.792
20 380.0345 124.2946
21 447.6996 117.8314
22 555.4703 83.5125
23 385.2077 63.64156
24 450.3345 54.89285
25 811.4371 767.665
26 50.71576 618.0653
27 751.1859 756.5656
28 642.5856 487.8577
29 547.3464 591.1975
30 325.6908 81.0248
31 623.6371 82.85749
