1 695.3106 368.8664
2 256.463 666.9708
3 455.3299 304.6305
4 526.0868 309.4937
5 797.1833 625.1453
6 735.4778 199.6139
7 372.3875 309.8756
8 581.5001 556.9588
9 38.70137 412.0747
10 748.2605 275.3423
11 853.3251 723.9645
12 126.4557 763.4999
13 900.6479 570.1191
14 387.2253 925.5732
15 304.8266 608.5648
16 241.9003 605.0393
17 846.8603 589.1803
18 404.4178 864.8565
19 92.32401 274.7616
20 317.5043 339.9879
21 674.8802 311.7601
22 590.6227 72.62692
23 172.1472 172.7039
24 671.9908 238.0561
25 810.1462 682.6024
26 50.97742 618.7824
27 671.8283 887.7557
28 521.4161 720.0093
29 842.2719 528.9366
30 161.6299 319.4797
31 794.2689 192.3548
