1 494.1755 244.2224
2 472.1128 808.1735
3 705.2938 782.2544
4 654.7941 242.2959
5 329.6704 620.2493
6 226.3486 319.0523
7 598.8658 628.8658
8 797.4678 326.8923
9 635.4835 906.5312
10 776.1587 796.549
11 606.2941 503.9637
12 76.80284 498.1045
13 541.9093 169.9537
14 367.7497 686.6234
15 486.8111 935.3724
16 741.7887 303.9636
17 145.7204 614.9409
18 411.7664 930.2522
19 822.3325 670.8116
20 669.4103 509.1805
21 490.4511 876.204
22 353.4514 914.3705
23 688.2734 409.1737
24 754.0285 395.9569
25 291.3518 896.9781
26 165.2518 688.6226
27 313.4369 84.38724
28 29.7842 520.2912
29 95.521 716.2236
30 770.5576 622.3152
31 69.85264 663.6742
