1 658.3002 300.6241
2 269.5464 348.3996
3 378.4282 100.6534
4 507.1773 480.5192
5 572.8913 472.3995
6 32.98995 505.3786
7 311.181 518.7337
8 746.5169 358.5056
9 201.0397 149.2476
10 468.5332 163.6298
11 573.5712 186.9539
12 320.8794 907.0437
13 806.0285 206.7445
14 798.7312 324.141
15 265.4893 879.2155
16 446.4038 502.7175
17 868.1363 702.8581
18 533.5073 536.9038
19 123.49 573.8205
20 560.2325 104.2864
21 868.8108 298.5352
22 893.2727 356.1408
23 659.2532 95.24327
24 113.1135 355.556
25 174.8063 811.3424
26 42.62791 582.1385
27 892.2059 647.4806
28 754.2423 636.0922
29 48.2122 405.2381
30 532.1614 57.84092
31 460.1608 389.8908
