1 315.5664 430.3178
2 474.7921 55.78124
3 797.9516 322.5045
4 655.1365 895.9749
5 169.2147 625.6028
6 607.7467 77.30952
7 403.0008 246.3103
8 284.8094 480.4247
9 684.8393 229.1228
10 520.0779 162.3951
11 216.8977 138.0616
12 313.6396 270.8376
13 840.2748 251.0983
14 34.62015 545.5821
15 129.0111 457.2984
16 784.252 264.1936
17 269.0743 201.2666
18 762.9492 201.746
19 65.96076 661.086
20 428.6624 132.6016
21 680.6821 288.9204
22 146.1978 198.7773
23 606.4687 272.6972
24 397.4276 82.55313
25 626.151 168.9813
26 185.4088 178.6735
27 379.9707 855.1983
28 709.923 858.9953
29 484.088 113.2218
30 107.9075 242.8568
31 621.4367 704.1285
