1 594.2455 267.5868
2 399.5829 857.3853
3 770.7665 722.8329
4 652.3932 328.5545
5 238.123 657.7483
6 242.9075 423.3293
7 548.344 698.2828
8 855.5172 375.2952
9 562.5692 925.8908
10 711.684 860.2621
11 570.48 594.0947
12 115.5905 491.3579
13 636.2651 207.153
14 389.7013 787.8003
15 510.7656 899.5917
16 830.8034 314.4095
17 227.896 564.6055
18 448.8152 896.6034
19 822.7852 753.4869
20 724.8309 457.197
21 549.4166 827.1219
22 394.1295 925.924
23 786.4296 439.3952
24 795.3333 373.0298
25 320.4547 906.0056
26 100.1332 717.9904
27 332.6256 98.28208
28 34.01541 532.5703
29 67.83957 663.582
30 698.8223 568.1891
31 48.95895 609.8076
