1 414.6628 614.2829
2 618.3035 80.76971
3 482.2605 550.2363
4 452.8105 934.5458
5 323.1561 501.2732
6 43.52923 570.2477
7 376.133 538.7334
8 281.7848 413.9574
9 430.9917 509.5277
10 449.1624 179.1966
11 260.2379 881.1514
12 351.6592 645.5811
13 102.8443 558.503
14 760.4591 428.9089
15 682.874 108.876
16 187.9096 475.8401
17 858.6558 424.6798
18 186.1306 595.318
19 200.7725 148.9875
20 56.70128 637.3927
21 677.6101 368.4448
22 518.6344 59.48076
23 383.3822 475.4856
24 671.8971 740.6422
25 739.7705 140.3186
26 626.213 702.1689
27 716.885 283.3509
28 848.6434 294.0152
29 124.0448 760.7983
30 636.0639 148.9615
31 74.88441 457.9882
