1 809.6323 604.7919
2 287.0187 810.7429
3 186.732 279.0473
4 256.2721 638.8567
5 50.54356 392.2389
6 299.1844 533.9725
7 580.532 152.7343
8 364.2013 613.8585
9 305.2223 598.299
10 146.6214 200.1371
11 616.8283 197.5909
12 211.2584 415.9299
13 325.1726 143.9362
14 115.5046 405.8911
15 448.2396 934.2773
16 172.8127 544.2646
17 98.62581 487.3525
18 231.1877 838.4642
19 620.1274 606.0715
20 311.5379 904.2229
21 56.89226 531.5361
22 304.284 226.3704
23 643.3568 369.4353
24 233.399 575.7421
25 319.5455 82.06152
26 513.7276 617.3569
27 908.9727 586.8691
28 508.0217 934.6966
29 559.931 928.2862
30 759.5957 568.88
31 171.6463 343.6069
