1 355.3698 314.3408
2 404.4338 620.7183
3 689.1473 885.322
4 597.7643 293.5333
5 421.7619 716.7035
6 522.3768 935.0424
7 409.68 847.2623
8 513.3572 442.8198
9 688.0158 634.5358
10 490.3979 588.0799
11 586.1863 921.9898
12 68.44 664.7044
13 808.8662 718.6398
14 727.4866 678.9897
15 815.5632 346.9226
16 869.3578 700.9157
17 668.7396 850.6534
18 177.1257 819.1645
19 640.9735 905.9123
20 881.3132 324.1147
21 733.8437 854.1622
22 612.326 819.9762
23 908.3976 433.7579
24 580.9819 70.73715
25 405.113 515.8877
26 468.38 753.0223
27 721.4165 132.1732
28 218.9958 418.2824
29 262.8996 306.8887
30 160.8635 758.1095
31 494.5439 300.3524
