1 451.9081 335.9696
2 397.7294 129.273
3 796.3518 395.2348
4 736.5692 852.9731
5 75.07659 497.8539
6 496.6515 165.8263
7 522.6091 335.8396
8 394.1857 348.7278
9 805.4268 283.8651
10 648.1955 247.633
11 257.7924 130.3062
12 188.662 202.0081
13 831.5304 345.0505
14 46.21446 599.5572
15 193.0332 621.8815
16 769.5703 332.4663
17 136.7127 204.1996
18 789.1077 186.859
19 64.06509 655.7027
20 398.9429 258.522
21 738.1539 380.2732
22 106.4282 247.2341
23 685.0483 409.1997
24 291.8777 194.8855
25 676.9113 325.2244
26 205.2503 140.8309
27 240.4513 786.2427
28 783.7176 811.8615
29 462.89 251.8883
30 78.91134 297.5998
31 671.2743 853.5539
