1 456.0142 406.3077
2 187.7201 488.0352
3 290.2943 179.7705
4 580.3564 668.2245
5 486.7551 649.4493
6 70.00822 542.7595
7 134.3395 522.196
8 552.0492 262.0815
9 226.859 194.025
10 323.6471 362.4122
11 373.376 328.5177
12 233.4363 864.3998
13 776.9875 299.1582
14 641.4362 165.4708
15 415.8551 730.067
16 223.6331 538.9105
17 894.9739 638.0822
18 338.6461 649.8244
19 288.5814 691.0671
20 568.3576 65.3909
21 841.6266 301.123
22 914.7284 446.395
23 830.0262 239.9962
24 32.00649 492.1666
25 188.8043 816.0412
26 130.1144 597.4178
27 714.6871 671.7269
28 549.117 584.5218
29 48.49898 372.2225
30 611.6629 107.0886
31 422.214 629.8493
