1 632.623 467.534
2 216.2242 562.6994
3 447.2783 200.26
4 631.3556 282.7829
5 820.4517 516.7001
6 797.8773 301.3215
7 380.8587 205.4946
8 478.9528 513.7667
9 31.85984 465.6392
10 811.2218 362.6301
11 755.2774 761.1009
12 105.8017 735.5977
13 915.9146 524.5829
14 362.6098 919.4793
15 398.0692 606.824
16 257.4592 521.1576
17 907.4156 598.0089
18 408.6492 870.2091
19 116.7656 234.0681
20 338.2967 433.4155
21 661.8868 416.3198
22 529.2289 60.54633
23 237.1811 123.4344
24 735.8493 323.5721
25 832.2417 587.0679
26 61.56293 648.671
27 589.0568 920.6522
28 544.0373 832.6492
29 887.1759 447.3003
30 104.5324 418.315
31 851.7759 294.5491
