1 512.7591 447.5207
2 546.7444 62.12816
3 663.09 623.3424
4 606.7049 916.7944
5 149.9378 360.4752
6 114.1519 425.0394
7 268.1583 309.6315
8 504.6367 289.7392
9 532.8702 344.6269
10 705.6319 175.4918
11 265.0773 884.3787
12 378.5836 400.4506
13 376.8235 585.3788
14 892.2302 653.0957
15 789.6286 188.0361
16 327.0334 285.6079
17 844.3097 253.2354
18 260.9825 368.0071
19 77.31685 301.2631
20 80.07937 693.2677
21 780.6359 571.9806
22 477.2739 121.2625
23 381.2274 316.9364
24 847.3736 609.3878
25 841.8046 328.3049
26 544.2114 927.0466
27 774.2372 488.582
28 898.5946 368.2589
29 265.9446 642.638
30 790.7211 293.7155
31 33.62257 517.6312
