1 551.5963 649.5992
2 393.4647 481.0882
3 707.8227 822.844
4 348.4105 414.5156
5 179.0863 529.0895
6 156.9364 197.3969
7 914.9019 438.3561
8 638.1704 615.6791
9 726.6358 674.0467
10 914.8279 555.5465
11 673.4175 102.3917
12 143.1261 588.3922
13 289.5187 95.62814
14 52.68586 361.5476
15 645.4955 815.6006
16 359.0016 355.3425
17 203.0688 583.7277
18 678.5559 883.4575
19 763.2286 236.216
20 603.5475 887.543
21 339.4007 509.1023
22 94.04088 713.8914
23 189.7552 423.2385
24 308.786 454.4407
25 248.5788 447.641
26 460.1818 354.592
27 202.5106 149.545
28 336.6775 271.3418
29 483.4002 668.1317
30 869.0514 695.4599
31 390.8718 926.8618
