1 395.875 475.5393
2 583.4258 434.4749
3 208.2855 519.2649
4 145.4905 789.4883
5 515.8133 890.7641
6 33.67133 486.8027
7 319.5906 243.0552
8 254.3253 599.0263
9 72.55546 441.9757
10 31.69339 556.1568
11 168.1687 174.4803
12 163.8873 453.7785
13 534.3005 477.7693
14 342.7225 355.7827
15 75.14677 533.2137
16 447.596 439.0612
17 632.4847 479.5073
18 495.949 313.8675
19 159.1597 606.8305
20 205.3114 796.7988
21 640.4017 413.1251
22 577.5391 502.9475
23 669.995 283.2181
24 130.5353 220.8657
25 454.5978 248.9359
26 851.8129 325.0325
27 905.2427 617.1883
28 809.9473 785.0109
29 701.1768 118.8648
30 138.0825 281.8047
31 180.1152 739.5423
