1 713.8478 344.3096
2 331.2534 331.8939
3 442.4476 119.4469
4 508.8989 439.7202
5 619.5654 488.0833
6 37.74733 442.8003
7 359.9141 479.1655
8 756.782 417.7062
9 200.1559 149.5092
10 505.6752 118.216
11 621.1308 136.005
12 299.9944 898.7348
13 767.2668 169.6321
14 809.8064 391.7989
15 221.8081 855.4297
16 507.6721 505.0974
17 879.0526 681.3633
18 559.1623 474.2573
19 87.83158 529.0348
20 557.351 129.1544
21 846.6743 261.2823
22 875.1267 314.029
23 595.4328 72.8005
24 162.7555 318.9166
25 221.0432 790.2958
26 37.78126 567.5917
27 905.367 616.2704
28 812.3669 626.1069
29 96.75361 431.1351
30 519.3007 57.79265
31 483.3755 329.6533
