1 502.0234 449.3625
2 321.4181 81.83211
3 654.2731 899.6116
4 698.9502 700.6471
5 561.8609 756.6813
6 193.773 551.9313
7 893.2271 348.4778
8 349.2092 315.7767
9 458.9519 363.6114
10 668.7704 801.2109
11 866.3804 291.486
12 232.2033 290.5999
13 378.8537 69.64734
14 60.56669 339.925
15 89.42848 708.8835
16 210.1594 375.6858
17 159.1516 188.6242
18 904.9416 613.5464
19 284.46 309.0942
20 451.2535 853.3734
21 177.3799 727.8155
22 102.8892 568.7396
23 399.9434 351.6569
24 34.18631 553.8187
25 194.9433 242.1337
26 441.8028 57.31642
27 122.7989 389.4958
28 736.8543 654.8913
29 915.4954 463.8433
30 615.3901 535.4987
31 574.7028 923.059
