1 917.5877 544.8259
2 270.9646 884.1587
3 446.2043 271.4518
4 78.71258 687.2462
5 144.3015 198.6472
6 74.0334 296.067
7 628.1111 85.26061
8 530.1589 375.5008
9 120.1362 303.5742
10 402.1036 314.9403
11 669.3539 102.4816
12 421.7721 489.5977
13 221.9669 379.4458
14 113.5022 242.3028
15 482.1438 503.7541
16 470.3762 382.5084
17 161.7045 353.4281
18 85.35226 625.3371
19 879.4659 674.8693
20 346.4525 916.3829
21 306.5358 231.4967
22 679.0044 157.9535
23 901.0472 413.9155
24 31.82002 508.2042
25 364.7606 264.1178
26 894.6746 612.5979
27 920.8912 482.5677
28 607.0537 914.5195
29 670.1088 891.5676
30 617.1978 587.1983
31 589.169 337.2645
