1 306.6035 901.9086
2 625.9829 397.8728
3 282.8756 414.081
4 337.4361 564.1794
5 914.0509 549.2082
6 545.6222 460.4952
7 667.9014 100.5464
8 668.7176 653.4126
9 366.4995 922.0698
10 227.4508 376.7214
11 660.1105 213.3674
12 368.0391 480.6866
13 45.51467 601.6159
14 766.3895 679.9262
15 607.9486 541.0262
16 469.975 808.7706
17 413.1551 660.4085
18 517.7893 406.0785
19 857.2411 692.1766
20 787.3706 791.2275
21 880.3163 318.5726
22 85.95709 704.9708
23 696.6894 533.5825
24 34.7909 460.203
25 393.3804 535.5333
26 228.8914 277.6568
27 855.4077 270.4752
28 557.5396 894.9777
29 461.8085 323.9431
30 646.567 154.1505
31 882.7856 634.5686
