1 414.744 343.1748
2 418.1309 103.1788
3 800.917 369.2969
4 716.0878 867.0056
5 78.2255 535.4077
6 525.8718 136.6416
7 488.8342 324.9514
8 360.0518 367.097
9 805.0357 256.9555
10 623.5039 223.5856
11 250.9031 119.1043
12 207.4121 224.5338
13 846.0683 316.7034
14 43.70433 590.9499
15 182.854 585.4461
16 785.548 312.4312
17 152.1453 205.3252
18 796.4836 191.9142
19 62.90233 653.0502
20 401.7768 231.5957
21 741.2571 350.4521
22 111.6444 239.2928
23 684.1286 379.7316
24 314.4737 171.049
25 670.4233 290.5716
26 196.8171 144.8177
27 274.2897 797.1319
28 765.9541 827.5062
29 462.4374 218.4807
30 85.09835 292.1827
31 668.1803 820.1779
