1 775.3772 773.4129
2 615.9686 913.4567
3 30.54803 500.6027
4 137.608 730.0045
5 867.4002 295.9213
6 409.4974 106.7297
7 624.1001 440.3126
8 567.2296 928.395
9 791.6213 714.3534
10 114.3829 672.31
11 331.886 911.6454
12 270.141 645.8621
13 68.04344 319.0564
14 748.3769 493.3377
15 632.2611 109.0085
16 662.911 839.2951
17 715.2579 801.3225
18 153.6201 792.7777
19 567.6727 112.4013
20 680.7384 455.1259
21 900.104 375.1204
22 720.6648 744.8083
23 727.1938 389.263
24 125.634 225.4696
25 164.7532 272.9416
26 589.6942 649.8341
27 171.4165 190.2856
28 144.003 336.3235
29 661.6347 896.0145
30 841.7342 389.1507
31 707.8134 328.4978
