1 603.6697 285.9623
2 224.8997 372.2306
3 326.6511 95.76442
4 500.346 526.4775
5 540.3487 483.2834
6 30.81159 511.6727
7 265.3132 532.238
8 721.3822 315.6187
9 220.8516 133.2559
10 437.0878 205.0834
11 529.8672 222.3465
12 341.1234 915.2481
13 834.5216 241.0576
14 780.6062 275.3447
15 286.5659 880.6701
16 393.8939 496.2637
17 858.5845 720.5801
18 507.9547 588.6716
19 152.5717 609.2308
20 529.2961 97.10877
21 881.4569 322.6143
22 903.3074 388.0858
23 708.1075 122.5465
24 103.089 379.7146
25 151.2025 793.9083
26 41.59627 574.537
27 876.559 657.6709
28 707.812 638.365
29 43.88879 394.6388
30 523.1875 50.71372
31 448.065 442.1627
