1 710.2704 124.038
2 588.984 72.20625
3 356.6683 336.105
4 345.6974 448.3246
5 461.8893 613.37
6 437.7965 556.3617
7 554.7719 216.5423
8 487.1148 512.3416
9 135.2731 459.5772
10 611.0984 255.412
11 339.1983 792.0263
12 50.13309 615.0837
13 769.2638 228.6211
14 199.3457 705.8841
15 286.3543 829.8163
16 834.763 235.958
17 539.0389 423.0533
18 116.3044 576.6974
19 181.3111 500.3014
20 339.6696 869.1402
21 909.9565 581.9725
22 124.3341 229.3706
23 164.9704 180.3447
24 623.8652 715.1271
25 659.1187 628.788
26 597.9534 788.4671
27 254.4491 875.245
28 566.7085 926.3291
29 820.8803 724.4626
30 608.5561 882.6618
31 426.6657 494.0849
