1 614.1679 689.5657
2 241.8249 618.1189
3 295.2182 472.3285
4 415.9277 556.3028
5 157.5085 544.6181
6 549.7251 582.5066
7 459.2146 309.8156
8 499.4156 785.3408
9 378.1383 779.7307
10 243.2165 122.9075
11 721.0177 405.9179
12 180.7143 600.332
13 532.6067 240.8533
14 285.0719 339.628
15 430.093 934.006
16 185.2573 772.3414
17 118.2377 597.9652
18 332.0083 661.0269
19 424.5485 661.4147
20 286.451 892.9922
21 62.9493 602.8507
22 342.9686 410.7074
23 792.2738 486.7204
24 414.244 496.6707
25 245.7862 263.3418
26 436.5071 762.0427
27 917.5033 450.2386
28 476.395 935.1813
29 521.8658 933.4305
30 763.9995 352.5283
31 38.1374 423.7637
