1 484.4551 346.5146
2 376.1788 324.9873
3 589.2832 391.1902
4 723.3694 500.573
5 886.1678 496.2711
6 887.7124 372.6415
7 230.0325 206.0844
8 565.8802 270.6835
9 31.88599 474.1309
10 669.6904 560.434
11 576.9284 871.3638
12 89.71935 708.9407
13 902.2934 457.8188
14 204.4878 842.1466
15 630.2727 825.8684
16 439.3626 389.4787
17 678.6324 630.8469
18 368.3087 582.5674
19 110.5154 243.9476
20 345.1205 644.8456
21 728.3231 591.1692
22 399.4392 122.7214
23 388.3007 64.16544
24 616.3362 515.7154
25 919.0563 545.4723
26 92.36312 607.631
27 525.0846 932.4094
28 668.0251 892.192
29 914.1651 418.003
30 209.5904 613.9756
31 853.1546 423.8796
