1 489.1556 443.5758
2 552.4963 63.89227
3 656.7728 603.3454
4 605.4781 915.1196
5 170.5001 372.1798
6 93.04671 439.0812
7 265.3707 330.0339
8 482.9204 287.5588
9 510.1166 344.1618
10 689.5563 159.9327
11 262.5417 880.4377
12 361.6244 411.078
13 359.0595 572.1484
14 891.904 634.4834
15 793.6094 193.1116
16 318.7198 296.1496
17 851.4959 261.9479
18 264.0533 391.6974
19 85.15232 284.001
20 76.3484 685.5803
21 780.3712 552.8
22 472.7549 101.305
23 370.2184 331.9828
24 828.4196 614.1506
25 831.8098 313.0457
26 543.4254 925.5276
27 764.2341 473.8832
28 899.8829 371.4612
29 257.5862 661.6512
30 780.7719 280.848
31 33.69586 509.0896
