1 406.0635 462.278
2 554.4726 63.03957
3 613.6925 546.0142
4 563.2825 928.1519
5 224.4188 401.0598
6 58.87502 466.6315
7 283.4579 404.1025
8 407.4209 300.9109
9 431.3636 368.3311
10 612.9267 126.4548
11 275.738 889.447
12 338.581 474.9758
13 295.692 532.7154
14 865.4908 560.4739
15 765.8126 164.7672
16 278.8685 336.3
17 862.3177 288.1528
18 276.1388 470.7205
19 120.9998 230.5336
20 62.12757 654.6561
21 765.3126 487.352
22 449.9377 56.63642
23 342.5443 378.8543
24 772.7433 646.8078
25 804.7828 262.5892
26 553.6799 858.0779
27 735.9312 418.9492
28 896.0583 360.1963
29 219.3447 725.4867
30 754.1577 224.3666
31 28.00788 517.5945
