1 409.0071 287.7716
2 536.3957 753.6777
3 692.5819 820.6876
4 610.5998 172.8705
5 398.4046 556.0768
6 230.2972 216.9414
7 668.4055 614.6197
8 718.1967 323.2001
9 692.383 881.4744
10 781.823 712.435
11 616.3202 428.411
12 46.06067 554.0794
13 456.9336 135.1206
14 358.942 604.6306
15 507.3158 934.2407
16 664.7089 286.1415
17 94.74431 647.1564
18 439.7923 931.5538
19 857.5846 612.3058
20 641.8453 560.0325
21 426.3112 866.061
22 350.9557 883.522
23 603.1432 367.2962
24 686.0539 409.7932
25 322.8113 828.1026
26 239.1259 631.9272
27 340.7034 75.22628
28 26.06305 504.2533
29 118.5329 760.6882
30 801.4985 654.4526
31 92.1378 707.8278
