1 494.8268 519.3753
2 314.836 83.38732
3 693.5908 880.0847
4 743.5406 739.9534
5 598.7037 700.5509
6 143.0398 581.8211
7 869.9812 298.2458
8 312.4919 363.9835
9 415.316 413.1753
10 692.2063 821.0907
11 837.0856 246.0735
12 258.1099 253.2017
13 432.3058 65.40542
14 69.9445 318.4573
15 117.7143 750.471
16 237.9254 393.7514
17 195.688 153.7886
18 911.4075 573.1028
19 253.8396 333.5631
20 399.2587 836.7305
21 226.0709 766.6295
22 117.4305 512.4635
23 375.0677 315.9465
24 46.79883 606.4981
25 233.836 197.1445
26 494.6708 56.18142
27 129.4783 447.4287
28 781.7589 693.8299
29 907.3384 403.6688
30 556.4654 516.5271
31 610.8788 914.7535
