1 294.9052 876.0653
2 665.2516 769.125
3 226.1435 693.6638
4 105.8586 673.0731
5 787.3689 449.0482
6 846.223 657.3101
7 806.5659 201.9368
8 333.5847 792.7752
9 449.2874 932.911
10 153.9197 417.611
11 604.3844 751.1092
12 325.103 643.3095
13 184.1966 591.0593
14 852.0119 734.676
15 452.4492 595.7242
16 769.9454 826.2308
17 812.152 777.009
18 635.5681 604.5081
19 699.9193 436.0759
20 905.117 510.4201
21 757.9381 158.9976
22 213.6508 849.6729
23 853.9536 427.8867
24 37.04162 539.1971
25 430.6452 785.2215
26 46.53296 386.5333
27 623.5583 80.36659
28 694.298 550.7211
29 495.4817 799.3223
30 838.7085 488.7165
31 752.4906 403.3058
