1 554.8683 67.3576
2 738.5658 859.7927
3 151.4265 296.3662
4 187.9642 828.0482
5 355.1912 793.2853
6 653.8254 400.1197
7 629.507 82.04946
8 591.106 574.276
9 109.5279 244.1829
10 290.1892 895.1046
11 746.3663 817.5005
12 217.2047 263.6404
13 288.258 784.4569
14 910.8917 423.6154
15 247.2235 117.0478
16 579.0413 434.8699
17 269.9895 833.482
18 309.0673 208.1883
19 488.7122 68.5551
20 543.6236 200.0169
21 297.6629 92.17749
22 476.7521 177.5066
23 361.2076 68.4017
24 520.7452 884.6373
25 418.1735 204.804
26 740.8488 538.0598
27 684.9007 851.9757
28 653.1175 900.7307
29 390.5776 926.8444
30 143.167 784.5664
31 494.7596 349.8202
