1 312.7874 613.3335
2 559.9654 64.23322
3 209.0647 719.6194
4 170.9634 812.8237
5 809.9296 399.5377
6 96.03548 267.1185
7 467.5362 159.2142
8 456.0207 888.5714
9 294.7778 707.0814
10 237.3885 563.6324
11 611.0161 160.5884
12 366.8524 699.0145
13 202.4918 600.9479
14 554.9467 223.2168
15 264.1118 146.5438
16 264.098 881.0512
17 227.8992 824.4165
18 661.9016 95.55666
19 519.4707 876.9975
20 515.5745 933.9348
21 897.591 365.2871
22 167.9188 629.1006
23 896.8178 637.7565
24 53.56512 360.0618
25 251.1091 762.7991
26 440.0406 56.70107
27 878.9684 314.6831
28 298.1472 805.3319
29 412.266 109.1345
30 496.4783 55.76381
31 490.52 450.0524
