1 695.9061 813.0223
2 709.8767 868.2309
3 102.9636 529.8785
4 226.1892 573.8221
5 863.0867 551.3876
6 389.2841 63.08481
7 393.2482 508.2751
8 469.241 774.9271
9 906.4351 600.8618
10 405.3768 561.7331
11 167.7419 809.1682
12 314.9729 398.9948
13 34.39165 440.0746
14 703.2342 192.6394
15 830.9923 233.1189
16 535.3151 617.4133
17 810.1014 693.8046
18 268.5633 622.544
19 367.9329 247.0298
20 482.7987 572.6056
21 744.4735 528.9823
22 869.2622 699.9505
23 394.4532 444.5862
24 38.914 390.6491
25 433.4684 301.4804
26 838.7383 754.5349
27 81.61557 403.7863
28 28.53286 491.5498
29 756.5849 834.9648
30 768.3922 221.4542
31 418.9707 381.6062
