1 400.5957 506.5753
2 576.2234 426.8863
3 222.26 496.7116
4 145.8028 789.6825
5 508.0349 863.3401
6 34.1089 470.3652
7 296.0295 228.1717
8 285.1544 603.9518
9 69.14751 423.0593
10 32.45526 561.6908
11 159.9003 182.3588
12 179.8113 431.5707
13 530.593 474.7324
14 326.1579 329.5536
15 69.09706 526.1411
16 442.6601 464.2859
17 614.7298 483.5078
18 525.8788 321.5083
19 183.2342 615.5114
20 207.5342 797.2795
21 637.4372 416.9092
22 560.6728 510.1112
23 697.9548 300.2681
24 122.6445 229.2164
25 469.3623 273.8644
26 826.9143 309.639
27 908.4524 600.6652
28 807.7052 789.783
29 679.9113 106.4005
30 163.1215 294.6011
31 179.7896 741.0989
