1 729.1557 796.7274
2 688.3875 881.765
3 57.78889 517.717
4 174.1958 594.0554
5 888.4432 503.8551
6 346.2013 74.09512
7 431.0749 505.0435
8 477.345 831.1792
9 894.6643 644.2555
10 350.9553 572.7449
11 209.3161 841.7903
12 265.8974 427.2725
13 39.19622 419.5008
14 713.1715 237.2696
15 828.1519 230.6071
16 531.1855 674.1705
17 809.671 681.8856
18 217.6625 638.9135
19 409.3872 222.0319
20 494.1378 527.3256
21 785.1954 500.5699
22 870.9714 697.9666
23 458.6529 446.9145
24 48.37924 364.7598
25 386.7603 286.3246
26 832.35 743.9762
27 91.17631 368.8478
28 26.90847 478.8814
29 728.9491 857.2216
30 769.7485 249.1679
31 467.7578 387.1183
