1 359.3813 600.583
2 537.5574 58.72202
3 402.6124 554.4492
4 548.2406 929.9851
5 510.5044 315.2799
6 589.9047 76.14099
7 509.3412 87.25593
8 480.7649 531.9532
9 444.9794 702.7518
10 381.9778 495.1259
11 452.1379 321.0083
12 305.0535 521.1338
13 840.3411 672.5822
14 494.153 809.3395
15 279.7953 240.9841
16 640.5471 87.1108
17 497.2581 126.2502
18 211.8194 403.6286
19 92.30706 272.4074
20 346.3697 438.4453
21 483.1586 749.9823
22 223.9298 188.6221
23 581.1106 689.133
24 845.4635 356.0836
25 522.8844 655.8765
26 297.9761 606.7582
27 818.4392 774.838
28 727.636 241.7137
29 368.5377 198.4673
30 458.6836 398.1651
31 39.77182 566.8547
