1 511.5911 436.7794
2 484.956 57.90516
3 508.7615 362.5764
4 457.2235 934.1382
5 577.8804 632.9739
6 545.121 57.18779
7 420.9691 59.05704
8 562.1478 572.8345
9 321.4053 444.0495
10 287.7767 275.8401
11 269.6471 112.366
12 229.6613 280.8115
13 889.1883 388.3972
14 211.1684 623.1781
15 124.4032 222.9879
16 763.8497 165.0614
17 360.2062 68.59264
18 448.9849 390.425
19 110.6837 560.5732
20 496.4225 284.9844
21 370.3248 479.6769
22 197.5509 151.7927
23 325.5575 533.519
24 598.0355 208.5593
25 385.7935 421.9557
26 456.7795 329.8749
27 657.9218 896.6651
28 561.3114 491.1055
29 528.1491 95.89095
30 187.3396 237.0233
31 228.1624 527.7936
