1 662.0356 781.2973
2 720.1221 861.8852
3 174.9125 563.5551
4 306.56 563.4067
5 861.3328 578.8775
6 453.1395 55.50479
7 405.8243 559.232
8 499.5223 702.0846
9 915.4259 553.4929
10 465.5091 550.0272
11 115.6976 745.0254
12 387.3418 398.3376
13 34.10497 443.8551
14 636.2766 137.7513
15 871.2199 298.5191
16 533.4274 570.4716
17 808.8933 701.5902
18 338.1203 617.9162
19 307.1388 282.815
20 479.9153 611.2859
21 681.4495 562.2935
22 868.4263 700.2583
23 335.4588 431.0561
24 39.81967 398.691
25 484.4884 335.3855
26 835.5924 756.0075
27 81.69418 375.3535
28 31.18722 500.7528
29 731.6387 793.2986
30 699.0547 211.0691
31 418.0286 328.2313
