1 448.1001 656.7972
2 614.9172 78.76751
3 463.446 599.5269
4 448.6975 933.1009
5 357.3759 521.2282
6 37.07627 547.4171
7 410.8209 562.7386
8 263.8229 460.4607
9 470.4323 534.336
10 411.2524 219.4816
11 232.6955 863.4326
12 385.373 682.4432
13 92.46091 529.3276
14 716.2704 400.7016
15 673.7623 101.2529
16 170.2993 524.0204
17 887.6758 462.6789
18 136.5684 623.7199
19 194.641 154.3172
20 49.6569 618.0631
21 641.956 343.2132
22 529.7617 60.4302
23 420.4482 501.0988
24 639.4024 771.5625
25 727.3671 134.6299
26 640.8537 652.5775
27 721.085 246.0362
28 822.7832 253.4629
29 121.9317 762.6195
30 589.0365 136.5766
31 103.5026 415.0729
