1 769.9551 771.9527
2 614.6674 914.6835
3 31.21236 498.5445
4 142.9456 725.9504
5 863.0529 288.8862
6 417.1414 108.5005
7 629.454 436.8538
8 566.8273 928.5013
9 786.5252 709.4187
10 108.1857 674.6939
11 324.9268 909.8608
12 275.616 650.2128
13 70.49621 316.081
14 751.3296 499.1227
15 633.1804 103.1952
16 665.2625 839.443
17 719.4167 803.7624
18 155.9413 789.603
19 568.5919 107.2506
20 685.6776 452.1656
21 899.5256 370.4505
22 714.0648 746.0794
23 734.0573 386.1534
24 129.4398 220.8467
25 163.5151 269.6856
26 582.8132 647.5582
27 173.7826 184.1158
28 147.6807 336.3913
29 660.1485 896.4183
30 845.5024 394.3961
31 713.1752 324.9919
