1 283.9505 387.6221
2 669.9467 491.2634
3 121.7549 643.1235
4 164.6628 808.7596
5 497.7325 934.1972
6 35.85391 482.9461
7 395.0754 365.4334
8 131.1298 705.9095
9 104.2068 564.612
10 44.77472 531.8376
11 185.3064 193.9045
12 159.1177 597.4274
13 611.2113 527.7484
14 473.2884 409.1641
15 41.46583 573.9878
16 452.1602 292.0022
17 783.196 459.139
18 366.2079 245.4432
19 64.04997 658.3486
20 198.3824 690.2355
21 714.786 452.947
22 729.7145 518.196
23 513.6244 279.307
24 234.1317 235.4655
25 331.1858 145.123
26 917.5382 459.2559
27 872.772 695.5326
28 845.9612 738.9822
29 798.9042 199.6994
30 80.5757 295.1652
31 184.6991 742.8354
