1 793.2264 808.0684
2 631.326 906.7456
3 33.08642 490.3817
4 102.3078 697.4718
5 903.6189 378.3136
6 274.0607 102.5201
7 535.41 471.8383
8 573.0973 918.6579
9 866.9935 707.7888
10 227.4733 614.2227
11 310.3486 901.1727
12 219.224 542.6124
13 57.54035 347.5341
14 721.5713 373.8866
15 709.4218 155.1745
16 583.2275 805.5704
17 780.6118 714.467
18 122.1539 756.2351
19 522.7141 174.323
20 591.3849 490.5785
21 871.9379 430.6997
22 824.7433 751.4424
23 603.0865 428.4607
24 78.56672 293.5447
25 247.8065 277.8501
26 713.0687 692.8025
27 131.8686 279.6483
28 88.48062 401.914
29 674.4432 889.591
30 856.1004 332.091
31 598.6953 365.5515
