1 584.9413 807.6785
2 564.119 922.9602
3 31.6636 520.1892
4 323.8599 656.2653
5 726.4122 132.3081
6 608.9664 237.2343
7 787.8248 352.6504
8 518.282 867.716
9 613.1834 751.8641
10 60.90657 645.7568
11 397.5775 925.8442
12 450.267 669.0769
13 86.99121 284.0162
14 824.9465 688.2969
15 570.5579 73.14881
16 744.4227 845.4219
17 791.4884 807.3024
18 326.1212 754.655
19 511.4039 56.25468
20 830.9366 390.9603
21 858.4546 279.419
22 580.2837 865.8247
23 822.6971 226.7541
24 120.9051 228.6128
25 146.3704 435.8381
26 374.9676 613.8838
27 284.6132 97.33467
28 331.6576 284.4544
29 616.6292 913.458
30 914.6962 534.8479
31 774.2417 176.2372
