1 677.9059 105.033
2 616.4164 112.5224
3 382.4975 494.7103
4 456.3868 574.9371
5 658.0228 620.8937
6 617.5641 564.7114
7 473.5809 334.7144
8 649.0209 500.9889
9 42.70533 397.1516
10 527.0545 408.6917
11 315.0435 838.8982
12 63.81277 652.883
13 777.1193 396.4591
14 110.8952 740.4035
15 429.9297 866.4878
16 689.8268 183.8215
17 450.9888 509.6856
18 39.51354 462.5476
19 100.1802 418.152
20 336.243 897.9752
21 912.4217 569.1377
22 192.6083 294.5211
23 186.436 224.7958
24 504.4082 629.2783
25 804.0224 716.0001
26 457.7633 696.2723
27 273.6122 887.1435
28 643.2257 901.1777
29 861.7087 602.6257
30 468.1643 816.3305
31 575.6076 515.966
