1 744.1674 445.6158
2 425.7846 318.4009
3 531.8666 157.1721
4 515.0924 345.5939
5 643.8765 545.4479
6 117.0541 413.6157
7 397.3228 391.371
8 713.458 500.8959
9 223.9979 156.4134
10 564.3591 118.8285
11 611.9893 81.79764
12 277.1124 888.0239
13 670.5436 164.7925
14 838.0663 495.5531
15 190.5869 832.4354
16 557.7954 572.8124
17 898.5915 629.8874
18 580.063 429.4203
19 60.4617 443.389
20 584.8553 188.0357
21 768.2372 250.4405
22 851.7138 267.7422
23 550.6017 60.70388
24 246.0202 268.4458
25 264.2516 821.1747
26 41.64844 575.4595
27 917.6885 541.4805
28 883.8007 585.3963
29 132.7346 478.666
30 500.8627 99.98535
31 493.5073 226.8266
