1 742.2936 460.0362
2 438.2719 319.9189
3 538.8552 158.3922
4 520.8328 333.6623
5 646.5779 559.4422
6 119.404 414.745
7 399.3007 377.5352
8 704.5803 511.8649
9 228.019 170.8573
10 567.2675 119.1993
11 611.4233 78.68236
12 275.3933 887.1864
13 657.2368 168.8352
14 841.2069 510.452
15 190.5936 831.444
16 560.0258 586.7783
17 900.362 625.7507
18 577.1683 415.839
19 65.29194 430.391
20 582.3965 197.5103
21 755.001 247.9597
22 847.0244 260.1015
23 550.1913 61.00803
24 257.668 260.6846
25 278.81 819.675
26 46.01563 590.8036
27 918.9449 535.4577
28 887.3377 582.7333
29 139.2114 479.1782
30 502.8485 101.9507
31 494.2242 210.9345
