1 433.4987 310.7306
2 564.9905 610.2046
3 616.1701 402.372
4 759.1802 424.7012
5 685.2596 886.4608
6 527.8336 202.2063
7 184.3892 191.2862
8 537.1431 323.6589
9 56.29957 345.4929
10 503.6681 95.84032
11 896.8702 373.3724
12 167.5311 809.6619
13 557.583 489.746
14 628.3078 905.1727
15 122.8176 761.338
16 329.782 822.7856
17 754.1238 835.945
18 280.9605 477.6277
19 109.4382 244.207
20 381.3068 121.1478
21 444.3942 112.6992
22 558.7278 146.8593
23 395.2205 62.8677
24 459.0957 49.2345
25 744.8362 770.5373
26 54.32029 631.7788
27 738.1872 692.2044
28 711.367 483.9671
29 481.1579 591.0661
30 337.8705 76.47865
31 567.9673 65.98391
