1 161.1478 424.8166
2 781.1496 562.0385
3 82.67211 696.759
4 149.7891 794.8463
5 464.9307 933.9166
6 53.21044 462.9682
7 404.6232 494.6574
8 146.8549 731.9103
9 139.0246 657.8844
10 114.473 471.4028
11 178.7285 366.3408
12 238.6858 608.2034
13 678.0382 645.0893
14 621.5713 402.5065
15 33.02106 520.2282
16 419.8989 160.627
17 847.0817 350.7798
18 265.6542 145.9887
19 59.28821 642.8305
20 198.6488 655.4781
21 810.7375 457.4921
22 863.934 485.4489
23 392.9362 326.2352
24 364.3093 252.1815
25 204.1411 143.1335
26 916.8063 546.4588
27 860.108 719.8467
28 830.8349 762.2851
29 867.1355 288.9967
30 68.99447 317.8231
31 279.7821 659.571
