1 650.0096 452.8703
2 219.9189 583.5359
3 443.4265 216.3797
4 611.7471 281.2659
5 812.5119 535.5601
6 784.843 288.0155
7 379.869 225.1265
8 494.1142 528.2768
9 31.6833 467.995
10 803.4147 344.9579
11 775.7456 750.0783
12 109.4343 741.1213
13 916.2163 531.224
14 367.378 920.9702
15 374.6298 602.8155
16 258.4133 540.7544
17 904.7521 594.3523
18 409.5091 880.9503
19 115.0497 235.458
20 337.514 415.4409
21 665.6293 394.7027
22 539.6852 63.14914
23 218.8162 134.9156
24 725.4976 304.9328
25 827.6409 607.8954
26 59.25767 640.8173
27 605.4709 914.9625
28 536.4299 813.1702
29 879.4055 465.4666
30 111.6002 399.6632
31 843.8766 274.0063
