1 325.2336 410.1262
2 472.2512 55.26206
3 802.6845 331.2391
4 659.2818 896.0371
5 149.0447 614.7477
6 594.4226 74.32739
7 412.6728 262.6986
8 289.4043 456.8945
9 709.0812 229.9873
10 534.6766 160.7253
11 218.7862 134.6625
12 292.4414 272.0674
13 842.8742 254.7011
14 39.4689 560.3028
15 140.1198 478.5386
16 788.3997 272.2577
17 249.8984 204.3108
18 781.861 209.5187
19 65.30274 659.0199
20 426.1389 148.5497
21 697.4555 291.2172
22 146.15 197.7725
23 625.1736 287.2715
24 382.4705 97.59284
25 632.6768 189.0086
26 185.6099 173.4971
27 363.7824 844.5741
28 714.8323 863.9526
29 473.4726 113.4455
30 107.7986 243.9785
31 630.1716 722.586
