1 470.4535 448.7306
2 483.5041 56.08317
3 500.1217 393.203
4 514.0749 934.0785
5 595.8613 538.0119
6 536.3275 56.21489
7 447.4389 57.68285
8 561.1953 484.5745
9 329.0141 534.7072
10 323.6242 365.5101
11 365.2721 103.5783
12 227.9626 371.4681
13 912.6294 472.6856
14 303.7941 647.7771
15 165.1221 179.7037
16 754.9388 155.3281
17 402.0881 60.57999
18 392.569 449.2343
19 102.3036 475.9407
20 448.2838 343.6905
21 384.2447 570.5601
22 212.4578 140.8583
23 362.208 626.0219
24 670.9932 252.7253
25 385.2622 510.8958
26 426.6997 401.6435
27 707.746 871.1232
28 578.4434 398.27
29 503.7251 109.0384
30 280.4513 265.1305
31 150.4433 515.8013
