1 453.605 467.2178
2 500.7306 57.20969
3 483.5952 411.8516
4 549.9128 929.6353
5 583.7683 484.3655
6 550.3473 57.50954
7 466.0246 55.30795
8 532.5869 450.9485
9 343.9392 589.6697
10 357.8857 393.9264
11 400.5095 128.7073
12 260.5103 417.3388
13 915.3689 523.2912
14 348.5363 680.4475
15 192.8944 157.2707
16 723.1847 132.1968
17 423.6193 55.79216
18 336.5192 466.6797
19 96.92538 424.026
20 421.649 380.2101
21 395.1185 619.0957
22 244.2653 119.8984
23 409.9938 677.4382
24 715.6633 275.8298
25 402.9687 554.064
26 397.8944 440.9451
27 732.8667 854.5338
28 595.6114 345.1545
29 470.1517 117.6494
30 328.8253 296.4298
31 92.69486 518.93
