1 493.4286 327.6119
2 171.7946 462.8002
3 265.4432 117.3934
4 529.3914 620.915
5 488.6221 568.6562
6 60.66281 515.3922
7 165.2675 524.6588
8 631.371 258.647
9 206.3205 143.424
10 370.3679 289.1671
11 430.819 277.3325
12 267.5622 883.7557
13 836.4922 255.6213
14 705.0889 201.842
15 362.3061 798.234
16 287.6002 511.3541
17 870.6767 691.7086
18 408.9769 647.1551
19 232.3917 662.8737
20 525.4434 71.17402
21 876.7483 309.3491
22 911.0436 419.7163
23 783.4291 180.7105
24 76.83493 453.4814
25 176.1243 817.7396
26 46.78981 576.4461
27 790.6329 670.1379
28 608.5909 618.4237
29 60.04202 335.3422
30 569.8999 60.25539
31 433.8149 549.2199
