1 697.4917 362.419
2 261.4426 671.5292
3 458.9317 310.8052
4 520.4907 313.2796
5 795.1266 630.5836
6 731.6328 192.6681
7 371.2241 314.5907
8 588.5497 555.8688
9 39.56955 409.7744
10 743.473 270.2928
11 855.8309 722.5173
12 125.3643 764.6876
13 897.2092 573.3646
14 394.118 928.8487
15 299.9871 609.7265
16 239.3333 611.7939
17 840.7752 591.206
18 398.9089 857.8593
19 92.30196 272.9496
20 313.3719 334.6879
21 675.5316 304.7651
22 595.3967 73.79569
23 173.955 172.0033
24 667.063 232.9347
25 807.7335 689.5477
26 51.66322 620.9651
27 678.0486 885.2757
28 520.0605 713.3981
29 838.1045 531.4349
30 166.3642 314.1657
31 788.418 188.8476
