1 373.7658 547.5295
2 504.7831 729.8558
3 583.0355 828.4354
4 425.5132 308.0747
5 833.9068 758.2429
6 270.0132 725.7351
7 128.7156 764.1772
8 855.3097 447.597
9 685.1457 870.7393
10 793.6674 617.8295
11 330.324 851.0496
12 38.04821 562.3931
13 643.3195 821.5839
14 752.3514 704.3937
15 672.9622 102.3079
16 449.6355 760.9682
17 532.8418 604.6077
18 211.7136 845.8189
19 528.4722 933.3481
20 832.3702 238.5706
21 559.6305 755.298
22 855.2991 697.0476
23 704.6483 539.7747
24 161.7727 293.5126
25 802.039 676.569
26 892.4282 649.0798
27 919.3866 472.664
28 261.5717 109.448
29 88.6332 278.8646
30 33.67958 496.2674
31 910.9868 537.464
