1 899.0328 632.2144
2 241.9404 867.605
3 289.2261 213.4667
4 82.43107 623.7483
5 87.30841 280.238
6 99.66925 444.0206
7 550.1091 62.72046
8 342.5175 424.9436
9 106.8905 503.1325
10 204.3213 201.7778
11 609.2475 76.24277
12 406.2317 393.4993
13 270.2203 275.6434
14 48.5281 378.284
15 428.9507 725.4176
16 270.0025 415.4719
17 99.71443 346.434
18 174.3008 814.6336
19 783.9244 629.8115
20 328.3197 909.9749
21 165.2082 350.7839
22 473.3139 119.5578
23 851.1728 300.4417
24 84.9509 560.2485
25 399.781 62.52459
26 738.6251 586.1849
27 910.7853 581.9575
28 552.8336 928.4719
29 601.7594 916.828
30 721.2069 645.4263
31 378.4514 324.6103
