1 383.3736 444.0927
2 593.6714 437.597
3 194.866 550.1196
4 144.157 786.0669
5 530.1122 920.9696
6 33.44514 493.7049
7 345.7661 265.4977
8 218.4787 605.4071
9 84.95287 466.7569
10 31.87482 561.0404
11 185.6483 160.4266
12 151.8814 486.0438
13 541.4489 478.4727
14 363.3216 379.8721
15 78.07308 540.0316
16 450.036 407.8692
17 665.4021 471.9997
18 460.2758 305.9162
19 127.0918 598.5397
20 202.8521 784.9993
21 649.4515 416.4863
22 600.4361 501.533
23 635.7639 267.4131
24 143.7738 209.0556
25 431.264 219.666
26 883.0998 343.7226
27 897.3124 638.9765
28 821.4591 769.966
29 723.4938 132.945
30 106.8468 263.5638
31 166.9075 732.3403
