1 643.493 579.8108
2 775.7078 819.5691
3 290.8223 764.3184
4 510.7636 693.9776
5 633.1379 516.9946
6 582.5954 174.6578
7 572.9518 696.4629
8 582.6649 595.6629
9 909.6396 473.0132
10 626.7967 445.9105
11 305.139 864.3856
12 426.1038 580.9617
13 34.88679 447.5905
14 412.6008 61.67077
15 865.3204 513.7935
16 709.5941 447.1209
17 718.4407 595.747
18 357.1392 763.6288
19 86.53531 333.8798
20 627.0311 719.6926
21 539.4443 645.4026
22 895.3154 636.2702
23 505.2202 367.2512
24 46.84557 388.0895
25 566.3394 477.2778
26 752.1102 715.5625
27 96.38488 270.0106
28 35.98845 526.7423
29 617.0979 651.917
30 467.7652 170.5921
31 464.6434 104.5454
