1 571.6257 360.2407
2 147.5677 687.5663
3 506.3799 523.6852
4 681.92 390.1279
5 761.5768 831.3221
6 61.30243 646.0778
7 30.94122 525.8096
8 563.0224 594.0678
9 444.2624 527.9392
10 447.4324 723.3082
11 94.52642 558.0531
12 94.03383 711.9787
13 553.5574 535.3872
14 464.7874 468.0316
15 706.9124 459.6281
16 179.2625 815.1571
17 860.7332 471.5421
18 130.5875 770.8105
19 552.9799 929.6838
20 804.411 204.8398
21 522.0263 446.936
22 788.2271 577.1657
23 837.0713 297.8502
24 44.6225 591.4211
25 549.5331 709.4931
26 537.7273 650.5638
27 768.2932 361.2259
28 271.474 320.5469
29 60.53757 336.5388
30 330.3202 343.4366
31 691.6302 774.9776
