1 906.5836 602.4801
2 259.6481 878.5109
3 349.9991 250.8377
4 57.92043 636.2382
5 113.8872 239.2631
6 57.3377 356.8815
7 613.4125 76.33136
8 432.5254 385.8198
9 88.84335 412.3118
10 291.1734 256.6882
11 666.9578 103.249
12 443.8131 449.5517
13 267.8935 315.7703
14 78.41697 298.6341
15 446.9086 631.5
16 357.6934 414.5454
17 139.6081 297.89
18 156.212 734.4138
19 835.2272 641.8224
20 327.2702 909.7907
21 198.5663 283.7211
22 563.528 123.2409
23 905.0373 392.0855
24 39.78888 572.1741
25 395.414 134.958
26 795.9435 596.955
27 917.7783 547.6051
28 578.254 923.6855
29 629.4063 909.1425
30 730.7406 603.6472
31 468.1475 346.4057
