1 498.4373 508.2283
2 563.727 443.9745
3 567.5845 240.0888
4 712.0249 297.1446
5 632.0458 821.3422
6 348.7536 308.9595
7 350.9716 155.7063
8 481.1246 450.282
9 76.18608 303.2992
10 557.1166 107.4254
11 793.4451 192.3229
12 194.0588 833.3554
13 522.943 306.7367
14 744.118 756.0858
15 139.0589 779.9646
16 499.9554 780.4816
17 852.9192 726.6939
18 413.4261 349.8095
19 106.3262 246.0748
20 449.7539 177.2621
21 524.6215 166.3991
22 680.2916 242.94
23 453.594 55.68257
24 461.1931 113.8592
25 558.7497 799.115
26 46.25482 601.0978
27 815.384 557.4358
28 873.4082 559.7114
29 311.4936 540.7485
30 393.5074 61.50082
31 519.0857 58.15187
