1 637.564 660.0145
2 744.5617 846.5745
3 262.5487 640.4221
4 420.4084 601.0791
5 751.7203 578.3322
6 502.5637 120.3175
7 466.8645 646.0312
8 572.7201 654.1259
9 915.0811 559.3908
10 538.4767 486.5139
11 163.5827 802.8278
12 461.543 468.587
13 33.18055 447.3686
14 535.0925 72.10663
15 887.2863 397.4852
16 596.5778 516.513
17 737.9894 681.993
18 403.1352 665.6786
19 212.4287 317.4245
20 518.6064 684.9415
21 586.5412 587.6055
22 874.2156 688.236
23 363.3778 328.9297
24 43.20244 392.4995
25 517.3831 367.1488
26 847.6144 738.6361
27 62.18468 334.3746
28 33.24314 528.5248
29 683.4127 706.5883
30 591.6756 195.2041
31 464.2283 243.7073
