1 384.7449 348.8166
2 868.4297 702.8066
3 232.729 582.5726
4 82.89935 697.9451
5 655.0247 892.8003
6 206.0061 817.2194
7 294.3109 486.6601
8 443.9373 574.4857
9 231.4528 482.4614
10 242.6216 866.8622
11 163.6396 755.5467
12 465.9741 516.0689
13 707.061 868.6181
14 766.317 165.1192
15 74.50004 303.1461
16 260.1413 110.5
17 603.1773 267.6288
18 204.3119 145.5681
19 199.8711 531.0312
20 369.5953 446.8375
21 703.9876 218.7024
22 882.9448 329.8861
23 494.5763 446.5105
24 667.1695 324.9498
25 140.1964 205.5673
26 903.9512 379.5942
27 819.1576 778.3652
28 781.0239 816.2243
29 830.6395 331.6179
30 110.7867 283.5699
31 561.1327 429.3005
