1 306.9937 901.0425
2 703.1153 594.073
3 420.3285 530.8121
4 341.0784 733.6677
5 870.8041 343.3776
6 661.8494 672.3413
7 719.4785 195.7983
8 599.0475 840.4918
9 364.3704 921.0715
10 95.04222 267.7431
11 605.8274 468.3629
12 523.579 635.3738
13 42.51324 587.9762
14 820.6542 774.5184
15 565.8568 776.7043
16 631.5322 778.9025
17 610.6618 713.4583
18 586.307 644.5822
19 837.1083 647.455
20 854.6188 725.7336
21 816.0922 218.6709
22 146.0311 787.2127
23 859.2159 403.9229
24 32.20101 501.147
25 551.9852 699.1441
26 65.12298 325.2154
27 766.0136 164.7644
28 752.5557 777.8861
29 519.2515 537.0931
30 797.8385 312.9567
31 909.9601 595.5987
