1 637.4727 705.7453
2 734.4369 853.7197
3 233.2524 608.054
4 380.613 576.9417
5 793.3637 588.4715
6 487.1749 86.69002
7 448.6783 611.364
8 555.2084 661.7956
9 915.743 542.9777
10 505.6165 516.8493
11 132.4152 775.4729
12 443.6281 434.8141
13 34.3216 447.4569
14 574.1949 94.27671
15 896.5915 360.8942
16 564.5345 535.2646
17 772.1361 698.5105
18 391.8249 639.5796
19 249.0153 306.3311
20 493.349 652.0348
21 622.1513 583.6479
22 875.0092 685.2884
23 332.3203 359.848
24 41.94032 399.6101
25 497.5681 336.1251
26 845.8881 740.542
27 63.01755 351.6897
28 33.14256 505.9435
29 706.2862 736.1387
30 630.4584 203.0917
31 463.8876 279.0723
