1 915.7828 565.6768
2 257.5213 877.3368
3 412.1067 260.9989
4 64.66543 653.4528
5 135.2193 207.8467
6 66.28533 311.4915
7 644.2774 89.14105
8 488.7815 397.2904
9 108.9656 331.05
10 355.5748 295.5426
11 684.7455 109.0267
12 449.9658 460.3841
13 250.919 340.085
14 104.9379 257.1506
15 467.9105 551.3052
16 429.6664 399.203
17 161.674 315.3521
18 130.8722 653.2284
19 875.3388 665.5409
20 332.5619 912.3728
21 261.2074 253.7117
22 635.8459 147.1643
23 913.7756 437.2456
24 35.57728 548.4407
25 380.0334 212.6569
26 871.2984 604.067
27 920.9698 504.2456
28 600.2885 918.3533
29 658.6343 897.3032
30 667.9842 586.2077
31 540.3606 340.5744
