1 713.7251 367.233
2 338.863 144.572
3 494.5473 934.952
4 549.0131 610.5995
5 385.6965 883.8662
6 384.5051 426.3472
7 894.8284 352.3483
8 576.0929 299.3495
9 635.2686 313.8463
10 758.5951 603.217
11 875.1039 308.5644
12 314.7769 450.3297
13 398.3848 61.59752
14 46.17516 447.9941
15 230.9373 657.6785
16 48.60651 387.9814
17 118.5273 358.7343
18 878.8729 681.4551
19 395.839 194.353
20 555.4377 929.8367
21 96.88982 555.8304
22 50.43046 616.4298
23 401.508 492.8727
24 39.14016 560.1997
25 125.0411 444.7379
26 515.3433 57.70357
27 64.51965 327.8415
28 587.7724 556.1947
29 833.5095 644.7252
30 819.5828 587.8951
31 438.1258 931.9889
