1 567.3796 509.5313
2 663.0609 692.3822
3 602.0511 918.3542
4 504.4718 474.5109
5 784.2818 676.7526
6 417.2931 906.3421
7 145.11 792.7162
8 775.4347 295.7445
9 795.9374 798.6549
10 800.8754 502.6382
11 488.4297 930.8282
12 32.98854 513.3395
13 658.698 904.4381
14 834.5367 754.2664
15 741.7475 146.6699
16 635.5694 808.5476
17 537.2919 791.1051
18 209.4318 786.0594
19 549.8394 930.7621
20 837.131 244.4147
21 659.5803 861.1155
22 713.3069 722.5794
23 803.1266 591.9878
24 309.6965 181.5074
25 732.1196 623.5763
26 841.0468 694.3405
27 855.0504 399.4465
28 169.3805 174.5862
29 96.49595 265.8323
30 99.39386 577.6603
31 814.3851 444.7678
