1 386.2308 533.5982
2 571.5522 66.59114
3 539.7475 519.8766
4 487.1882 935.4815
5 260.2122 458.8114
6 72.93378 553.8274
7 322.41 481.4292
8 333.1613 347.2065
9 398.7092 435.1205
10 526.7026 133.342
11 240.2103 865.8729
12 333.233 562.7997
13 199.1494 563.3251
14 822.6393 487.3603
15 721.508 130.1222
16 228.835 399.3061
17 841.8171 352.8529
18 246.7428 523.6302
19 158.7865 186.5639
20 58.11008 643.0249
21 727.0865 421.9778
22 467.6129 57.08133
23 335.7054 417.9715
24 713.2016 692.1793
25 785.1402 182.0518
26 605.8999 780.6521
27 718.4573 352.2735
28 893.1445 345.4726
29 154.2697 774.5424
30 705.4307 188.8452
31 25.75504 518.3669
