1 426.2338 58.63791
2 755.4451 838.3748
3 338.0382 157.0438
4 168.2526 811.6517
5 261.7969 694.9213
6 413.5992 616.5671
7 582.3375 124.3787
8 370.6589 464.2231
9 150.5387 295.4288
10 291.7994 892.2449
11 437.0502 756.5454
12 412.4478 166.5915
13 293.8312 624.4683
14 805.4521 204.0909
15 131.3392 220.8732
16 363.5594 240.263
17 240.4462 608.0417
18 481.0015 70.69432
19 380.6398 97.90965
20 624.3643 81.75563
21 197.8483 151.0932
22 673.1981 292.612
23 445.5999 114.1508
24 713.4603 792.0985
25 217.6348 277.9525
26 689.5545 252.4681
27 682.5732 886.259
28 630.8774 910.438
29 494.4277 789.0258
30 99.49571 605.5984
31 550.9045 76.98428
