1 592.2272 499.6106
2 503.8085 57.77912
3 652.1405 703.5194
4 616.3138 914.3659
5 99.06039 305.6044
6 182.9449 348.8303
7 290.0118 227.6018
8 579.0423 327.7387
9 610.3823 379.399
10 728.0322 246.303
11 325.7064 819.644
12 457.232 398.0772
13 446.228 641.8364
14 885.3947 666.8746
15 744.6889 186.9836
16 356.5285 228.7012
17 818.5136 218.7769
18 244.7062 274.6705
19 54.59752 354.4586
20 86.85772 705.2693
21 772.3455 644.349
22 480.63 206.0642
23 443.539 294.5753
24 903.2022 605.2951
25 846.5684 392.8486
26 511.4284 934.8515
27 816.072 536.8752
28 900.0049 373.0936
29 297.0653 568.693
30 788.9333 273.3408
31 33.08835 510.2532
