1 908.7781 409.7132
2 575.88 514.2804
3 433.176 643.3269
4 571.6753 863.1074
5 771.5538 169.9185
6 461.0944 561.5665
7 239.1186 536.0733
8 483.3725 614.7972
9 719.6077 199.3023
10 716.9156 824.8787
11 369.7432 722.148
12 289.6448 606.2593
13 420.9237 72.77728
14 41.30269 404.09
15 608.1806 700.3196
16 644.7042 810.9116
17 633.8101 872.9578
18 280.0535 677.9345
19 87.3958 279.1962
20 541.8627 624.4276
21 175.4766 367.8932
22 655.9436 185.6577
23 392.7531 513.4521
24 162.5709 802.2063
25 216.4047 414.9993
26 195.1951 238.2589
27 513.638 212.325
28 421.1433 118.5849
29 369.4453 655.1837
30 160.4092 186.7978
31 366.2018 66.82761
