1 909.7436 417.3477
2 586.1696 414.7581
3 413.6406 713.5353
4 578.2962 924.6037
5 832.4234 241.1573
6 347.6481 523.4116
7 187.4107 604.1346
8 389.1569 609.1512
9 755.5527 260.7059
10 611.448 822.6345
11 266.0712 783.9065
12 250.8655 511.796
13 389.7798 65.51109
14 32.08123 464.7304
15 633.9508 592.1224
16 543.1101 796.6248
17 640.2486 903.6685
18 208.3225 766.2194
19 85.3283 284.4722
20 451.5413 610.0772
21 235.9222 291.8768
22 632.2318 123.0854
23 298.1642 455.102
24 227.6503 857.6796
25 295.5622 362.5964
26 275.834 187.3054
27 597.7166 175.8983
28 452.0195 55.95194
29 325.5114 572.9553
30 178.0367 168.1859
31 333.275 77.84499
