1 512.489 844.3755
2 514.7654 938.9342
3 33.76505 531.6581
4 272.0561 540.679
5 600.2193 190.7129
6 753.5904 372.1879
7 890.2921 343.0884
8 510.3897 704.9413
9 594.7405 868.2391
10 42.82787 594.046
11 438.7247 935.0918
12 483.5194 520.0949
13 182.4709 345.7343
14 839.4429 751.3777
15 477.1292 222.2026
16 770.7695 824.5951
17 804.7845 788.793
18 447.2904 842.2657
19 600.59 130.1499
20 909.9287 411.6383
21 793.1072 192.168
22 481.2334 892.0238
23 729.1287 145.2101
24 77.01944 301.6364
25 221.7819 583.2473
26 248.7673 474.1984
27 411.9905 60.1843
28 506.4909 279.2431
29 575.8358 925.166
30 917.5153 507.0369
31 677.4615 101.5236
