1 650.0278 337.7723
2 374.505 918.6034
3 831.5833 736.8752
4 622.5457 393.2672
5 156.2212 668.0512
6 269.2523 504.914
7 545.4723 772.0012
8 867.0022 436.1377
9 499.4264 899.705
10 640.2026 899.6278
11 570.1203 678.1327
12 189.3135 515.5684
13 699.6862 253.6169
14 407.3312 869.3881
15 516.9804 843.0925
16 884.7848 336.6694
17 310.8678 557.7348
18 458.7312 828.768
19 804.5647 793.056
20 782.2944 428.4922
21 606.1384 781.1945
22 436.0057 931.7848
23 807.1238 488.8643
24 817.5334 326.29
25 301.5642 898.8734
26 93.90289 714.7797
27 384.579 145.1733
28 34.73127 541.0513
29 65.79474 659.845
30 626.8704 542.2987
31 48.06867 604.8451
