1 787.1408 487.0076
2 390.7543 259.2429
3 459.2246 880.9537
4 427.4272 598.6858
5 273.7075 790.9155
6 354.4502 416.1126
7 877.7198 312.2699
8 653.421 411.2317
9 716.384 409.219
10 890.5304 564.3609
11 848.3304 259.7569
12 352.7174 482.8903
13 423.7681 58.74372
14 33.79811 453.6829
15 378.5799 655.7769
16 105.3187 370.6162
17 192.1426 394.7218
18 871.6403 696.3845
19 516.0145 156.8708
20 529.5808 931.8093
21 93.829 446.3076
22 44.16481 585.3104
23 333.5468 598.6114
24 56.57219 510.0327
25 45.52704 392.8368
26 545.9062 61.77005
27 75.65599 305.2957
28 585.6394 421.4198
29 753.7588 658.2208
30 896.171 628.9647
31 402.6187 928.7228
