1 437.2602 433.376
2 595.6318 519.653
3 610.6123 299.1969
4 756.2509 326.9505
5 692.2812 878.4221
6 432.2748 281.8599
7 271.7779 139.0328
8 462.7691 379.3039
9 63.1636 327.6442
10 522.8693 120.8283
11 847.6335 263.986
12 194.5409 834.6314
13 525.1841 394.421
14 677.744 821.2509
15 144.3313 787.5913
16 441.7487 821.0572
17 813.4286 779.1434
18 346.0033 383.8905
19 90.34405 274.2375
20 415.0675 118.4518
21 471.4698 142.3084
22 620.8316 236.7361
23 428.7574 58.49495
24 476.9526 73.83352
25 628.125 764.3907
26 70.43335 668.7098
27 768.1807 595.099
28 802.1572 520.1684
29 384.7635 574.4848
30 367.4376 66.84892
31 531.3185 59.21361
