1 429.1618 381.4291
2 590.6541 558.3577
3 621.4797 342.0853
4 770.3009 364.4999
5 695.716 877.1578
6 471.6478 253.6079
7 231.4799 150.975
8 484.2726 355.8098
9 58.20327 342.3844
10 517.8994 108.7667
11 870.5256 304.5856
12 175.6939 817.8995
13 529.7706 429.3295
14 650.3069 847.2386
15 129.9718 770.5275
16 396.4914 831.7643
17 789.5844 804.6369
18 316.7485 419.9884
19 92.33417 271.4191
20 398.5493 123.1868
21 459.717 122.6531
22 589.331 206.9864
23 414.2465 59.17871
24 476.954 57.40243
25 678.3244 770.9733
26 71.92267 673.1243
27 747.9195 630.8603
28 769.5724 500.3159
29 422.5963 584.4913
30 355.6329 76.31688
31 540.3244 61.8416
