1 811.0363 403.636
2 342.178 913.6312
3 618.1334 341.8213
4 76.89876 683.7954
5 240.7879 120.2949
6 242.7023 178.789
7 493.0616 58.12352
8 565.1969 522.2819
9 240.6873 352.1311
10 406.2723 513.4201
11 735.8849 171.5863
12 263.8081 549.906
13 158.9454 607.492
14 305.2089 189.808
15 563.6683 302.0475
16 679.4962 339.9248
17 76.93633 487.0042
18 55.16644 626.0531
19 896.3973 641.0315
20 472.4797 904.1485
21 490.0873 122.4745
22 814.7942 253.7181
23 811.7036 214.6015
24 44.86517 395.4374
25 183.4693 375.6941
26 919.6949 484.0794
27 906.1924 392.3272
28 542.3771 874.0345
29 609.1361 914.9468
30 412.5296 641.6963
31 804.4641 304.927
