1 343.1653 521.3348
2 477.5005 735.3757
3 586.667 794.7965
4 437.9576 276.6201
5 827.2674 761.7949
6 240.5196 699.2157
7 124.2839 759.6954
8 850.7198 479.9266
9 652.8564 856.6162
10 774.169 647.4015
11 299.1379 821.0462
12 38.95238 568.9076
13 642.3273 796.2509
14 717.6464 689.7319
15 702.778 119.5498
16 418.3461 754.8534
17 543.5568 572.5497
18 238.8312 865.746
19 548.1166 930.7577
20 831.7309 238.8551
21 537.762 725.0282
22 866.1254 710.1848
23 671.4412 521.6505
24 137.7325 316.3504
25 806.1766 706.3969
26 889.833 659.3244
27 917.9074 477.4656
28 264.0248 108.335
29 93.62909 272.7683
30 35.13681 505.4358
31 915.5677 539.9101
