1 733.5778 380.577
2 351.0157 161.9276
3 494.1645 935.4057
4 530.6714 618.5094
5 365.0036 876.1409
6 377.1819 423.1928
7 892.6807 349.1281
8 592.0616 315.6024
9 651.8405 327.5854
10 778.9096 592.3352
11 869.9469 300.1069
12 330.2074 465.3698
13 392.9408 63.27404
14 39.70349 461.8439
15 254.3087 655.5778
16 49.70736 389.6879
17 119.9328 355.2733
18 874.7701 691.0035
19 413.3774 185.7556
20 553.7898 929.6026
21 91.77538 537.1661
22 46.75192 607.3859
23 398.2112 499.845
24 38.10898 555.6991
25 103.8839 450.4115
26 532.8457 58.07684
27 64.51792 329.3401
28 592.7555 536.1061
29 829.0693 652.2782
30 837.9423 596.3776
31 435.2038 931.2859
