1 243.8334 383.7019
2 698.9244 507.8677
3 124.6201 667.9192
4 148.6437 791.7828
5 469.4862 934.646
6 31.92038 469.551
7 410.2931 396.1968
8 117.7533 736.0217
9 109.1904 593.0808
10 53.75948 512.1964
11 176.7296 235.5762
12 167.9902 615.0031
13 632.4054 553.6575
14 510.9932 414.3456
15 37.11898 559.4119
16 439.8637 263.0239
17 809.197 434.7645
18 338.6848 220.8454
19 65.05101 658.9642
20 190.7785 675.6332
21 734.5796 459.3069
22 764.954 514.8436
23 495.026 285.9421
24 267.3448 246.2708
25 298.2098 133.3204
26 918.632 486.2134
27 869.8187 700.3334
28 843.4553 743.6256
29 817.0574 218.4845
30 80.1831 296.2527
31 210.3619 729.5757
