1 915.8956 555.3439
2 261.8261 879.1497
3 427.6654 263.6618
4 70.89379 672.7507
5 140.4348 204.5818
6 69.04551 303.7525
7 636.71 88.43734
8 506.404 384.3266
9 114.6936 316.2751
10 377.3578 302.65
11 678.501 106.7956
12 438.9426 470.4459
13 237.9172 356.1385
14 107.8032 248.415
15 474.5856 531.1149
16 447.6788 397.6276
17 165.2303 333.3084
18 116.6704 635.1556
19 878.6898 671.4684
20 336.9654 912.3105
21 280.7875 244.5875
22 652.4952 158.0828
23 913.1188 425.9651
24 32.89501 531.4403
25 374.2519 235.1222
26 889.5815 608.351
27 920.5336 492.7871
28 606.0911 917.1694
29 665.4422 894.2773
30 646.2031 584.5642
31 562.1013 337.3825
