1 360.6493 538.1451
2 492.999 732.5897
3 584.5179 814.9186
4 429.4896 294.9925
5 831.4537 760.0463
6 258.9319 714.8029
7 124.676 761.6066
8 853.7949 460.3984
9 671.9509 866.4327
10 787.0442 631.2587
11 317.2384 838.8712
12 37.90527 564.9747
13 641.9693 809.4859
14 738.7754 698.9344
15 686.145 109.388
16 437.6118 759.0682
17 536.6051 591.1543
18 223.268 853.0899
19 535.6422 932.2802
20 832.9114 238.9813
21 552.0114 743.196
22 863.6415 701.1343
23 690.9541 533.8277
24 151.7643 302.9273
25 798.0179 690.1749
26 891.0741 653.1027
27 919.471 474.7593
28 263.7305 106.8982
29 91.14377 275.129
30 33.58392 499.4897
31 914.6999 538.0018
