1 581.7328 488.0634
2 508.8191 57.64337
3 657.0795 690.5006
4 613.634 914.4689
5 103.2732 313.0686
6 169.9835 360.2651
7 289.6065 241.2032
8 568.5269 318.4412
9 599.326 371.1877
10 732.2797 232.9503
11 315.0418 830.1983
12 444.3184 394.3628
13 435.1681 632.3081
14 883.3259 668.3495
15 756.0691 177.5234
16 354.5681 239.8398
17 822.7499 223.7906
18 248.5692 289.4908
19 54.61071 354.939
20 87.55747 707.8936
21 775.0307 632.0593
22 481.5288 192.2409
23 426.4985 291.3559
24 898.0723 605.1793
25 844.3251 379.7849
26 522.6367 934.6479
27 809.1791 529.4728
28 898.1163 368.734
29 291.834 581.1429
30 793.151 279.4025
31 32.85214 511.1585
