1 632.2053 781.1558
2 590.0297 920.5942
3 33.26962 523.1629
4 282.7131 682.9636
5 767.6158 171.1735
6 558.6767 192.2955
7 740.8191 373.6232
8 540.2656 902.3266
9 651.0052 711.3583
10 69.99648 670.7826
11 339.7999 914.8446
12 402.1486 691.3673
13 84.47959 288.6671
14 808.9537 632.8905
15 578.4488 67.08847
16 720.4128 863.5347
17 774.2794 821.5647
18 267.1797 750.9027
19 515.7584 57.04121
20 788.8703 406.928
21 874.6041 306.5636
22 598.8444 833.597
23 820.5507 280.4966
24 118.7135 237.5305
25 134.4773 379.8965
26 431.5859 619.6047
27 250.8145 115.1734
28 276.5161 301.8834
29 636.3453 907.4035
30 917.9383 489.165
31 778.8202 227.2457
