1 545.4331 583.787
2 332.5235 910.8308
3 754.0405 834.9375
4 411.5771 449.2682
5 153.2324 795.5802
6 456.3651 734.0067
7 574.4857 928.0628
8 744.5232 624.5602
9 394.9744 811.3221
10 434.2184 931.5341
11 639.7719 909.0134
12 191.4724 735.8579
13 874.7254 385.3672
14 391.4637 871.0311
15 604.0201 668.1229
16 913.4367 427.553
17 525.2295 676.2714
18 282.5248 656.1853
19 727.2317 857.4706
20 881.8091 322.9473
21 786.6192 799.5633
22 564.4204 869.7558
23 683.6394 486.0551
24 715.5427 160.8946
25 246.6462 805.443
26 198.9399 835.7195
27 606.8003 203.7201
28 42.0467 582.6474
29 187.2965 612.9525
30 421.8399 566.849
31 167.3243 456.587
