1 525.3653 846.9862
2 534.434 935.1401
3 33.61576 540.1678
4 287.3889 571.6628
5 623.7827 140.2917
6 714.6779 337.7925
7 879.4351 323.6301
8 520.6387 753.5937
9 597.0072 860.6305
10 46.37899 598.7913
11 447.785 932.9593
12 497.377 564.4705
13 142.7074 322.4449
14 837.9925 750.7607
15 502.9279 184.7958
16 766.1707 827.0969
17 803.2483 792.8029
18 447.325 814.638
19 578.9948 94.93275
20 903.6292 384.1416
21 812.0493 211.9378
22 500.4682 900.7444
23 748.2291 148.0319
24 97.7269 263.1375
25 217.0614 548.0644
26 291.0845 509.7412
27 375.9529 64.82525
28 458.3954 268.0648
29 596.0594 921.1147
30 916.5236 533.7726
31 687.9423 109.5448
