1 347.2558 645.5929
2 546.51 62.12733
3 179.4601 725.9138
4 155.5731 797.9028
5 852.3177 402.7081
6 106.969 248.5856
7 489.8792 123.2847
8 460.6442 840.2424
9 279.6964 749.1014
10 192.4347 566.8802
11 655.852 138.5264
12 326.6881 711.1108
13 162.7463 599.0922
14 585.7529 257.0543
15 303.1602 169.2162
16 251.31 872.7575
17 206.5512 824.7188
18 629.1235 82.90313
19 523.7207 845.2483
20 536.6608 932.06
21 895.7083 355.2807
22 127.6852 626.2389
23 878.7875 676.6964
24 50.91427 371.8342
25 220.5849 770.0453
26 414.7162 58.68151
27 875.3043 309.1351
28 268.5371 815.6348
29 425.4154 117.4527
30 472.4861 56.28937
31 530.9325 440.143
