1 501.1989 510.6873
2 193.1587 560.3484
3 350.8328 287.9706
4 614.9656 628.4737
5 552.433 756.604
6 130.1343 587.5763
7 42.87117 480.6416
8 460.7021 345.82
9 286.6625 306.2496
10 307.3584 497.4578
11 305.5277 431.9045
12 151.6342 789.746
13 671.0707 359.9162
14 536.0778 247.4097
15 498.6983 671.6625
16 177.7432 631.1352
17 913.9623 560.7491
18 234.0887 610.0452
19 378.9926 749.034
20 651.7255 92.48564
21 730.4528 332.6254
22 915.8097 498.5877
23 854.7698 359.3262
24 42.6445 579.9875
25 242.004 757.0454
26 227.8373 679.2563
27 673.4511 613.3952
28 444.3201 549.0633
29 67.24176 322.9898
30 550.1594 188.493
31 425.7195 708.158
