1 372.6416 824.087
2 578.5927 150.6877
3 112.6819 626.7874
4 123.54 705.1689
5 914.9463 437.2096
6 244.968 278.3261
7 507.1042 54.56823
8 427.7605 691.4325
9 257.6581 813.1422
10 83.30756 556.974
11 700.4637 122.8965
12 212.916 653.3831
13 46.98842 610.5109
14 687.0184 391.9593
15 449.9643 268.1483
16 244.8936 868.5816
17 196.7073 829.6745
18 576.7626 86.2455
19 629.8338 754.0267
20 588.0405 922.7171
21 903.9336 379.9948
22 69.8345 669.4115
23 769.7159 722.6321
24 40.89899 403.6508
25 193.3666 710.271
26 383.7027 64.14458
27 884.4371 331.0276
28 326.3538 905.7263
29 421.9953 110.1768
30 445.446 56.69337
31 678.1766 477.2531
