1 497.2773 464.4807
2 327.2197 79.10808
3 665.9962 895.1129
4 709.6617 708.1251
5 571.4817 745.5286
6 178.1017 558.7713
7 889.7131 338.0655
8 338.3096 322.4294
9 449.8388 374.2091
10 672.0602 815.032
11 858.8152 280.327
12 228.0144 278.8863
13 391.7837 65.7269
14 64.75949 327.2911
15 93.76338 716.8799
16 223.0843 372.4455
17 166.6175 177.7256
18 905.5856 603.9854
19 273.6863 318.6481
20 439.794 849.9845
21 187.014 737.4413
22 111.1394 557.7983
23 393.904 347.1011
24 36.09108 565.0111
25 196.203 229.1752
26 453.332 56.07682
27 125.4967 403.2153
28 746.7075 662.2387
29 913.5547 450.7079
30 602.3994 532.0507
31 579.5362 922.1234
