1 662.8039 405.0618
2 356.1201 917.7099
3 833.4351 752.3929
4 594.2566 431.3531
5 110.7442 681.8814
6 297.4795 561.3499
7 564.0615 821.0578
8 862.1695 480.9286
9 457.156 865.3558
10 583.4751 925.023
11 583.0441 736.2406
12 228.6928 558.196
13 741.0248 294.1916
14 417.018 906.9768
15 502.252 822.8474
16 875.8303 350.8504
17 359.7252 582.694
18 431.5687 794.6107
19 795.5522 801.1513
20 827.1775 427.6214
21 647.9556 764.6309
22 473.6649 922.5021
23 804.8869 494.5634
24 819.6875 289.0091
25 294.3194 895.9668
26 102.9347 729.4419
27 428.332 176.8355
28 33.12375 535.2484
29 64.35609 656.1264
30 575.2363 529.5139
31 45.80083 595.426
