1 378.5626 671.0125
2 496.3234 55.84142
3 394.1933 612.4561
4 581.2425 923.6043
5 468.4721 265.3871
6 555.4526 66.24759
7 469.8119 101.3469
8 508.1559 589.2741
9 506.9979 681.2524
10 447.7972 483.0287
11 453.8171 386.9304
12 331.8574 576.1988
13 797.585 704.6586
14 547.7264 854.8176
15 334.4316 287.3128
16 614.8062 78.97326
17 533.0833 125.7533
18 194.9693 336.3983
19 80.49561 292.6873
20 302.4268 468.7154
21 512.9388 801.3157
22 226.3037 253.7017
23 638.5756 643.6659
24 885.5213 388.4569
25 574.958 659.0826
26 300.5088 677.3845
27 838.8947 750.0303
28 787.5821 252.0276
29 321.4093 224.6777
30 507.4854 434.5264
31 37.734 561.8182
