1 916.204 560.1186
2 789.3563 657.3631
3 293.1599 424.0907
4 469.9438 652.5544
5 485.4225 69.83489
6 751.8226 610.9065
7 478.2274 499.4211
8 722.8883 664.4855
9 621.4034 383.2886
10 901.1244 622.8229
11 629.0382 821.6545
12 477.3371 433.0342
13 363.1039 318.6364
14 81.70641 458.6542
15 768.4962 822.5267
16 841.2216 633.2401
17 811.5787 717.9871
18 524.3815 769.2546
19 82.91188 287.8635
20 753.8799 725.1305
21 142.5061 568.2403
22 866.0553 311.0173
23 422.0278 342.3842
24 113.3679 743.3408
25 77.06733 685.8769
26 163.7946 508.1909
27 264.2483 196.8083
28 197.8317 151.6948
29 476.275 875.7645
30 141.1189 205.8721
31 407.1147 60.34131
