1 323.713 486.1486
2 448.6656 739.5538
3 592.6409 761.8657
4 458.4052 248.1996
5 826.6429 769.6787
6 206.4379 674.9734
7 135.7495 746.169
8 841.8083 511.3687
9 624.1046 831.9775
10 752.584 672.6199
11 269.9076 790.985
12 41.45699 582.8995
13 643.4655 773.1856
14 682.9912 674.2727
15 737.0289 139.7564
16 389.604 749.9738
17 563.3892 543.875
18 259.3083 876.2702
19 560.4302 928.4943
20 825.8556 230.1403
21 521.6201 698.3103
22 862.0844 714.9894
23 646.1684 494.6314
24 111.7006 333.9698
25 798.961 711.4152
26 857.7917 654.7363
27 917.0628 450.3677
28 268.1009 106.0436
29 89.9806 275.6398
30 52.99122 520.824
31 912.4983 560.4426
