1 382.3838 780.8291
2 575.4206 127.6447
3 130.9287 655.1889
4 121.666 744.8043
5 913.7016 424.8172
6 201.092 256.2398
7 501.6862 53.92086
8 425.4746 730.9243
9 235.6024 795.6999
10 95.805 560.4162
11 663.1233 101.7464
12 226.9925 690.6985
13 62.75698 613.8622
14 668.6537 354.703
15 415.2337 240.5451
16 235.5575 862.6246
17 185.4663 823.1133
18 600.2877 76.21704
19 596.6384 776.5008
20 564.5753 927.6634
21 900.4501 367.8802
22 72.52567 678.4279
23 807.1074 740.4378
24 39.26 433.5272
25 190.0291 748.2958
26 380.2004 64.74651
27 882.1949 322.3028
28 299.9738 875.8485
29 417.5557 112.2731
30 437.7057 57.26381
31 643.9033 455.1093
