1 365.4317 595.517
2 565.1077 368.6317
3 295.8195 449.9376
4 173.4566 774.3992
5 498.9918 773.7993
6 69.51327 421.605
7 208.5384 207.0518
8 365.7294 655.8259
9 115.55 384.9527
10 52.3087 531.4104
11 206.2111 146.0529
12 259.5202 394.9053
13 475.3296 499.9477
14 266.6758 246.6949
15 86.0478 483.0619
16 422.8013 545.2841
17 558.3699 536.033
18 617.6529 334.1658
19 255.9459 656.8172
20 282.3835 815.9716
21 663.8602 385.0148
22 496.7552 539.6488
23 778.9262 365.8312
24 84.97952 289.5675
25 505.1432 363.7198
26 742.4406 262.967
27 918.0455 539.8016
28 775.8357 774.1115
29 614.9266 78.2517
30 248.7192 330.283
31 197.2059 673.0854
