1 612.3068 544.405
2 346.9084 914.7242
3 782.3185 812.5918
4 468.5852 469.4579
5 132.9433 775.3054
6 404.0466 675.2765
7 581.4045 913.6976
8 795.1146 586.6678
9 393.385 858.2973
10 486.7436 935.7279
11 617.2393 865.2536
12 242.0562 688.6432
13 819.348 354.101
14 409.1419 919.648
15 587.1983 741.8326
16 911.2158 409.5264
17 459.1024 650.3903
18 339.8782 696.2752
19 750.6668 841.0251
20 887.38 347.4501
21 766.4306 763.8393
22 519.2581 884.9835
23 739.6671 534.6192
24 753.3306 215.3154
25 255.0105 873.6436
26 179.0879 816.3261
27 537.9924 217.7589
28 43.50374 589.2612
29 134.7456 661.5497
30 450.0058 528.2818
31 128.6811 515.8389
