1 292.8474 522.8854
2 554.8599 65.16984
3 321.8951 670.2856
4 252.9723 874.056
5 672.5166 447.4519
6 123.5436 226.3748
7 352.9887 236.2165
8 453.4789 936.747
9 343.4884 591.3913
10 234.9183 538.6012
11 477.5021 190.0043
12 425.2001 596.5596
13 277.7005 590.5068
14 417.0892 172.5454
15 167.6813 179.2113
16 307.552 837.0841
17 357.1762 801.2055
18 780.2034 187.7333
19 480.2658 879.9017
20 518.026 936.2315
21 893.7998 417.138
22 271.43 632.3121
23 918.6193 499.6069
24 44.81458 389.6082
25 379.9673 674.1568
26 489.708 56.00911
27 897.3146 360.4852
28 422.0835 736.1391
29 388.5725 61.86599
30 515.9924 138.4401
31 391.2151 536.4147
