1 641.6336 396.8608
2 219.1112 206.2051
3 759.7468 549.6892
4 730.9373 856.5672
5 187.4228 316.3438
6 354.6742 343.3593
7 676.7895 268.0916
8 583.9027 378.1557
9 735.1982 494.8809
10 734.819 427.8634
11 252.6098 112.8801
12 164.0251 171.4826
13 795.838 497.9785
14 33.08392 505.8541
15 171.7902 794.5736
16 678.5875 476.1571
17 135.8915 206.7912
18 850.5616 267.0203
19 67.79405 663.8188
20 336.4352 408.0016
21 684.0546 536.2879
22 108.9869 248.9461
23 534.5062 481.6792
24 255.0544 358.4029
25 585.2275 450.8941
26 202.748 146.1784
27 121.0953 756.253
28 838.563 748.531
29 618.8511 301.4166
30 78.81356 294.1737
31 635.9431 905.32
