1 628.0282 290.2619
2 243.5262 360.5092
3 349.0112 97.04594
4 501.7664 507.744
5 556.037 476.2038
6 32.23686 514.667
7 285.9776 528.3578
8 733.7528 333.0091
9 212.4158 140.4296
10 451.464 187.602
11 549.9064 207.8626
12 336.7085 913.3245
13 822.2395 225.2497
14 789.5091 296.3534
15 279.0367 885.166
16 416.6311 497.0442
17 862.7137 712.7415
18 521.3432 565.7122
19 139.2342 593.8204
20 546.5254 97.20351
21 876.2273 314.1989
22 899.0676 375.742
23 688.1439 111.2839
24 98.47355 369.4166
25 162.9741 803.0457
26 41.8637 578.0697
27 885.1451 654.092
28 727.2621 637.8579
29 44.00994 399.8164
30 527.2233 54.00331
31 453.1441 419.1261
