1 587.2977 493.5318
2 505.5981 56.3388
3 655.0896 696.8709
4 616.2792 913.9887
5 99.18231 309.4841
6 176.6198 354.4299
7 289.2413 234.1811
8 573.7704 322.4647
9 604.68 375.0725
10 729.8933 239.59
11 321.24 824.2098
12 450.7318 395.8303
13 441.3434 636.8072
14 884.6634 668.3351
15 750.1078 181.6388
16 355.2825 233.2356
17 820.4844 220.6851
18 246.2037 281.603
19 54.1754 356.7797
20 88.08956 706.3329
21 773.9131 637.9607
22 480.5875 198.7902
23 434.2416 292.5305
24 901.97 604.4
25 845.8407 386.0568
26 516.2629 934.5788
27 813.1235 533.1134
28 899.8538 370.3463
29 295.0643 574.7475
30 791.0157 275.8136
31 32.57955 509.6839
