1 905.0752 395.3733
2 585.6121 565.4316
3 442.6538 589.4475
4 560.7084 809.0497
5 739.1235 142.6137
6 517.6256 571.3217
7 292.3451 524.3721
8 526.3318 635.539
9 685.1708 181.4162
10 773.0858 808.2715
11 436.1513 732.0662
12 342.5286 608.3173
13 445.3384 94.91696
14 36.37714 447.7534
15 600.8636 757.1906
16 697.0487 790.5974
17 625.0425 820.8395
18 327.5633 666.7777
19 80.32558 294.7372
20 585.7611 638.6431
21 131.8397 395.6706
22 654.2162 239.4207
23 449.3372 493.6413
24 138.5359 775.7478
25 179.5232 458.5191
26 156.6924 289.0141
27 471.5941 219.9364
28 381.3056 118.8689
29 396.4065 685.6693
30 187.311 160.9326
31 399.5989 61.15496
