1 489.55 336.8044
2 375.3536 153.2023
3 787.9972 428.1155
4 745.6067 844.8794
5 82.24786 461.0343
6 468.5707 196.5907
7 556.2157 339.5946
8 429.6515 336.9127
9 797.633 321.7063
10 671.1696 274.3382
11 241.3468 159.3142
12 174.4218 188.441
13 825.118 377.5208
14 44.69394 592.4058
15 198.8808 658.5685
16 747.4065 352.3995
17 132.4338 211.34
18 780.3461 178.4203
19 64.1418 656.277
20 391.7332 284.9989
21 727.7794 413.2867
22 106.1824 252.6186
23 673.2388 438.4833
24 270.4736 214.8772
25 679.4627 360.7961
26 201.8392 143.1502
27 207.7105 780.0923
28 789.1701 805.4574
29 484.4698 271.7871
30 79.99744 300.8092
31 686.5387 875.167
