1 375.914 604.2818
2 534.968 61.15862
3 681.5523 204.8557
4 494.4919 860.3163
5 358.6804 722.7812
6 603.6466 68.6259
7 404.8795 76.3192
8 355.1956 659.0126
9 483.0991 254.5571
10 381.4531 150.1325
11 161.2139 183.7697
12 289.0843 148.4389
13 820.2989 225.0412
14 47.24431 608.4153
15 61.18837 334.669
16 742.7698 146.9395
17 302.9477 89.3351
18 573.0716 174.634
19 69.2372 666.0042
20 522.7313 132.3938
21 504.565 312.0518
22 126.9626 222.623
23 404.5842 276.8868
24 469.129 58.82005
25 518.3825 200.1367
26 329.4897 230.0193
27 497.7497 936.3684
28 592.8785 729.5133
29 573.2047 105.2502
30 96.64883 262.6084
31 479.4919 573.3902
