1 478.6747 496.0348
2 189.0742 537.1031
3 331.4887 264.4648
4 614.1708 653.3434
5 531.9471 737.3321
6 130.0053 573.6174
7 67.0726 490.2874
8 476.7255 320.1499
9 265.1683 284.8232
10 305.7646 466.8627
11 324.7916 407.5816
12 171.2358 812.3824
13 696.2499 347.5247
14 560.2259 228.703
15 472.7942 689.5522
16 189.1349 601.3524
17 912.7269 573.1477
18 251.9863 620.1892
19 362.0394 726.731
20 631.1833 84.37557
21 755.9924 327.3684
22 917.4418 493.3953
23 845.1138 330.4043
24 39.49237 563.7348
25 214.5628 766.4335
26 200.4066 663.1599
27 676.7163 639.1254
28 467.2532 556.9407
29 58.40141 344.5167
30 567.653 167.6361
31 413.1897 688.579
