1 740.6882 146.6353
2 463.6651 113.6279
3 465.7973 214.1373
4 371.0874 286.0582
5 293.5571 519.1139
6 287.9253 456.5617
7 424.3571 166.8767
8 420.3632 376.2172
9 231.0838 616.979
10 773.8037 280.7002
11 457.4919 667.0438
12 37.25014 552.1629
13 814.924 215.6522
14 340.3353 585.8922
15 264.4247 731.8785
16 850.5792 265.8378
17 699.8659 408.5785
18 295.1248 637.1996
19 281.4026 576.1326
20 448.769 778.0698
21 831.5055 478.0015
22 185.2547 158.4911
23 319.211 85.62962
24 756.6797 790.1595
25 639.9244 453.3497
26 601.4553 919.9519
27 170.2146 809.8192
28 485.7157 934.2932
29 735.0112 848.5399
30 657.2496 896.1789
31 356.6363 376.8407
