1 900.1529 373.9723
2 602.4209 353.2966
3 379.5804 767.1835
4 594.6446 920.1271
5 867.7489 297.2704
6 296.6814 506.9715
7 186.021 663.8019
8 360.1914 556.7749
9 773.8853 319.2025
10 546.0213 803.6312
11 231.3067 836.2732
12 280.0526 458.7146
13 396.7219 63.2172
14 62.55068 443.0722
15 654.8728 529.8667
16 479.9363 778.0826
17 659.1364 898.533
18 173.8855 808.4311
19 92.13631 274.5278
20 400.6192 597.3246
21 238.9391 236.3326
22 602.9146 78.99231
23 301.9344 386.5367
24 267.1657 881.5439
25 366.0294 373.15
26 344.7853 188.6834
27 636.148 134.8201
28 460.035 55.07438
29 299.4842 549.8489
30 196.0784 153.2068
31 316.5247 113.482
