1 269.6595 493.1594
2 895.9266 630.9872
3 66.54732 648.8009
4 84.08234 699.9409
5 523.6791 932.966
6 179.0414 609.3057
7 362.9594 562.0641
8 323.4859 664.059
9 297.4579 610.214
10 186.5786 669.8974
11 187.5402 545.2781
12 325.7462 525.1854
13 708.6806 816.498
14 781.1392 298.1633
15 42.4647 394.5048
16 331.1804 79.14116
17 740.4685 245.3692
18 258.4962 109.1921
19 51.11158 582.9411
20 272.82 555.4111
21 816.4328 349.8288
22 902.9035 382.2321
23 324.9787 460.5591
24 535.7897 251.0036
25 101.447 258.6369
26 916.597 442.8099
27 841.9932 746.9996
28 809.0085 788.4599
29 885.5461 326.5548
30 54.24345 346.5451
31 437.0392 574.4108
