1 338.379 327.6591
2 384.7245 629.3463
3 689.8094 884.2109
4 581.2606 280.2509
5 401.1534 725.6954
6 530.2944 935.2678
7 423.8318 861.8273
8 513.9347 463.4887
9 666.6866 632.0014
10 474.5088 605.9427
11 593.1706 919.2622
12 67.62509 663.6794
13 814.355 698.2189
14 705.6015 679.1646
15 798.6295 361.8279
16 878.2578 686.7436
17 673.826 847.3847
18 167.2747 804.1275
19 647.6843 902.5706
20 873.5857 307.9866
21 734.7269 852.7406
22 620.4263 811.8611
23 900.8029 412.5403
24 596.7636 75.18703
25 385.6491 523.0032
26 447.7258 763.6768
27 711.8625 126.3761
28 217.144 439.8972
29 275.2721 318.551
30 180.5937 746.4746
31 473.301 297.0953
