1 507.09 537.1512
2 510.0752 56.0896
3 555.4344 283.9388
4 425.1356 932.5746
5 520.6378 712.4294
6 577.2411 63.76719
7 444.696 57.46041
8 511.3012 648.9604
9 355.1894 355.5904
10 267.0119 202.831
11 182.1655 163.1099
12 220.0568 205.0078
13 866.8426 300.1069
14 117.5393 599.2957
15 86.76655 285.242
16 713.9763 127.9995
17 346.6149 74.79836
18 494.9905 286.1268
19 75.01347 635.2762
20 536.0482 219.6721
21 383.708 408.6917
22 141.7169 207.804
23 328.9615 437.2157
24 525.5781 156.0022
25 416.1878 330.702
26 442.3033 251.1055
27 602.1279 917.3153
28 550.1938 583.8075
29 551.922 97.10932
30 144.1271 267.3154
31 329.2354 518.5126
