1 901.7322 618.2853
2 251.5201 874.9119
3 321.3503 242.8826
4 65.24394 633.4784
5 102.0653 257.0022
6 74.85827 396.1318
7 581.3908 68.05605
8 382.9961 391.3101
9 89.03284 455.6378
10 253.3279 227.4275
11 639.7792 89.97436
12 437.4439 427.2619
13 278.3358 291.1655
14 62.50779 336.5172
15 437.8812 675.0644
16 316.2253 413.3835
17 119.8773 319.3718
18 160.7446 779.0611
19 807.7591 638.7762
20 327.1424 909.8334
21 182.6478 310.5032
22 521.5948 117.6216
23 889.3612 347.8861
24 50.25615 569.0127
25 394.9511 92.56178
26 773.2352 593.2261
27 913.8482 567.4266
28 567.0716 926.4156
29 616.7637 911.8588
30 717.0697 628.3045
31 426.2273 339.8641
