1 242.6604 193.4742
2 832.3339 759.5249
3 387.5856 430.7976
4 105.7269 734.0025
5 625.1995 668.0053
6 245.7874 870.9226
7 298.6943 289.7883
8 618.6597 468.9845
9 36.38555 445.4396
10 391.9539 925.0893
11 152.2061 789.9564
12 567.5553 384.7248
13 594.3553 768.4262
14 696.46 115.6553
15 126.3433 224.7639
16 196.1184 147.6719
17 518.6597 347.4362
18 350.7253 143.069
19 335.7783 398.9662
20 434.1887 297.8363
21 532.0103 108.6496
22 828.6117 246.325
23 494.9814 277.4524
24 738.3313 444.9241
25 155.456 185.6013
26 855.2907 275.9905
27 775.6169 821.6087
28 734.9165 853.4251
29 729.3287 508.9873
30 62.87308 372.9609
31 581.5845 249.227
