1 256.8301 876.8565
2 699.3089 681.9765
3 390.3392 615.6949
4 252.6986 764.8928
5 890.2358 343.5992
6 721.2136 733.7322
7 785.7662 228.2097
8 505.7487 832.7386
9 363.3029 920.6291
10 88.77425 285.9722
11 619.3542 570.3489
12 476.6592 705.1384
13 52.71328 622.0426
14 828.7149 763.1647
15 518.9613 769.3981
16 702.302 793.264
17 651.9193 759.664
18 644.345 647.8606
19 785.7137 580.2392
20 888.3955 660.4715
21 768.2549 168.407
22 147.4623 790.2408
23 909.5772 404.0802
24 35.03081 505.7142
25 585.0844 770.7078
26 46.42939 386.6699
27 730.707 137.2208
28 766.1813 687.3871
29 539.8598 628.5946
30 848.8289 386.6278
31 864.7393 528.7511
