1 581.7608 487.7035
2 123.5414 669.9682
3 467.8597 414.5749
4 638.1718 511.6724
5 702.2723 848.9243
6 63.57505 657.1345
7 32.21183 495.1927
8 459.463 504.3839
9 405.6974 399.8663
10 341.7605 638.5286
11 143.5842 521.606
12 98.29005 723.2427
13 540.1144 435.5
14 449.7936 353.7625
15 618.7355 568.2093
16 153.5226 792.6255
17 912.3515 570.3552
18 157.4911 723.8373
19 465.4281 870.9072
20 762.3529 162.2457
21 586.9053 386.5208
22 890.9763 510.5257
23 910.9846 412.6778
24 38.64496 555.2336
25 410.7436 735.7187
26 400.6033 669.0605
27 687.112 460.6179
28 351.2722 435.0356
29 76.1868 302.2528
30 432.4108 279.0281
31 557.7011 799.1669
