1 744.5483 423.5184
2 405.0274 316.9797
3 514.0287 154.6847
4 506.9717 364.706
5 636.9471 524.8598
6 107.6043 410.6662
7 392.5621 410.669
8 725.2844 484.9138
9 214.6673 138.7145
10 561.6472 117.9203
11 614.7818 83.75678
12 279.6506 889.0516
13 692.0057 160.8028
14 833.1353 473.374
15 192.0088 833.2446
16 552.8893 551.8858
17 894.6006 641.0554
18 583.8731 449.7934
19 61.65165 463.7674
20 583.922 170.3494
21 787.255 252.4968
22 856.8492 280.3135
23 552.576 61.24837
24 228.2338 278.1404
25 253.8577 820.7802
26 37.20109 555.7176
27 916.0821 551.7676
28 873.4532 592.8972
29 123.276 476.6475
30 501.6224 94.12433
31 492.8903 248.772
