1 502.281 552.3428
2 511.768 56.61166
3 562.5335 270.7336
4 430.0493 933.003
5 507.5427 721.6542
6 579.6299 65.00784
7 446.8751 58.49137
8 499.0848 656.6778
9 364.8126 343.0264
10 266.2397 192.6947
11 172.2234 171.1955
12 217.0001 195.8812
13 862.1611 287.6702
14 102.2222 596.2203
15 82.34865 294.3245
16 711.3223 123.8507
17 346.0668 74.69964
18 498.0448 268.2118
19 70.2277 645.8185
20 543.6147 211.9161
21 391.1755 397.6952
22 132.2606 217.5741
23 331.1695 421.1857
24 516.3017 147.7411
25 424.3345 317.901
26 437.6821 243.4448
27 592.8415 918.9719
28 549.4831 599.2767
29 554.237 97.58735
30 132.2634 275.3931
31 343.4659 519.756
