1 711.1749 598.6058
2 285.0503 701.5645
3 230.3945 359.6539
4 324.3716 615.4155
5 70.0996 491.966
6 406.8393 554.9054
7 558.9437 242.6291
8 403.3568 708.7442
9 369.9105 658.4008
10 192.9113 157.4075
11 637.6819 290.9094
12 162.7299 495.7863
13 422.4195 171.081
14 172.3944 388.0148
15 455.0706 936.672
16 165.7777 644.2583
17 55.55572 548.9084
18 279.4387 764.7641
19 534.1103 622.0369
20 288.7831 894.7271
21 48.31558 610.5725
22 270.2754 316.1742
23 659.674 482.0116
24 314.6616 557.1964
25 248.4969 134.297
26 429.8907 656.154
27 918.3911 535.6341
28 506.4935 934.4795
29 552.1019 929.4253
30 754.4291 471.8044
31 87.60363 342.9202
