1 330.4229 907.5222
2 582.1923 244.2463
3 163.4597 555.8323
4 173.0071 616.6264
5 918.0262 540.2262
6 366.2212 324.4549
7 567.2039 64.14481
8 495.6149 604.0901
9 361.8128 854.1588
10 129.0396 505.9633
11 739.6204 143.0941
12 226.2034 556.1537
13 48.47599 613.4409
14 727.4818 496.8722
15 530.5149 351.342
16 299.8073 856.1004
17 294.2677 793.4564
18 539.4448 197.5364
19 716.6262 711.5287
20 667.3133 894.73
21 897.4131 357.563
22 70.85693 671.2727
23 718.8141 646.2085
24 49.73326 376.5648
25 242.4764 611.8186
26 364.4618 167.955
27 876.0059 310.6983
28 393.7411 928.225
29 422.3796 167.8989
30 507.3772 56.97698
31 747.7655 550.1754
