1 367.1225 104.3581
2 782.6053 814.4424
3 407.7908 218.7141
4 134.1525 773.9443
5 351.6107 590.3058
6 338.5275 744.4895
7 511.4387 164.9775
8 417.8903 348.4986
9 137.9251 423.6906
10 290.4627 892.7638
11 314.2279 811.4421
12 463.0262 200.7412
13 409.1827 612.9081
14 719.4787 129.2542
15 97.37652 263.0355
16 293.6706 156.7727
17 342.956 530.753
18 444.8115 55.73827
19 382.2819 159.6192
20 569.8704 147.3227
21 288.6742 95.30687
22 721.353 216.3528
23 470.6386 111.3044
24 725.6218 681.4763
25 132.4194 211.5093
26 748.9167 183.7116
27 726.8063 861.2988
28 680.0246 887.5878
29 551.5589 689.7114
30 54.70969 484.7254
31 508.8264 63.40569
