1 696.0952 114.4357
2 603.7834 75.5761
3 346.9053 362.8866
4 359.8893 471.3906
5 493.0521 623.6077
6 467.1679 567.8332
7 551.0861 233.3656
8 512.2856 524.8003
9 113.9402 437.5856
10 599.7979 277.0405
11 346.7847 790.8156
12 51.80814 619.1554
13 769.2072 252.7642
14 175.0206 723.9514
15 302.0324 837.353
16 822.1015 222.7653
17 513.1161 436.8836
18 94.91446 552.0926
19 159.0347 485.448
20 328.4061 890.9853
21 909.3008 590.2078
22 123.8428 228.2214
23 165.7395 180.8931
24 601.8166 703.1275
25 679.5768 649.0635
26 583.9731 760.8864
27 261.205 879.5645
28 570.0087 924.679
29 834.6882 701.2089
30 588.9118 865.5858
31 450.7226 508.3671
