1 363.8718 337.7547
2 312.1945 723.0556
3 594.1457 667.3266
4 588.4545 221.574
5 753.6803 836.3714
6 71.92844 617.4332
7 163.4884 616.9458
8 755.0099 603.6516
9 553.3331 712.3218
10 647.1451 762.8117
11 150.8611 677.8023
12 75.04937 680.9818
13 630.0716 682.7575
14 545.4742 631.5321
15 765.1127 266.55
16 260.1058 761.3967
17 675.463 462.8462
18 211.6472 847.4924
19 558.8726 928.9337
20 816.1508 218.0317
21 516.85 578.5189
22 793.9386 717.6202
23 644.3585 349.4489
24 69.82623 450.8743
25 734.801 734.2987
26 723.4435 654.469
27 900.101 372.0585
28 202.7493 147.7995
29 69.77842 313.0876
30 171.5176 474.7753
31 863.5785 660.5569
