1 468.0196 304.6038
2 216.0279 739.3031
3 550.4424 596.5079
4 665.5253 289.672
5 727.3108 857.6288
6 45.55616 625.8226
7 106.6971 542.0415
8 665.0337 609.0938
9 497.2379 634.1464
10 542.7958 766.5071
11 101.1327 629.5398
12 75.26361 687.9475
13 593.8644 610.1255
14 489.6552 569.2781
15 746.051 359.2913
16 210.925 803.7714
17 768.3169 448.1487
18 148.4824 788.7219
19 587.4056 922.7972
20 814.5423 217.9648
21 507.8651 513.0933
22 748.3815 660.8053
23 726.9967 296.7172
24 43.67707 538.8746
25 665.7986 710.4689
26 628.9402 656.0355
27 860.6767 331.9579
28 215.9302 225.308
29 74.83115 303.9112
30 250.1089 416.6074
31 778.4399 716.76
