1 308.7435 902.1524
2 695.1311 700.2454
3 308.1314 679.2994
4 155.4384 740.6222
5 865.7034 412.9879
6 800.5953 725.1012
7 797.6374 192.1149
8 402.2337 846.5222
9 440.6483 934.4629
10 112.7476 338.9395
11 629.2913 678.1445
12 378.825 699.1802
13 108.0999 635.1418
14 814.5384 783.0321
15 474.0001 681.1401
16 755.655 815.6184
17 744.6725 755.6746
18 682.1015 636.8841
19 737.3095 502.1896
20 896.8977 578.9425
21 742.7174 153.3776
22 190.1119 829.8538
23 915.5457 444.3986
24 33.92133 501.1851
25 497.3654 789.7259
26 49.06688 371.8623
27 680.9065 106.6433
28 731.4345 603.3177
29 526.576 723.3378
30 851.3786 473.3039
31 793.8574 462.8584
