1 709.945 208.5105
2 602.4178 845.2546
3 244.9181 560.4859
4 75.44452 682.2416
5 439.7793 508.4166
6 851.8945 269.3973
7 493.5586 53.60817
8 698.4151 367.9904
9 111.7176 245.5616
10 122.8138 753.7768
11 708.1004 847.1189
12 336.3311 479.6287
13 318.4568 905.3939
14 883.4363 328.6678
15 376.6494 66.46575
16 842.998 422.1087
17 268.4733 883.781
18 166.3011 226.248
19 525.1603 327.6513
20 472.8182 422.794
21 435.3202 58.06372
22 534.7438 136.326
23 430.3158 222.5448
24 375.6707 820.3975
25 188.6624 162.8026
26 827.5016 765.7011
27 793.5567 723.4847
28 654.4592 874.4843
29 455.9911 934.3109
30 324.1794 741.156
31 696.199 511.2851
