1 651.9288 759.5028
2 723.8625 859.5857
3 193.9762 575.8876
4 329.3461 564.3435
5 842.6225 584.2949
6 465.332 56.40347
7 419.4649 576.6968
8 515.2917 687.898
9 916.2048 541.0676
10 475.5153 546.6923
11 108.9966 740.6491
12 405.6351 406.5438
13 34.01306 445.6566
14 617.0865 124.149
15 876.8622 318.8419
16 536.3301 566.7432
17 805.3195 700.0405
18 356.4945 620.0996
19 290.8088 290.6129
20 488.9148 611.7959
21 665.8237 568.8616
22 868.6537 699.5211
23 326.3702 410.0269
24 39.40604 400.4101
25 488.5438 337.0773
26 839.2194 750.6672
27 74.35733 364.2406
28 31.75457 502.7852
29 726.0122 774.5669
30 678.5767 209.1265
31 429.947 306.1934
