1 316.7956 438.8475
2 407.7715 739.478
3 602.1075 725.2181
4 491.1925 224.8307
5 810.3822 787.4191
6 164.0577 646.8989
7 154.1526 710.5274
8 824.2432 546.4761
9 597.1693 794.3945
10 728.7009 706.1282
11 234.4045 758.9425
12 45.93438 604.724
13 644.533 751.219
14 641.4808 658.1917
15 762.7069 161.0162
16 347.0024 752.0851
17 590.426 516.814
18 274.6074 887.8623
19 566.4504 927.4519
20 824.7163 228.2416
21 521.1291 661.5089
22 855.7482 723.0858
23 630.8328 452.2303
24 95.84497 364.4668
25 797.7065 723.0606
26 817.9543 650.976
27 912.9865 421.3503
28 257.6246 111.6714
29 94.04158 269.2107
30 84.84445 527.0736
31 906.6156 592.2889
