1 536.1097 61.6106
2 711.5829 869.5963
3 246.3681 189.2745
4 181.6845 824.4772
5 268.0573 837.9857
6 508.9415 505.0025
7 676.5978 104.9944
8 439.1233 567.8587
9 107.6657 247.408
10 316.45 902.7461
11 579.7928 775.4067
12 304.5646 143.3307
13 250.0286 701.1428
14 875.7211 310.6727
15 198.5725 149.8329
16 460.6342 334.5228
17 207.6702 729.3489
18 429.6102 192.0381
19 459.9276 54.70986
20 613.0284 91.43465
21 252.364 116.1306
22 580.7386 231.4152
23 373.4681 77.06235
24 649.6864 839.1166
25 357.4526 241.8724
26 708.3722 382.9525
27 655.4067 897.6701
28 608.5826 918.3157
29 424.9963 902.1668
30 109.4198 736.5154
31 523.3735 200.5627
