1 579.3524 358.3189
2 604.8128 626.038
3 660.6699 898.5774
4 616.2389 444.689
5 649.1469 665.644
6 454.6229 933.1548
7 221.0359 828.2836
8 634.9073 290.5415
9 837.3709 751.315
10 665.9699 481.0038
11 550.1313 927.9334
12 41.08119 577.3257
13 679.8577 839.0176
14 871.3549 696.551
15 837.209 244.6318
16 751.6253 794.8878
17 629.9917 860.2621
18 256.6084 878.0512
19 608.3831 916.9651
20 878.0622 316.743
21 711.9297 867.4076
22 627.6153 803.2902
23 895.1427 637.7796
24 422.8944 104.8164
25 608.7818 564.3573
26 699.1598 713.0628
27 767.0032 299.7857
28 136.0167 223.1163
29 95.25558 271.7076
30 104.1584 723.7329
31 677.0117 388.7121
