1 337.4985 369.0935
2 347.3536 726.1738
3 605.1693 683.1228
4 554.6715 213.4805
5 776.7633 815.4751
6 102.1298 611.1569
7 166.0306 649.5464
8 782.9634 588.7433
9 576.5585 738.4366
10 684.2146 748.9706
11 176.715 709.799
12 66.69132 662.3323
13 635.5351 709.9956
14 580.1185 642.6544
15 766.8647 228.3496
16 291.5496 752.1867
17 644.4675 481.7436
18 237.0547 863.7738
19 567.337 927.0141
20 821.7871 225.0355
21 516.8957 603.5682
22 821.0855 735.4165
23 628.5496 385.1435
24 78.46155 419.1188
25 764.0487 753.8565
26 758.0661 653.1927
27 904.7765 387.6457
28 223.4324 132.7233
29 81.32846 290.1478
30 141.6119 494.5832
31 888.1885 638.8191
