1 391.0047 690.8711
2 479.416 55.59278
3 393.6839 632.8007
4 594.307 920.8091
5 450.0303 249.6326
6 540.3018 56.59522
7 454.4221 105.4706
8 522.5702 604.0466
9 523.9361 668.1895
10 466.8001 476.5775
11 452.6694 410.0745
12 346.0944 589.4587
13 781.0133 716.8384
14 563.3939 870.1344
15 355.6499 296.2734
16 600.3331 74.01095
17 547.6179 124.2881
18 185.02 315.6305
19 74.61676 306.0662
20 287.4935 479.3849
21 523.1301 815.2574
22 232.715 269.7885
23 648.2218 623.3182
24 898.2589 398.8499
25 592.8189 653.7215
26 302.1453 700.3936
27 847.2065 736.5692
28 805.8313 259.5782
29 305.9777 236.4986
30 522.6338 445.0709
31 36.97401 558.086
