1 603.0999 415.9349
2 647.4856 654.8391
3 633.6215 907.8021
4 579.7438 475.1112
5 710.3466 667.3553
6 464.408 933.5329
7 180.7507 819.0411
8 688.325 276.2901
9 828.104 760.2637
10 707.9307 479.1894
11 530.9477 929.1421
12 37.72844 556.554
13 674.0907 877.3795
14 863.2768 710.6684
15 805.3684 202.1167
16 707.5649 806.751
17 596.4185 862.7265
18 230.4791 857.6721
19 590.448 922.5657
20 865.7522 290.5155
21 719.2048 863.2106
22 662.7087 771.5651
23 848.0998 654.8789
24 378.6891 131.628
25 664.7978 592.3055
26 755.1667 705.6415
27 791.7055 344.6553
28 130.5756 217.4042
29 93.10982 269.5992
30 93.48656 667.7148
31 731.126 403.9377
