1 313.7337 533.4478
2 496.9532 55.92044
3 764.7248 248.8577
4 589.0311 842.242
5 268.5109 650.8302
6 601.7049 72.28722
7 391.3765 161.5145
8 294.8036 588.2259
9 582.0627 221.7496
10 452.8203 160.9214
11 187.2428 162.6554
12 350.8681 207.4976
13 851.188 268.9782
14 34.54557 519.8097
15 60.46087 370.4105
16 790.8015 189.0633
17 330.116 146.6545
18 666.6045 194.644
19 68.6936 667.3497
20 473.7106 110.1483
21 593.3276 287.0369
22 143.3124 204.5366
23 505.5018 238.4536
24 436.7615 58.95381
25 590.0223 136.3298
26 222.9582 216.1674
27 442.9837 915.0566
28 647.0676 814.8431
29 540.6816 97.2312
30 107.1863 244.8662
31 558.7877 633.1251
