1 173.3681 441.2239
2 797.0512 572.1338
3 82.47028 698.1329
4 138.3609 780.1304
5 471.7477 934.4842
6 70.59638 461.7025
7 397.454 512.6831
8 168.4545 732.2599
9 152.0197 669.4597
10 125.5025 487.6706
11 177.0893 381.3812
12 256.569 604.3932
13 685.1614 665.0632
14 642.8085 396.0158
15 35.90752 514.195
16 411.6033 140.8314
17 839.6274 348.8808
18 251.491 129.6177
19 58.64049 641.8987
20 206.8478 639.6413
21 823.5678 450.6495
22 880.8518 473.5621
23 377.2 343.4376
24 383.9759 251.4294
25 189.7018 158.9436
26 918.6971 532.2533
27 858.4229 722.906
28 827.8706 763.8396
29 871.5306 294.0312
30 64.05716 335.2736
31 298.3892 652.4138
