1 500.0196 437.4595
2 322.2148 381.0777
3 589.2256 309.4151
4 753.2018 424.2585
5 872.0767 459.5634
6 876.0785 313.1678
7 260.7049 131.4633
8 489.6397 311.602
9 32.56129 469.3358
10 718.609 507.5794
11 592.3066 873.6257
12 95.68877 717.8128
13 898.0774 427.9214
14 212.653 847.1119
15 590.4112 738.8115
16 368.577 422.2431
17 757.7937 654.8335
18 426.8873 645.4696
19 115.5401 236.7428
20 336.3745 577.8094
21 697.6786 567.9498
22 440.1698 65.34345
23 339.6164 74.54728
24 673.6202 467.557
25 921.504 500.6221
26 46.20529 599.583
27 543.7648 930.6611
28 639.9423 902.8739
29 915.3362 391.8784
30 144.558 559.246
31 876.6074 369.2777
