1 526.3146 527.2253
2 551.2469 419.7491
3 549.7587 224.8401
4 692.0276 295.7496
5 608.3945 800.5974
6 319.8583 327.3808
7 373.5137 172.6876
8 493.2976 474.842
9 89.85185 315.503
10 559.2222 105.5997
11 775.0724 176.4202
12 198.9446 837.8198
13 520.8848 281.8516
14 765.523 734.1272
15 133.8611 774.7798
16 508.3508 768.4713
17 865.1331 705.6808
18 439.1496 336.2026
19 108.3524 252.5101
20 467.3138 194.6902
21 547.8972 164.0302
22 702.9438 236.0624
23 456.9162 56.13252
24 439.2668 130.1188
25 544.1995 818.2109
26 37.23736 575.2623
27 838.7602 550.8919
28 890.7792 578.05
29 288.9302 528.4614
30 395.3486 62.52036
31 520.8138 57.87986
