1 482.1516 300.8594
2 511.7676 605.4862
3 674.4071 894.9173
4 639.4716 386.5002
5 540.0511 674.7343
6 508.6309 934.7942
7 311.4043 807.8697
8 550.9431 337.0196
9 784.3042 688.2069
10 577.6154 515.9661
11 569.9486 925.6663
12 51.39676 618.3451
13 745.5906 775.1887
14 841.0067 707.5539
15 874.4823 303.9636
16 824.4986 770.406
17 657.9669 855.2775
18 200.8646 835.5765
19 625.8198 908.9676
20 896.5461 362.4307
21 720.6539 862.1182
22 626.1875 805.7963
23 912.8185 555.29
24 500.168 58.25306
25 514.6945 521.7409
26 589.3897 719.3541
27 745.2922 211.7342
28 205.6181 301.4927
29 156.6924 264.5025
30 150.9995 788.8692
31 604.3393 332.9743
