1 293.5572 219.6178
2 850.0006 732.0811
3 350.121 481.8873
4 78.98583 687.6403
5 659.2088 724.4513
6 263.4185 881.4938
7 274.0203 343.805
8 586.5386 522.4795
9 88.20818 425.3133
10 355.4326 916.5381
11 169.495 813.9361
12 570.6317 432.2068
13 640.5248 815.8766
14 741.7728 146.5006
15 106.3906 252.5715
16 205.5031 150.7712
17 555.0156 325.9216
18 285.3786 159.4686
19 296.9742 444.4953
20 429.3833 350.5967
21 589.5601 132.4405
22 842.5047 267.2359
23 493.0411 347.9998
24 739.1214 402.2455
25 143.5305 204.3879
26 867.9182 297.8904
27 788.9672 810.0924
28 749.019 844.0555
29 763.5584 460.032
30 113.2507 326.8505
31 605.8797 304.6842
