1 708.9049 121.2928
2 592.7081 71.70493
3 354.1296 341.8268
4 348.6844 453.6692
5 469.9615 615.0718
6 445.5201 560.1927
7 554.564 219.9241
8 493.0804 515.5224
9 131.1932 452.9646
10 609.5775 259.7549
11 339.8671 794.1505
12 50.96413 616.056
13 769.2543 234.4433
14 193.206 710.3643
15 289.2257 833.1185
16 833.5069 231.259
17 532.9009 426.3387
18 110.8913 569.8343
19 176.0792 495.7268
20 335.4681 873.5432
21 909.619 585.804
22 122.32 232.1252
23 165.6548 179.6956
24 618.2653 711.566
25 664.3055 634.5116
26 594.4392 780.7696
27 257.0097 876.9356
28 566.2388 925.8781
29 824.2168 718.6107
30 605.367 876.693
31 431.9815 497.2001
