1 706.1025 120.1003
2 596.0693 71.90115
3 350.94 348.2695
4 352.2541 459.2729
5 477.6886 617.255
6 452.8284 562.4797
7 554.0882 222.8825
8 499.5613 518.5427
9 124.7884 446.6158
10 605.9877 263.2533
11 343.2497 793.1335
12 51.10903 616.6829
13 769.562 239.8993
14 187.404 714.7582
15 293.3305 833.2711
16 830.3041 226.133
17 525.5613 429.2864
18 105.3121 563.579
19 170.1955 491.8965
20 334.2372 878.8213
21 909.4381 587.9464
22 122.742 229.5745
23 162.6106 179.4522
24 613.3272 708.3888
25 669.3976 638.9487
26 591.175 773.1129
27 259.5244 877.4631
28 567.4036 924.7734
29 828.2139 712.7756
30 601.0734 871.5867
31 438.5638 501.2414
