1 252.7883 509.0878
2 886.4339 613.6309
3 66.92196 664.7995
4 94.91103 716.7518
5 494.5235 933.8144
6 151.1497 554.1206
7 371.9291 553.3832
8 283.2505 699.6572
9 255.0435 642.3646
10 178.856 606.3615
11 172.571 489.219
12 308.3522 548.5583
13 696.5924 766.3743
14 741.3825 336.6153
15 38.6096 426.7706
16 363.3457 69.69299
17 783.0222 276.7881
18 256.6958 111.8745
19 46.40233 601.8549
20 248.2285 570.8872
21 847.1815 389.7479
22 910.8368 412.7082
23 318.8227 454.8235
24 485.2996 252.276
25 122.0509 228.3968
26 919.5296 469.9129
27 847.4179 739.0465
28 816.4808 779.2799
29 894.3591 349.4482
30 46.81241 369.4456
31 393.2235 608.1428
