1 350.8742 653.9254
2 549.271 62.60894
3 178.8026 727.5753
4 154.88 794.9593
5 858.6624 403.2641
6 110.2827 243.5695
7 490.2632 116.9597
8 461.1689 833.5949
9 276.34 754.3251
10 184.4362 568.2175
11 661.4998 135.2532
12 320.2957 712.9012
13 157.1502 598.9009
14 590.4618 263.1312
15 309.9258 172.5865
16 248.4259 873.1287
17 204.7068 823.6643
18 625.7477 80.64542
19 524.7888 841.1362
20 539.3677 931.3274
21 896.3319 355.2976
22 122.2606 626.9409
23 878.1414 684.048
24 48.67665 375.3163
25 218.6274 769.5712
26 408.2065 60.22584
27 875.071 308.2754
28 266.3556 814.1779
29 427.9271 117.8276
30 466.9423 55.30717
31 537.8886 438.8213
