1 689.1498 606.9237
2 278.4772 680.2664
3 239.9794 378.3775
4 341.3435 607.4958
5 80.14092 506.6661
6 432.8754 561.4921
7 547.3842 259.7358
8 413.3282 729.2378
9 363.2401 678.2538
10 189.9357 160.6515
11 648.6 312.1537
12 160.7138 515.2528
13 441.8292 182.3854
14 176.7826 372.5075
15 452.7408 936.8877
16 164.8455 668.0827
17 56.20492 559.4635
18 291.9135 747.5492
19 515.0795 627.0809
20 289.5115 894.2397
21 52.60026 623.8067
22 279.1364 329.8801
23 678.1553 498.3707
24 332.0391 548.4303
25 249.3065 153.2722
26 425.6004 668.0075
27 918.5279 523.0919
28 501.6858 934.2262
29 546.6754 930.4802
30 754.1704 453.0051
31 65.79474 344.0244
