1 486.2799 438.0066
2 480.6273 55.00612
3 505.2086 377.3279
4 481.9354 935.154
5 590.6464 590.9989
6 542.1436 56.16265
7 437.3654 58.73863
8 570.2305 532.2235
9 326.0131 486.6121
10 294.5918 317.1159
11 312.8014 96.91402
12 221.1652 323.1359
13 900.7783 428.0057
14 258.6499 629.8958
15 146.7916 198.9868
16 775.3249 174.3993
17 374.0435 64.30073
18 424.9991 424.0406
19 116.2745 522.0616
20 475.4182 313.4942
21 373.4137 521.9568
22 206.6905 144.1132
23 331.7442 579.5551
24 631.5629 231.6295
25 379.2047 463.154
26 444.7145 366.6991
27 677.1644 886.6928
28 568.6343 447.6314
29 521.1749 96.95129
30 233.8284 242.327
31 185.5454 521.8945
