1 882.9992 454.7828
2 890.0011 595.4433
3 124.5791 622.9167
4 374.7191 823.6195
5 459.5864 269.389
6 824.2675 475.9582
7 713.0274 570.0688
8 791.1454 522.3469
9 830.8057 341.7451
10 911.6577 509.0619
11 685.0984 885.3236
12 252.1139 424.5952
13 128.5607 521.6596
14 212.5666 257.5105
15 823.1096 771.8891
16 852.4342 400.5704
17 890.344 653.675
18 582.0494 922.5854
19 68.12038 321.0126
20 849.2915 714.1677
21 341.1871 727.1523
22 910.3638 412.1771
23 413.1418 591.0891
24 39.86034 565.5401
25 297.4601 626.565
26 441.9199 643.9307
27 161.8423 183.8548
28 252.0196 305.9292
29 516.0249 922.9003
30 148.6193 242.5552
31 584.4846 68.4646
