1 904.5128 605.7446
2 258.4156 878.2532
3 343.4391 250.3675
4 57.74707 635.4178
5 110.486 241.9106
6 59.36093 364.2285
7 609.6942 74.18661
8 425.184 384.2156
9 88.21546 419.7156
10 286.4283 250.3889
11 662.936 99.60991
12 443.848 446.1004
13 269.1774 313.7974
14 77.01258 304.6707
15 444.7929 639.0706
16 350.8187 414.7747
17 134.8713 300.9703
18 156.699 741.7922
19 831.1842 641.4228
20 326.2038 909.7978
21 196.564 286.8458
22 556.8393 122.1732
23 903.6542 384.8578
24 39.52432 571.2851
25 395.5335 127.4557
26 794.0377 596.0848
27 917.4692 551.5519
28 576.9629 924.37
29 624.4888 910.8606
30 728.6303 605.8097
31 461.2458 345.7656
