1 558.6869 63.26867
2 727.9978 866.7097
3 163.5492 262.734
4 191.9274 833.0364
5 330.5221 823.4878
6 622.5427 422.6963
7 643.0905 88.4764
8 558.0106 588.9521
9 104.2693 251.5647
10 306.1093 901.2723
11 703.2054 815.3353
12 229.0702 229.869
13 278.5602 772.8003
14 909.3493 408.713
15 242.4181 120.5609
16 548.7405 414.4484
17 258.4535 825.1153
18 347.2609 204.8481
19 493.7358 53.85129
20 557.5024 174.392
21 291.7529 95.16392
22 494.1736 194.9416
23 352.1274 73.58647
24 550.4875 874.0596
25 428.359 228.7738
26 731.3375 503.9142
27 674.9163 870.7754
28 628.9657 910.0544
29 386.6744 926.5522
30 148.8727 790.0467
31 489.3876 313.8706
