1 582.2238 491.2156
2 673.2289 679.3115
3 607.6313 916.1887
4 520.6758 481.4484
5 763.3042 669.6195
6 429.9718 926.0403
7 148.3694 795.3932
8 756.9886 286.7175
9 800.3977 797.5068
10 783.3152 495.609
11 502.3496 931.2266
12 34.25038 529.9477
13 661.5814 903.353
14 839.7421 748.2455
15 759.1098 158.8066
16 656.9675 810.7409
17 547.1444 808.7605
18 213.0589 782.7954
19 563.699 927.1839
20 842.0989 252.0623
21 679.3354 864.7443
22 699.4536 736.6407
23 812.7074 613.296
24 325.6637 169.2557
25 715.1851 627.8864
26 823.2363 690.0603
27 838.2191 389.0238
28 157.3252 186.215
29 91.19089 273.5664
30 97.2941 600.1332
31 795.3718 433.7705
