1 609.7481 742.6033
2 234.7251 605.4847
3 334.1437 504.373
4 451.7816 531.7775
5 173.6605 589.9249
6 603.9396 592.141
7 410.9808 308.1566
8 551.3497 780.5851
9 390.7644 826.8721
10 259.6122 111.1631
11 756.5576 440.7995
12 192.1662 647.9148
13 570.4481 268.1017
14 338.4857 330.1254
15 419.8136 933.2448
16 206.0988 817.9565
17 130.7331 632.4011
18 357.4008 613.5088
19 385.8424 683.6188
20 285.3605 892.6167
21 64.55392 554.5796
22 384.4368 432.7364
23 828.8883 441.9018
24 452.9579 473.1685
25 258.5678 315.9587
26 450.0024 813.6383
27 912.5638 421.8511
28 468.3415 935.8203
29 517.9727 933.6314
30 780.8143 300.0471
31 37.06423 410.9394
