1 388.8482 453.3039
2 588.4638 436.2044
3 200.073 539.6114
4 144.0972 787.3059
5 524.3134 909.5038
6 35.47615 493.5573
7 335.6419 255.8338
8 231.9989 600.5224
9 80.97571 453.6043
10 30.94674 559.6777
11 178.9302 166.4391
12 155.5819 472.6943
13 537.0278 478.3377
14 355.9478 374.4191
15 76.49688 538.0637
16 448.7458 420.1518
17 652.9533 476.1529
18 474.724 309.7855
19 139.8192 601.4165
20 205.6858 790.4402
21 645.9724 415.3479
22 589.923 501.3349
23 649.5317 272.8471
24 136.5571 213.9458
25 441.1398 232.3613
26 870.3767 336.7049
27 900.7766 630.3106
28 816.4584 777.304
29 716.6961 128.8976
30 120.0049 271.8367
31 174.6072 734.7941
