1 541.4987 482.519
2 279.3539 419.9078
3 563.6791 258.5449
4 749.8345 370.9849
5 867.7325 438.1821
6 872.7299 307.8772
7 285.6909 113.4717
8 457.9004 362.7032
9 35.25864 441.0691
10 761.6217 476.7053
11 610.3268 852.9431
12 102.2592 729.2972
13 903.2711 420.9429
14 241.4153 864.7594
15 549.1046 691.341
16 327.7516 455.3001
17 807.6942 664.104
18 444.2011 700.4042
19 115.6608 238.1588
20 326.7909 531.4478
21 657.3299 537.4985
22 460.12 56.89269
23 341.8657 75.40753
24 713.8803 436.0385
25 916.8967 479.092
26 47.96708 611.6622
27 546.5902 929.445
28 609.3026 916.9824
29 918.8337 387.1677
30 104.1354 520.2072
31 880.9365 371.1604
