1 291.7614 390.1199
2 664.5927 487.1418
3 122.7595 640.1403
4 168.5056 811.3984
5 502.2855 934.2014
6 31.351 483.5121
7 391.1871 360.1084
8 134.0524 700.072
9 103.3121 559.8942
10 41.25744 535.141
11 187.3378 185.3807
12 156.6868 589.7532
13 606.5592 523.4437
14 466.0166 407.3975
15 39.70359 580.528
16 455.6323 298.4369
17 778.1679 463.2427
18 371.6047 250.3815
19 63.76153 656.6926
20 200.3726 695.6168
21 710.7446 451.6387
22 722.4474 516.9203
23 515.5867 277.8007
24 227.6068 232.8947
25 336.9221 148.8264
26 915.8636 453.1004
27 872.2412 694.2017
28 847.1821 738.9391
29 794.9358 193.9505
30 81.15515 293.9521
31 179.678 746.8911
