1 594.2067 804.9076
2 569.9635 923.8467
3 31.26568 513.3873
4 318.7582 663.0866
5 735.8713 143.5687
6 596.4909 226.1375
7 775.9649 358.1564
8 526.3857 880.6385
9 620.3844 739.6674
10 63.95847 654.8022
11 383.3486 921.0914
12 440.0366 676.4604
13 84.00662 283.9014
14 821.6322 674.6796
15 571.4017 65.84809
16 738.885 850.7548
17 784.4653 811.4482
18 311.6244 752.4318
19 509.7226 56.82125
20 821.271 394.9865
21 863.8725 288.3088
22 586.4638 862.8231
23 831.1238 236.5965
24 119.5684 230.7366
25 141.3482 421.8365
26 385.3282 617.1426
27 275.7397 100.4317
28 315.9446 289.1245
29 617.1928 913.0074
30 917.8812 523.8541
31 779.8849 181.8215
