1 687.8364 108.5216
2 627.4626 81.73283
3 352.2257 454.2247
4 419.7123 537.9142
5 605.1192 620.251
6 563.863 576.6285
7 509.7662 306.4545
8 604.6894 522.8365
9 39.41122 409.7431
10 547.4784 360.3025
11 330.1608 821.3752
12 63.12634 652.6539
13 779.2848 345.1918
14 117.2249 752.2522
15 379.9456 859.6169
16 736.0243 193.5665
17 456.9227 485.1193
18 35.24794 471.1916
19 90.13263 442.0833
20 328.7561 909.9627
21 913.9657 551.8145
22 146.6094 257.0124
23 163.0868 195.955
24 538.8766 660.7569
25 754.4336 698.4132
26 507.2708 722.1873
27 271.772 882.3073
28 613.9213 912.8213
29 866.7878 625.4516
30 501.9516 835.0139
31 527.3701 525.8198
