1 299.3583 165.903
2 792.6351 804.6847
3 410.4632 263.6181
4 126.1118 763.6916
5 438.4163 569.7235
6 297.2672 836.8585
7 450.6866 188.987
8 502.7813 326.2691
9 68.24187 470.7784
10 352.6474 914.5293
11 231.7298 841.5647
12 472.02 250.2552
13 460.2314 628.7545
14 707.1835 121.8041
15 142.7061 204.9533
16 256.5858 118.7305
17 400.3669 498.6474
18 461.9861 60.85595
19 360.9914 221.8289
20 510.5344 186.3123
21 346.701 71.29585
22 755.1738 192.0713
23 485.1782 123.7496
24 729.824 608.9116
25 191.9788 161.682
26 795.8329 190.6116
27 745.4846 846.2758
28 701.0489 875.7753
29 615.4725 642.4807
30 36.91225 415.3599
31 524.9909 71.90151
