1 575.1062 572.0918
2 340.5673 913.1178
3 760.8616 825.8429
4 430.8684 467.5887
5 145.4007 786.2408
6 432.4763 712.1954
7 573.0365 929.5363
8 766.9164 612.6609
9 388.9484 828.1043
10 454.4972 934.5947
11 633.885 901.4876
12 216.3194 720.9844
13 851.7311 381.3823
14 394.8849 888.6594
15 597.0792 698.142
16 910.0549 412.9696
17 500.7295 660.7218
18 308.7416 669.9153
19 735.9081 850.9641
20 885.6367 330.9228
21 779.2892 781.1584
22 544.7757 878.3631
23 702.6275 509.4259
24 730.3865 182.5857
25 251.4407 828.7033
26 189.5686 828.8369
27 580.2421 211.9471
28 44.39081 591.7974
29 168.604 632.8208
30 433.0133 545.9118
31 150.149 477.9084
