1 385.4025 521.9368
2 544.7859 536.8757
3 719.2192 860.3577
4 396.2175 281.692
5 350.4251 429.0213
6 195.7897 166.7479
7 860.3066 535.2043
8 547.4352 470.5154
9 680.2401 837.6271
10 914.0108 557.7245
11 574.9764 177.4985
12 39.41944 571.0156
13 296.7417 93.1551
14 163.3319 426.8485
15 668.0446 892.9989
16 451.2937 251.3376
17 55.52388 634.0633
18 610.9003 915.7433
19 854.6343 390.8156
20 631.3248 767.1544
21 375.9167 667.6693
22 244.8055 682.3113
23 358.8914 367.9961
24 456.7315 389.7949
25 351.3691 575.8263
26 326.9045 488.5844
27 235.4062 126.1778
28 175.7472 350.3518
29 302.6383 735.3359
30 879.2012 673.6517
31 253.8337 875.6673
