1 288.7229 892.2396
2 655.7884 444.7734
3 317.9369 402.7156
4 382.9754 597.2816
5 905.2652 505.1409
6 575.6373 506.1413
7 671.5997 101.7194
8 687.8577 707.9681
9 374.2908 923.6577
10 208.3093 346.9306
11 638.3628 266.4791
12 418.3513 499.6898
13 43.27124 591.8308
14 772.5379 736.599
15 610.9033 601.0254
16 519.5039 785.913
17 461.7002 637.4954
18 522.7718 473.1884
19 872.523 699.229
20 826.7627 763.5098
21 871.9389 303.7538
22 84.39922 702.8004
23 721.1027 480.4188
24 37.22376 435.736
25 432.3109 559.3526
26 165.869 290.2568
27 843.4825 250.0628
28 616.0746 879.0849
29 492.7476 370.4795
30 681.6552 175.6232
31 897.5619 640.177
