1 818.5266 424.6011
2 329.9379 908.9419
3 607.8352 330.9966
4 79.11285 692.5311
5 224.7798 130.5152
6 219.3287 190.1304
7 509.727 58.26105
8 579.4346 508.5287
9 247.9017 328.6306
10 411.2773 492.7699
11 730.4555 149.7683
12 283.6459 553.2155
13 157.5321 584.4732
14 282.3657 196.9814
15 545.4381 314.8539
16 668.7852 340.9082
17 67.89954 468.3717
18 57.34356 634.0184
19 895.63 640.56
20 463.8011 917.7331
21 470.1457 128.8501
22 804.4797 260.494
23 819.7294 225.238
24 42.29671 403.4849
25 197.5008 367.7736
26 919.4998 500.086
27 907.1417 400.4357
28 544.5756 893.9138
29 625.9068 908.5658
30 431.8096 631.9907
31 786.1698 312.0025
