1 529.9798 849.3586
2 534.914 935.9502
3 35.06601 540.3923
4 291.1883 576.6568
5 624.9056 131.983
6 708.6704 332.4484
7 878.0186 321.5412
8 519.7948 760.3984
9 597.7905 859.5212
10 46.87973 601.2875
11 448.0078 933.3807
12 497.3909 570.8186
13 136.2149 318.7911
14 839.4308 749.5634
15 507.9348 178.4123
16 765.1762 828.8013
17 803.3027 791.26
18 441.9368 810.3242
19 576.5526 90.89763
20 902.9437 381.1323
21 815.1948 214.7992
22 502.8643 902.4576
23 751.8305 151.7241
24 102.1374 257.8494
25 212.8278 542.1372
26 296.3208 514.8389
27 370.5042 67.35809
28 451.4396 268.0944
29 596.5207 920.8859
30 916.3146 536.205
31 691.23 112.4309
