1 572.8116 140.5308
2 546.5042 200.0471
3 447.9442 544.1839
4 555.7973 601.2211
5 759.6851 584.0086
6 729.2888 514.9359
7 364.8565 350.1603
8 703.2946 409.0927
9 36.21272 479.3751
10 527.6508 510.6333
11 329.0705 863.3041
12 74.94548 681.4544
13 788.8471 497.9269
14 169.9146 813.1789
15 547.242 894.435
16 599.2238 225.0808
17 508.441 560.1736
18 154.0041 477.8774
19 101.1896 317.8233
20 369.171 820.4521
21 891.0031 637.427
22 306.3934 278.7453
23 302.4935 215.884
24 467.8715 606.8263
25 868.8338 699.0591
26 338.3227 653.3602
27 354.363 919.7578
28 688.8883 881.1968
29 898.9847 550.489
30 371.8566 761.2021
31 678.6064 508.0884
