1 167.8544 410.8739
2 756.9637 542.1232
3 92.12829 696.8243
4 158.4449 799.6078
5 440.8828 932.0594
6 31.56636 461.6742
7 411.8417 462.5028
8 120.9469 748.0723
9 130.553 639.4059
10 100.5243 470.9243
11 178.6735 324.479
12 200.6277 607.6803
13 664.2013 613.9027
14 585.586 409.8189
15 34.68747 526.5925
16 429.5922 194.2617
17 842.266 372.2568
18 287.2605 167.883
19 60.0591 644.0944
20 186.7157 668.8426
21 783.4983 463.7968
22 834.3111 500.0596
23 423.9856 303.878
24 331.3743 253.771
25 230.7789 130.1138
26 917.4385 546.8906
27 864.5664 712.679
28 834.4504 757.2654
29 854.8088 267.7824
30 73.51579 307.6109
31 259.0179 686.3375
