1 637.7355 391.36
2 226.3765 206.4367
3 759.1981 546.7202
4 725.9088 859.9732
5 180.2129 320.1505
6 360.3079 336.9935
7 673.376 274.0736
8 581.443 371.5617
9 737.9044 486.8938
10 732.8431 421.1435
11 254.2068 115.0073
12 165.3386 171.3844
13 797.5063 495.8557
14 32.82811 502.0514
15 174.5731 793.3858
16 681.8329 470.1885
17 138.2076 208.4571
18 849.5819 262.5366
19 67.3882 663.0268
20 339.71 403.5449
21 685.0971 530.1555
22 110.4784 250.7312
23 541.5764 480.6242
24 255.5844 351.9139
25 592.507 450.9849
26 201.3402 146.7113
27 121.5117 758.2213
28 836.4962 751.5868
29 614.3858 305.6239
30 77.69169 294.3026
31 642.6934 902.973
