1 681.4544 107.9779
2 549.1918 92.2021
3 397.3983 265.6086
4 333.6386 371.5072
5 385.8877 565.5186
6 378.0724 508.8162
7 503.2689 176.776
8 429.3401 461.9427
9 170.5725 536.9631
10 679.7817 257.4461
11 392.9827 745.6552
12 41.12622 580.1117
13 787.9646 196.4125
14 265.4913 651.6955
15 229.9365 794.2885
16 837.3628 243.9054
17 611.307 399.9301
18 190.7395 629.6439
19 231.5755 545.9613
20 386.6069 824.1097
21 887.6011 534.6309
22 131.3983 214.7988
23 231.595 127.7275
24 686.4705 746.9306
25 630.8143 551.5965
26 619.9247 874.6526
27 215.5993 849.4481
28 526.0508 933.207
29 780.9122 785.9399
30 680.3635 889.1858
31 371.4072 449.4626
