1 658.2575 381.2129
2 356.476 918.5752
3 835.5059 747.1855
4 609.4343 417.9115
5 121.9495 666.6982
6 285.7331 540.7117
7 562.6108 802.4302
8 869.1125 467.8981
9 470.2949 876.8908
10 603.8843 916.5798
11 576.1069 715.2075
12 215.6105 539.9096
13 725.2519 279.2517
14 414.1224 893.8836
15 503.0841 823.9124
16 874.0608 343.8779
17 342.9305 569.9848
18 442.8843 813.7392
19 798.8337 797.3437
20 810.6117 423.5679
21 629.064 770.2598
22 459.9254 934.6173
23 804.9068 489.3569
24 821.4359 299.9259
25 293.4308 895.2412
26 94.84099 716.1465
27 410.5231 164.9259
28 34.52844 534.8622
29 66.80527 662.4481
30 594.4294 533.0518
31 48.21174 607.1024
