1 387.3128 512.4552
2 570.0465 66.80743
3 559.4227 522.5026
4 506.0583 935.2415
5 245.8014 443.6628
6 77.41597 528.9416
7 308.4197 464.8183
8 352.1148 332.4565
9 398.6966 413.3209
10 549.4596 127.2823
11 238.7617 866.6211
12 331.0415 541.4783
13 228.8177 560.1326
14 835.2794 504.3345
15 732.3178 137.9633
16 239.3203 384.487
17 846.399 335.2681
18 257.5962 505.2125
19 150.7021 197.1862
20 59.11217 645.446
21 737.9428 436.3209
22 455.8086 58.78407
23 335.9677 405.0106
24 728.4704 680.4069
25 795.1296 194.5915
26 594.5679 801.1256
27 722.0313 369.2301
28 894.1325 352.5616
29 172.8632 765.9289
30 719.9787 196.3923
31 24.59783 527.1901
