1 359.1168 475.2073
2 573.9759 597.8373
3 738.1556 852.1988
4 436.9591 219.3824
5 396.5969 437.0868
6 220.6846 132.6299
7 812.1968 557.1037
8 578.7039 407.2168
9 684.3188 872.8614
10 861.999 592.3845
11 561.3776 252.7441
12 38.34769 560.1798
13 334.7923 77.82736
14 237.4025 459.07
15 639.9327 903.688
16 496.0339 237.9738
17 53.75097 626.4505
18 582.5197 923.7249
19 868.6355 449.2452
20 629.1026 707.7025
21 366.6281 734.0628
22 300.3473 721.332
23 425.5026 401.4649
24 519.1149 410.723
25 368.1801 636.8263
26 316.3397 522.0314
27 276.3401 102.0057
28 119.169 392.5335
29 246.4372 757.1063
30 859.8563 711.7524
31 201.5201 836.708
