1 560.3347 62.82233
2 722.3275 866.9714
3 169.541 239.7515
4 188.3588 829.7185
5 305.555 846.5439
6 597.6496 442.7759
7 653.6752 91.15612
8 528.8636 593.9009
9 109.283 244.9475
10 326.9763 906.939
11 671.6573 807.5839
12 241.9501 206.1757
13 266.5405 755.9027
14 905.1221 385.8879
15 229.0169 127.6093
16 527.4894 396.0681
17 241.3326 805.4221
18 375.7185 196.2522
19 495.8335 55.11097
20 569.4006 153.776
21 295.4138 94.0327
22 521.5389 202.0124
23 353.1822 70.73468
24 575.2886 864.5927
25 412.3218 251.1635
26 725.0604 476.2594
27 663.7024 882.9706
28 613.6292 915.3434
29 386.2828 926.4876
30 146.4202 786.9001
31 488.6 284.1747
