1 568.3995 496.398
2 242.0216 449.2674
3 535.4664 226.6814
4 728.2171 332.8927
5 858.984 430.6284
6 868.8176 307.9894
7 314.0293 135.5201
8 446.2311 405.9816
9 34.36573 447.533
10 791.1168 442.5353
11 649.6419 836.136
12 103.6438 731.6065
13 911.1551 427.6127
14 268.6335 881.9109
15 512.5064 660.1635
16 303.1442 455.0303
17 846.2957 656.1497
18 442.5342 745.659
19 105.8533 249.9973
20 322.8849 515.8417
21 633.8802 518.2849
22 479.9305 56.83512
23 338.3019 73.39869
24 737.411 409.0869
25 889.9071 485.7318
26 56.08153 636.8225
27 532.8079 932.3328
28 596.8196 912.8205
29 918.4579 385.6539
30 75.98498 491.6327
31 884.5386 369.9494
