1 308.2556 903.0722
2 693.4021 700.454
3 301.4957 681.9028
4 150.1415 736.7819
5 858.8038 418.0142
6 806.1679 720.3735
7 798.9155 192.7466
8 395.0435 844.0639
9 443.4026 934.1538
10 117.2204 344.476
11 632.2884 680.7089
12 373.0928 695.973
13 114.5141 632.344
14 816.9779 778.1241
15 471.7619 674.5298
16 752.9889 821.3034
17 751.5439 760.6608
18 678.1997 637.6089
19 734.2324 497.0922
20 897.1926 572.9642
21 742.5687 152.7975
22 192.5671 831.8395
23 913.5629 442.2418
24 32.97696 499.5345
25 491.1956 791.5995
26 49.21855 367.2952
27 677.3265 104.0857
28 724.8822 602.3049
29 524.6106 729.7228
30 849.3625 478.0335
31 789.283 458.9067
