1 529.1651 473.3977
2 288.7222 408.5143
3 571.6139 269.9583
4 753.4746 384.1486
5 869.6762 441.8944
6 874.2486 308.5484
7 281.1775 112.7163
8 464.1891 349.2201
9 34.35152 443.6999
10 751.0235 486.4406
11 602.4464 854.3194
12 101.2444 726.9237
13 901.2233 420.0442
14 231.139 860.1021
15 559.7338 702.5979
16 338.7575 446.8565
17 795.5186 663.9798
18 441.674 686.1554
19 118.2952 233.8254
20 329.4453 542.6256
21 668.3218 545.4075
22 451.2123 56.97912
23 336.3549 77.25521
24 703.6286 444.0154
25 920.3433 483.5616
26 44.75865 605.0892
27 549.4809 929.5723
28 614.8175 913.9748
29 917.975 384.8041
30 113.728 530.2398
31 879.5372 370.4426
