1 860.0347 640.4401
2 257.5364 873.1753
3 179.9564 216.1682
4 200.5109 644.0783
5 61.06282 350.1761
6 206.6831 525.8541
7 561.0301 85.77349
8 307.0314 552.6955
9 237.7626 577.7192
10 121.0441 231.6145
11 597.4763 129.697
12 279.2427 380.6035
13 283.9999 167.4174
14 55.78533 414.6845
15 423.2416 869.8746
16 178.9531 467.6948
17 112.8208 419.9876
18 201.5584 839.377
19 691.3936 601.8833
20 317.8312 906.0896
21 110.5487 479.3223
22 356.425 171.894
23 696.3395 292.6811
24 174.6916 585.437
25 357.7667 71.67125
26 595.0363 597.0757
27 905.2143 606.814
28 528.7601 933.4291
29 580.1532 923.7053
30 754.391 642.3271
31 243.0712 305.9962
