1 693.9233 535.0462
2 481.0249 345.0876
3 565.9999 155.5765
4 580.9123 282.585
5 645.7339 653.2126
6 163.3835 396.9668
7 428.0192 303.3702
8 629.978 551.4721
9 229.0622 260.0454
10 588.3182 104.6647
11 645.1259 91.48571
12 253.6664 875.3108
13 581.965 215.8942
14 846.3282 595.4995
15 204.0435 842.1355
16 568.0578 664.473
17 899.1752 624.0738
18 547.0094 331.9973
19 108.4527 371.7856
20 521.1972 201.095
21 681.3772 225.9077
22 814.8291 217.5709
23 518.8023 59.51028
24 325.3181 215.0152
25 369.9653 812.8246
26 60.29017 645.0415
27 917.9945 530.6713
28 907.7874 585.5496
29 182.3942 458.7651
30 457.8207 70.21732
31 511.4783 121.9063
