1 548.5526 134.6397
2 738.0331 853.7161
3 150.0987 399.1695
4 171.5139 809.0804
5 405.9061 700.5186
6 747.1135 342.1147
7 569.5401 65.39764
8 657.6511 518.1999
9 143.351 203.0396
10 243.7424 867.0345
11 771.5128 827.4348
12 214.3507 362.7881
13 345.8736 840.0182
14 903.8847 382.1407
15 277.8795 103.1674
16 663.5914 455.4139
17 294.6232 839.4138
18 203.1744 194.296
19 491.1056 162.5246
20 511.3793 275.7379
21 329.8411 79.96046
22 416.0023 143.2433
23 392.6434 82.96558
24 439.6381 919.9509
25 346.2075 147.0391
26 762.6274 635.2184
27 716.4356 802.1965
28 687.1018 884.4267
29 379.4871 923.8003
30 151.307 750.8327
31 539.7701 434.8423
