1 347.7291 474.0692
2 330.522 719.7355
3 703.0352 870.9484
4 459.5975 275.2287
5 287.7972 796.3198
6 577.46 877.9244
7 475.8175 935.2752
8 560.8871 578.0556
9 541.6123 658.9882
10 412.3929 731.0441
11 624.2504 909.5806
12 60.37114 651.1735
13 849.8288 584.9881
14 574.4479 714.385
15 713.7641 464.2388
16 912.3522 588.1698
17 651.6697 834.343
18 99.56017 702.2339
19 674.5974 889.979
20 824.0567 227.535
21 747.1618 844.8589
22 708.4921 816.302
23 797.0524 334.5479
24 632.7768 87.54236
25 289.1853 599.4849
26 328.0767 838.2982
27 692.4228 117.1145
28 160.4297 556.2934
29 266.6823 440.0429
30 270.6444 690.9951
31 343.3724 316.7594
