1 916.2219 524.4439
2 863.224 618.4921
3 191.4663 468.0581
4 370.4872 689.1677
5 456.4465 95.03433
6 817.816 589.9845
7 583.5706 489.5548
8 807.9622 646.6231
9 720.2838 437.5704
10 913.4257 589.5976
11 724.1472 859.2032
12 396.4923 367.2031
13 262.8484 400.2018
14 133.7468 354.3069
15 800.2332 797.2024
16 858.5299 548.2481
17 877.8877 677.163
18 556.1161 886.7047
19 81.45472 294.6523
20 845.8878 732.1032
21 215.034 637.0011
22 887.1793 336.5332
23 341.2124 437.7422
24 94.51549 711.5935
25 136.3819 661.9273
26 265.5559 583.1477
27 191.2663 156.9442
28 149.8013 193.5433
29 519.7388 932.9533
30 107.8469 244.3698
31 418.291 60.52495
