1 728.1755 196.1799
2 579.3824 841.97
3 260.8327 574.7877
4 70.39896 672.717
5 432.3134 488.181
6 846.483 262.026
7 507.3037 56.42277
8 687.8888 348.696
9 111.8727 248.8675
10 114.0668 743.9125
11 693.4469 834.463
12 355.6441 480.4609
13 308.3108 899.5818
14 876.6845 314.779
15 387.1287 64.6373
16 862.255 418.766
17 257.3913 874.9803
18 169.7563 245.3845
19 531.564 346.1405
20 471.5214 438.6038
21 448.5413 57.64073
22 552.0146 126.4882
23 445.8085 241.253
24 362.0329 808.2049
25 173.9238 175.2199
26 821.3811 773.3252
27 806.4813 718.8782
28 637.8876 859.9391
29 470.5669 934.9989
30 346.0143 745.2447
31 715.7406 513.5394
