1 457.871 581.8525
2 316.5655 856.415
3 736.022 851.2069
4 390.2892 378.3202
5 187.1916 825.5195
6 526.9717 789.6267
7 561.7309 926.8924
8 674.5573 639.8509
9 427.8973 746.4155
10 408.2302 872.3124
11 652.8708 899.4748
12 126.4263 744.8747
13 866.9543 451.5807
14 454.0137 805.446
15 636.1966 592.4611
16 918.5952 478.8274
17 568.4186 738.6899
18 209.3313 629.6225
19 705.1552 871.1548
20 865.7464 289.5016
21 775.7473 823.6574
22 610.8096 858.1836
23 672.0522 406.8479
24 671.8958 102.2763
25 236.0161 725.5877
26 233.5795 861.7621
27 670.66 168.2585
28 42.89471 578.0409
29 231.2922 561.8268
30 377.8905 620.8229
31 225.7164 399.3723
