1 567.261 828.1983
2 546.5427 932.1944
3 36.75917 557.2313
4 323.0512 634.7151
5 687.7285 110.889
6 645.3643 273.8036
7 820.9658 337.2502
8 503.3822 834.7083
9 602.9887 783.6973
10 55.32982 629.0667
11 436.1329 931.2769
12 478.0962 640.5309
13 85.49933 282.3147
14 832.7418 731.8278
15 565.4078 113.8878
16 759.4117 830.8198
17 800.2377 795.4814
18 369.2143 765.1482
19 534.5429 63.522
20 861.795 382.0691
21 844.8825 255.808
22 545.4662 883.0962
23 797.971 200.3866
24 121.8185 225.9911
25 169.9073 474.3735
26 355.5823 580.9503
27 312.1501 83.40307
28 374.0894 276.456
29 601.1868 917.7133
30 913.7842 553.4723
31 746.9984 150.1245
