1 601.7806 408.0636
2 643.1663 652.6715
3 636.6778 906.6273
4 585.9803 472.766
5 703.5586 667.0942
6 463.7484 933.5361
7 185.538 822.3404
8 681.5429 276.816
9 829.428 759.438
10 700.5001 478.6955
11 533.2063 930.9399
12 37.76742 557.3116
13 673.137 872.6126
14 864.9125 710.0076
15 808.1057 208.1504
16 713.4552 805.5821
17 602.448 861.9341
18 234.7914 860.532
19 592.1083 921.5305
20 867.4553 294.1733
21 720.0041 862.7342
22 658.3374 777.041
23 853.8929 651.9207
24 384.193 128.4359
25 657.7981 586.5245
26 749.4286 707.3854
27 788.0462 339.8514
28 130.7603 216.9061
29 92.85302 268.696
30 94.50807 674.7765
31 724.7729 401.9446
