1 910.4771 493.5154
2 883.6349 597.3153
3 149.1646 524.403
4 342.8813 744.9049
5 441.6723 165.4174
6 857.9778 543.6794
7 643.1548 511.8178
8 823.7138 598.016
9 787.65 436.4614
10 919.2702 556.7077
11 736.8171 852.4306
12 326.3183 363.5157
13 209.1203 453.2256
14 149.9574 289.3262
15 816.2851 779.0532
16 854.3155 475.4511
17 886.1914 659.3995
18 586.9679 921.4963
19 74.65535 304.1477
20 856.0393 723.6115
21 263.8369 678.6606
22 900.0887 376.6127
23 345.6374 514.7321
24 74.09629 650.1036
25 203.56 655.816
26 336.6361 617.62
27 169.9968 175.5072
28 185.1929 232.1698
29 526.4922 932.5172
30 117.477 227.3737
31 491.9071 53.61802
