1 531.95 298.6989
2 184.6287 426.6317
3 272.5652 101.445
4 509.5446 586.6804
5 497.9777 525.9692
6 36.30248 506.1584
7 204.8152 531.1205
8 671.6757 273.9276
9 219.1243 134.5836
10 395.9985 255.5278
11 470.5731 258.0153
12 306.9224 899.738
13 845.5431 256.8704
14 746.679 217.69
15 328.4546 831.2485
16 328.7928 503.6022
17 859.7281 720.6601
18 452.2921 631.0249
19 198.0624 644.616
20 507.899 81.0371
21 878.7857 313.9251
22 909.3337 409.9183
23 757.1066 156.1496
24 89.85045 434.9961
25 153.8898 796.5804
26 37.68915 572.3957
27 830.9382 664.5086
28 645.542 636.6746
29 52.58594 357.2299
30 538.7758 52.58387
31 441.4564 508.3899
