1 619.559 212.9574
2 676.7511 848.2069
3 187.364 492.8093
4 111.6079 742.8186
5 436.301 599.6163
6 838.791 292.737
7 489.2449 54.35061
8 705.8448 454.958
9 116.8642 232.9043
10 171.7562 811.0837
11 737.5744 852.7343
12 263.1642 445.4641
13 327.8053 899.0033
14 904.367 399.4119
15 335.0107 77.45729
16 763.0946 433.7493
17 286.9709 892.0698
18 158.7962 183.9159
19 500.7412 255.1768
20 486.4411 354.6661
21 394.0339 63.46881
22 457.5898 166.961
23 404.7236 133.4176
24 423.3188 880.5601
25 262.4818 154.8146
26 804.909 718.2082
27 752.9787 749.5583
28 670.7515 894.4197
29 383.5182 924.7698
30 245.2927 729.5141
31 617.561 490.2155
