1 645.7318 584.0941
2 771.021 823.2272
3 292.0568 757.3278
4 506.4754 689.4848
5 638.3174 521.151
6 576.3238 168.9342
7 568.3657 695.0305
8 581.6724 595.5007
9 914.5914 476.0766
10 625.075 444.4947
11 296.7825 861.3337
12 430.6367 577.2912
13 33.97959 445.3051
14 419.5067 61.4703
15 864.7178 509.62
16 704.0615 449.6157
17 712.9816 599.6395
18 358.6964 757.4654
19 92.9245 336.2343
20 621.9993 718.912
21 536.3278 642.0096
22 893.2111 642.8803
23 498.0892 362.3181
24 47.08875 384.7894
25 565.3866 475.7101
26 758.3725 719.4731
27 96.01385 270.9643
28 32.59605 526.8922
29 621.2519 648.5595
30 473.857 171.7907
31 464.2632 111.8505
