1 457.0207 811.316
2 512.8824 893.2563
3 50.77063 569.3516
4 148.2886 517.7604
5 643.6916 302.0975
6 861.3295 465.0648
7 859.1071 279.3012
8 392.193 641.4719
9 581.3049 896.8374
10 110.2134 585.2501
11 457.6716 917.2861
12 377.1542 465.7955
13 293.6577 426.2321
14 850.8761 738.3041
15 447.7009 364.3775
16 787.5688 809.1922
17 818.1149 768.1716
18 463.1333 749.6739
19 632.3225 242.44
20 913.0886 421.8155
21 801.3894 198.7541
22 391.8329 872.0629
23 691.3751 258.5578
24 41.90129 412.2567
25 328.1852 670.378
26 117.4958 397.597
27 492.9104 55.86734
28 611.3417 352.3267
29 534.353 937.7164
30 918.1775 485.0968
31 703.7041 204.9678
