1 872.1082 641.786
2 253.5043 874.2607
3 182.8357 200.0204
4 178.6032 646.9443
5 57.79997 348.5581
6 185.1479 517.5947
7 544.2323 71.01764
8 304.1342 530.7479
9 216.1186 566.6761
10 128.196 223.5479
11 597.3852 113.7304
12 299.9436 375.2135
13 276.2578 187.8866
14 45.53014 411.4432
15 420.8219 847.6801
16 186.6672 451.3572
17 104.9439 404.297
18 197.5838 839.7678
19 710.9896 602.5556
20 317.4323 906.5898
21 124.9008 460.248
22 371.844 160.4714
23 719.1279 280.4968
24 157.3411 586.3114
25 371.566 67.43541
26 617.8829 592.9166
27 903.9858 607.0187
28 531.1623 932.5971
29 582.4965 923.7194
30 745.7729 656.4449
31 264.3231 305.9452
