1 313.7102 399.7637
2 648.24 476.8743
3 139.9367 627.2293
4 176.5814 818.6187
5 520.4286 933.0036
6 32.69358 485.9186
7 377.7647 344.8231
8 147.8021 684.5415
9 97.00203 544.206
10 30.32602 547.777
11 197.7728 161.5024
12 152.9867 569.285
13 590.518 511.2251
14 445.7641 401.073
15 43.94202 588.6726
16 462.875 314.7533
17 761.0673 470.3899
18 389.4937 265.4523
19 62.54411 651.4479
20 203.2041 714.2372
21 702.1804 447.6605
22 703.4395 512.9705
23 526.5543 273.247
24 208.215 224.3133
25 355.13 159.989
26 912.7873 432.9931
27 877.4952 687.1407
28 847.1481 735.5599
29 778.9281 180.5803
30 85.45978 285.1981
31 167.3177 756.8815
