1 450.3139 579.5344
2 315.7028 849.1603
3 734.9382 850.8902
4 390.3213 371.8558
5 191.3082 829.1693
6 533.0742 794.9015
7 558.822 927.7503
8 667.8121 639.1788
9 432.3675 740.2518
10 407.1815 865.1747
11 655.951 898.4597
12 121.0259 741.0873
13 865.6593 458.2501
14 459.9696 800.3874
15 640.0092 585.4815
16 921.5705 484.5866
17 571.7399 745.2652
18 206.2027 624.2249
19 703.5582 872.9378
20 863.7949 286.4461
21 773.6923 822.1468
22 615.461 855.4729
23 674.3553 399.7966
24 667.2124 99.15462
25 235.7738 718.0028
26 237.9968 865.6279
27 676.6849 165.5244
28 42.54502 581.354
29 230.8283 563.9249
30 373.5858 625.4702
31 230.6963 394.9014
