1 849.6908 267.2503
2 368.8434 921.2224
3 635.8543 470.6722
4 89.41585 710.3402
5 384.2923 98.38156
6 409.5202 180.3334
7 428.497 57.90191
8 415.1757 517.4889
9 81.07698 400.3578
10 291.69 634.6659
11 722.8777 315.4186
12 154.5745 448.4299
13 206.1441 765.5257
14 462.3853 109.8942
15 560.312 147.5201
16 808.8828 319.44
17 105.9883 624.4512
18 40.45766 575.2562
19 853.9172 703.1756
20 540.2547 791.3066
21 587.6816 73.49736
22 818.1168 220.0521
23 779.2632 263.3016
24 82.677 462.2642
25 59.59092 343.0443
26 915.3896 559.2284
27 917.421 463.4939
28 542.7401 730.8607
29 507.5791 933.2444
30 313.1999 756.7255
31 880.2583 325.921
