1 412.8958 458.1129
2 553.6073 63.21934
3 619.5493 550.128
4 569.2048 925.3241
5 221.2423 397.889
6 60.19247 461.6724
7 281.7198 397.9413
8 413.4768 298.711
9 437.7919 364.4054
10 619.976 127.7074
11 277.8498 889.2303
12 337.7302 467.826
13 301.3819 534.5462
14 868.372 567.1304
15 771.8419 168.638
16 282.7761 330.542
17 861.9575 282.1996
18 276.6274 464.8392
19 117.3894 234.6929
20 63.74261 656.7006
21 767.6171 494.0014
22 452.7193 56.76168
23 341.7724 376.0241
24 777.9255 643.6435
25 806.5742 268.0751
26 549.6347 864.1735
27 738.5876 424.2211
28 897.1633 362.6071
29 223.4006 720.0306
30 757.8173 228.5456
31 28.59947 515.6791
