1 570.7924 354.5419
2 313.3349 187.7065
3 762.7596 489.2991
4 734.6326 854.6902
5 111.434 387.5133
6 420.0554 259.8984
7 622.6954 323.3355
8 503.5223 336.0582
9 775.3864 396.9502
10 704.3198 336.3247
11 246.2416 149.4514
12 170.6454 181.3218
13 805.0297 448.8218
14 38.40154 539.4507
15 200.3107 731.7499
16 714.7093 398.6838
17 136.8729 210.7799
18 811.4865 210.8791
19 65.53789 658.722
20 375.2576 342.4894
21 705.8239 470.6087
22 110.5901 247.8209
23 622.8149 471.5033
24 260.3236 272.8875
25 663.6566 427.7925
26 197.995 148.0751
27 146.5433 771.354
28 802.0303 792.8442
29 546.5558 297.3731
30 78.52958 294.7163
31 687.1099 883.2538
