1 829.6931 443.8295
2 313.6693 903.6323
3 592.2973 318.1533
4 83.22405 700.3826
5 213.3395 140.2793
6 195.3874 199.3788
7 528.3508 61.0404
8 590.6404 491.9098
9 248.5016 305.6736
10 414.6623 470.5643
11 720.6459 136.5987
12 303.6043 554.4531
13 157.7665 562.6624
14 260.5738 204.4989
15 531.6283 332.2297
16 649.3222 341.6659
17 63.99489 461.3091
18 59.53431 643.7079
19 895.4199 641.869
20 454.3151 930.6846
21 451.5584 138.6477
22 791.896 262.9368
23 830.4303 239.4198
24 41.7807 401.6066
25 216.3741 358.2878
26 919.2254 513.9429
27 907.8123 401.9159
28 545.4787 916.931
29 641.9336 904.3071
30 450.4007 624.2732
31 764.3774 317.0482
