1 403.7969 594.734
2 603.062 75.50421
3 476.3946 526.481
4 453.8311 933.9362
5 308.9949 490.5276
6 43.7861 577.9318
7 365.6581 524.9883
8 293.0197 395.8125
9 419.8759 494.2583
10 466.6775 165.3392
11 261.7089 880.7941
12 344.4545 626.3548
13 127.0316 559.3423
14 776.7987 441.4017
15 693.959 113.2995
16 196.5426 456.1777
17 849.1939 407.2129
18 202.3375 579.2074
19 190.9561 157.3246
20 57.75259 641.4869
21 690.4553 380.9086
22 506.4379 58.13974
23 367.5711 462.4622
24 684.6165 726.6167
25 750.6295 151.8261
26 621.5183 723.0453
27 715.4945 299.7157
28 861.7988 309.3375
29 127.6742 765.4929
30 652.9739 159.505
31 63.20106 474.9063
