1 811.6164 314.6086
2 343.6386 914.5249
3 637.3368 393.749
4 97.02686 722.1567
5 309.1264 89.37855
6 326.956 161.5394
7 468.8681 57.60588
8 487.7877 548.1696
9 163.1972 407.4975
10 355.5041 579.9814
11 743.9039 258.0037
12 192.0558 509.8881
13 175.4921 693.1009
14 390.6483 153.0233
15 569.1454 232.9844
16 752.7769 334.2668
17 95.53515 564.2196
18 37.58239 562.1465
19 879.4464 681.9507
20 505.8819 845.7263
21 526.4786 75.61254
22 823.7708 221.0817
23 785.298 215.684
24 39.74135 426.7473
25 105.5057 389.122
26 919.7575 497.0826
27 913.0863 422.807
28 534.2057 790.6945
29 548.7265 928.7526
30 349.7837 692.3404
31 862.8151 293.9303
