1 397.5225 316.4421
2 277.0828 726.6903
3 579.9986 639.1485
4 620.5186 240.5513
5 732.4302 850.8088
6 53.48966 623.6988
7 146.7163 588.6526
8 724.0572 610.572
9 533.1665 682.1024
10 610.6347 772.0054
11 126.2247 642.1341
12 76.94478 685.267
13 616.8811 656.6822
14 522.9516 616.7265
15 761.0865 305.4991
16 237.9043 774.7041
17 707.6172 453.0271
18 184.6657 822.7826
19 557.9574 928.3051
20 814.5873 217.3525
21 514.6408 555.8104
22 770.6015 692.6071
23 669.8721 321.2772
24 60.54054 482.7683
25 710.3874 714.8647
26 687.7568 655.9301
27 893.724 351.5191
28 194.9237 167.2786
29 65.74269 322.4206
30 201.5008 454.578
31 839.0291 682.8047
