1 746.1962 663.1199
2 252.7601 172.2593
3 705.3655 810.2938
4 759.7934 834.4531
5 511.8623 356.9778
6 204.9233 575.7439
7 706.0958 122.6527
8 453.7227 629.3037
9 510.6008 653.3881
10 802.1414 697.0214
11 541.3105 63.78051
12 214.258 145.6852
13 659.7617 328.5925
14 33.71441 448.7109
15 283.7086 892.1547
16 487.8746 487.5765
17 165.5655 172.8706
18 913.4007 422.7936
19 55.86775 559.3917
20 288.8185 626.1142
21 548.0726 701.3491
22 98.53646 264.1574
23 216.9402 499.9281
24 154.9092 618.887
25 353.749 305.3892
26 266.3876 103.9779
27 169.0792 697.5204
28 807.3969 787.2927
29 758.8159 159.3281
30 252.2694 394.4604
31 647.467 902.6729
