1 383.2797 519.4078
2 549.142 542.4378
3 716.9642 861.2385
4 397.6515 273.2809
5 354.5481 429.8968
6 197.6645 163.3856
7 860.5492 538.0727
8 549.0538 463.8745
9 680.9996 838.5147
10 913.435 561.2136
11 572.3251 184.4223
12 38.73705 570.4928
13 302.3735 90.75171
14 170.6969 430.2152
15 666.1318 893.4341
16 455.7766 249.6084
17 55.1783 633.756
18 609.1108 914.0697
19 856.2782 396.6342
20 630.985 761.2169
21 375.9585 673.5499
22 252.1066 683.0986
23 365.455 372.6341
24 463.407 392.3955
25 354.1379 578.3944
26 323.1389 489.2613
27 238.1401 123.8815
28 170.3657 355.0598
29 297.2821 738.5409
30 878.062 676.8257
31 249.3227 871.6137
