1 662.173 767.9276
2 597.2695 916.9887
3 35.03396 541.7023
4 256.128 691.0329
5 782.2744 200.0859
6 532.9072 169.1575
7 717.5984 382.7586
8 543.4303 913.6829
9 678.3264 699.0248
10 72.12107 672.2916
11 313.6416 904.6194
12 376.7409 692.74
13 80.58003 294.2909
14 798.62 605.108
15 588.6998 68.55991
16 713.0959 868.1624
17 765.392 829.8394
18 238.1084 750.4057
19 523.9042 60.05557
20 767.316 412.8135
21 882.9165 321.9371
22 616.4651 809.6841
23 817.6776 309.3903
24 113.1355 241.1018
25 133.4263 350.5902
26 463.765 623.2205
27 232.8663 126.2669
28 245.1576 309.9605
29 643.8977 902.2213
30 913.7162 466.999
31 773.1346 253.1917
