1 308.1371 459.5511
2 477.2404 55.92759
3 794.2448 304.3835
4 645.7174 886.6435
5 198.9389 635.287
6 617.4125 80.9402
7 392.5736 221.0414
8 279.8149 511.5243
9 654.9485 226.6058
10 502.9948 169.8082
11 209.1087 143.23
12 337.801 260.4249
13 838.1606 249.0518
14 34.11606 521.5889
15 113.4439 430.7227
16 780.4049 247.2119
17 294.4917 192.7803
18 738.0548 205.3751
19 67.9267 665.6325
20 433.6787 113.2904
21 657.6851 285.8566
22 147.6629 196.3863
23 579.3484 255.6718
24 408.9235 60.26542
25 614.5023 140.8538
26 190.1336 184.9332
27 400.965 870.2439
28 698.0644 849.5556
29 495.8414 110.9044
30 112.8888 242.9188
31 606.8864 682.7765
