1 767.6821 541.0477
2 187.7907 201.6584
3 715.7155 693.24
4 724.8046 861.2989
5 391.3328 308.5555
6 268.4646 494.6802
7 683.3579 114.3041
8 538.4661 555.8394
9 606.5975 584.9514
10 822.7798 578.5905
11 424.7763 57.71111
12 169.3938 161.4432
13 743.6278 409.2228
14 38.9225 429.0631
15 197.0969 836.409
16 592.0619 522.6118
17 138.9078 201.4699
18 899.6633 367.7452
19 62.93541 652.8548
20 279.5054 545.0292
21 650.0378 679.5517
22 112.548 240.2325
23 352.6516 495.2701
24 217.8469 527.5209
25 412.9362 411.9208
26 215.2134 135.2934
27 129.8574 768.5712
28 807.0942 788.9714
29 736.8179 154.4024
30 158.3085 319.2499
31 555.8876 928.1318
