1 718.7479 129.3847
2 447.0224 871.4923
3 396.9685 598.3168
4 60.51609 650.3389
5 487.4068 395.9482
6 797.7814 208.8118
7 562.3179 62.24383
8 576.2066 259.4757
9 88.10884 311.4145
10 133.5368 771.99
11 603.4834 697.7252
12 367.4861 367.1124
13 259.9968 879.9173
14 768.2422 256.2326
15 469.7041 56.76748
16 896.1992 359.4181
17 176.7347 818.9392
18 124.4295 357.0513
19 602.1001 459.0401
20 463.7134 544.9378
21 513.5364 56.67223
22 663.002 101.2764
23 576.2073 330.815
24 288.8834 705.125
25 103.5233 253.9096
26 805.6569 791.4712
27 872.3352 693.1639
28 551.6212 734.9727
29 575.2541 923.976
30 413.9161 813.8905
31 855.1587 486.964
