1 368.7584 731.5218
2 556.3179 105.2512
3 150.4859 701.1402
4 134.9159 775.3484
5 903.2191 414.629
6 147.5852 228.9695
7 501.3228 64.92747
8 440.9529 774.1294
9 246.4946 789.2739
10 132.2196 571.7093
11 663.5995 110.3096
12 257.2927 727.5084
13 99.28486 609.4781
14 634.909 315.3819
15 369.2174 209.4706
16 236.3931 866.5704
17 187.3699 823.393
18 606.6682 77.61955
19 559.5532 802.7669
20 547.934 930.3289
21 896.7825 357.5551
22 82.79504 650.3771
23 847.6495 734.6914
24 41.3577 415.7908
25 188.7107 757.1448
26 381.8354 63.78896
27 877.0092 312.0628
28 284.385 833.6293
29 418.0766 111.7326
30 439.7376 57.56241
31 597.7799 440.4373
