1 168.6689 434.9253
2 791.7762 568.6364
3 82.61369 698.3592
4 142.6213 785.5766
5 469.8529 934.7283
6 63.27515 461.8619
7 399.7152 506.8001
8 160.0248 729.2337
9 147.1087 668.7518
10 121.0984 480.7175
11 178.3802 377.306
12 250.1419 605.8523
13 682.9063 658.7814
14 635.8333 398.4435
15 36.02042 517.0494
16 414.5111 147.1566
17 841.7368 350.4536
18 256.739 135.5405
19 59.05653 641.6975
20 204.0526 645.4445
21 818.5904 452.6817
22 875.6209 478.2114
23 382.2332 337.2909
24 377.7108 251.4299
25 194.103 153.4046
26 917.3253 536.6467
27 859.0311 722.0844
28 829.8796 763.4271
29 869.9517 292.0205
30 65.47068 329.9371
31 291.984 655.2781
