1 378.0561 303.2381
2 424.5946 615.2209
3 685.4686 887.1866
4 611.3567 307.5342
5 443.619 707.8388
6 521.0426 935.098
7 395.1966 834.9617
8 514.9951 421.168
9 707.9832 638.768
10 507.1452 572.9265
11 585.0273 921.1852
12 65.99786 657.8251
13 804.9638 732.9604
14 749.6567 679.8427
15 832.1584 331.3413
16 860.8419 717.8793
17 664.5851 850.9011
18 185.2084 825.4215
19 638.5006 905.9328
20 889.4479 338.469
21 730.6561 855.2997
22 610.9648 819.072
23 912.1596 455.0397
24 565.9898 66.17724
25 426.2176 509.9353
26 490.4253 742.9228
27 731.2897 138.2501
28 219.0452 395.5108
29 245.3326 295.7352
30 145.5007 772.2388
31 516.0968 304.5478
