1 636.0448 645.8959
2 387.4683 458.2611
3 641.9386 788.3919
4 327.5654 446.8376
5 166.5829 577.2979
6 218.1838 233.6501
7 905.7112 393.4474
8 676.5935 605.7135
9 738.5362 609.0635
10 914.9719 556.771
11 701.3531 117.5158
12 218.4492 606.824
13 342.5923 76.23702
14 45.15639 388.8066
15 587.9556 751.6776
16 300.647 386.8399
17 257.659 546.4392
18 741.8859 836.8286
19 709.0495 192.7793
20 589.6729 921.3464
21 286.072 488.7704
22 71.84873 672.5039
23 147.2227 502.1799
24 239.268 439.3921
25 201.1491 380.4969
26 481.3164 273.7541
27 172.5917 175.6748
28 414.7999 294.0354
29 552.1607 661.5635
30 887.3414 653.0969
31 393.8929 927.2668
