1 566.5013 834.389
2 543.4276 933.9996
3 36.71949 559.0867
4 322.0294 630.6419
5 680.2397 108.5586
6 650.9563 279.0281
7 826.9579 334.7212
8 501.6492 826.9016
9 603.7316 789.6451
10 54.08792 626.7429
11 441.5577 931.9926
12 481.4996 634.5088
13 86.01055 282.0503
14 833.3308 738.9548
15 561.2993 120.5108
16 762.9052 828.9302
17 801.4461 793.0175
18 376.9611 768.1696
19 540.5877 67.16609
20 867.3642 379.937
21 841.7475 250.6021
22 539.5892 886.7663
23 794.3336 193.9483
24 122.3701 225.8977
25 173.0242 480.929
26 350.1862 574.5517
27 317.9778 83.03931
28 380.2118 274.9099
29 599.6379 918.1355
30 914.0693 555.0172
31 741.8526 147.9597
