1 395.4931 542.9844
2 576.0944 420.0416
3 246.085 473.0284
4 145.5739 788.2321
5 502.3776 829.7008
6 36.49158 452.0296
7 264.562 213.9499
8 318.7524 617.92
9 74.10067 407.1609
10 34.45991 552.4333
11 173.8572 171.9755
12 207.2573 410.518
13 512.7207 480.9654
14 304.2767 297.2538
15 55.96077 510.5776
16 433.3057 495.1258
17 590.6896 492.3195
18 560.4845 328.6863
19 211.9171 629.1125
20 236.2228 802.5785
21 638.0378 403.3791
22 536.2535 521.3005
23 730.67 323.4506
24 110.7245 248.2455
25 485.4565 308.0916
26 795.0382 291.6096
27 913.0429 577.2686
28 802.2481 791.2806
29 652.2308 93.63938
30 194.0488 310.1846
31 179.324 728.0683
