1 334.5466 913.763
2 582.1799 259.4948
3 177.7168 540.7233
4 187.8823 599.373
5 916.7968 559.4933
6 389.9776 334.119
7 583.5323 67.91022
8 516.5678 595.0684
9 377.3946 867.8974
10 144.3954 489.736
11 729.5761 137.1626
12 237.3378 539.9493
13 47.22739 614.2301
14 735.3139 517.3417
15 542.9165 370.7664
16 320.0681 840.3454
17 312.8443 784.4749
18 532.2588 221.5204
19 733.6379 700.9439
20 682.8252 885.9832
21 896.2377 355.1481
22 71.63351 671.8769
23 714.172 637.1477
24 45.98993 391.6441
25 258.0686 596.0791
26 355.6759 188.277
27 874.4262 306.0734
28 398.1237 926.2596
29 415.3943 186.8802
30 520.8607 58.60448
31 759.8322 565.1354
