1 463.4021 252.4607
2 494.3123 793.6684
3 694.055 808.4049
4 645.398 216.4587
5 353.479 598.0301
6 225.5105 284.3315
7 621.3717 615.9262
8 770.2221 320.4286
9 660.4474 892.422
10 781.182 765.1075
11 607.8663 475.9083
12 75.61091 522.8804
13 511.268 161.7839
14 365.4102 660.3554
15 480.4285 936.562
16 715.095 300.7484
17 121.2112 631.686
18 415.8318 930.9515
19 836.26 655.9079
20 663.0773 531.642
21 467.3646 879.1867
22 352.0221 911.4095
23 661.6809 391.0849
24 729.4864 402.3702
25 293.7545 883.0002
26 190.6829 669.412
27 318.3276 82.56762
28 27.43018 525.7271
29 104.9754 734.4966
30 775.3257 630.9339
31 77.02692 683.3647
