1 665.5434 304.0096
2 277.1859 346.4855
3 385.2399 101.8061
4 510.6758 473.5246
5 576.3784 472.8918
6 30.13024 497.1489
7 317.8856 515.667
8 748.9372 365.4082
9 198.9624 150.7527
10 472.6896 157.3562
11 579.4603 181.3324
12 317.523 905.8958
13 802.7002 201.0518
14 800.8822 330.7138
15 260.564 879.1937
16 453.2868 504.2478
17 868.7412 701.343
18 536.6667 530.0823
19 119.8878 569.0979
20 563.0382 109.5988
21 867.3133 295.7491
22 890.755 351.6524
23 652.0331 93.19873
24 117.8986 351.4573
25 175.9909 813.0952
26 43.18327 586.5089
27 893.4158 645.1366
28 761.2841 634.5768
29 54.01552 407.9988
30 533.2314 58.62319
31 462.5992 382.5126
