1 357.4798 118.8573
2 787.9891 810.1208
3 408.1432 225.5568
4 133.3674 773.5121
5 365.0278 584.8706
6 331.0895 759.6189
7 501.4162 168.6447
8 430.3821 341.034
9 129.6231 435.3227
10 296.1916 894.4471
11 301.0517 818.8369
12 465.4173 213.2215
13 422.5743 615.8454
14 719.8955 128.1306
15 101.7575 256.595
16 283.4092 147.5436
17 355.4139 524.1622
18 450.6203 55.86576
19 376.4936 171.0627
20 561.2312 155.4957
21 298.7847 89.56278
22 726.1803 209.5626
23 479.8808 111.6435
24 726.5101 668.6244
25 141.25 203.4335
26 757.9465 179.5862
27 731.8495 858.0978
28 684.7143 883.4296
29 562.2324 682.0731
30 49.98946 473.288
31 512.8705 60.5135
