1 822.1878 222.8508
2 372.3076 922.7948
3 549.6297 574.9082
4 71.88 675.9008
5 532.2268 166.7355
6 577.2849 207.4065
7 521.788 106.2111
8 368.813 379.1895
9 41.59933 406.4712
10 153.0472 698.4719
11 613.6787 427.8979
12 173.5385 316.4129
13 251.6044 875.2794
14 579.5586 126.0813
15 565.0616 65.21153
16 861.4784 274.0642
17 141.8606 759.0837
18 41.81004 582.8381
19 756.3879 627.9417
20 565.6546 665.6218
21 624.0168 81.3325
22 782.1258 181.5044
23 814.431 320.0347
24 155.8944 505.1062
25 57.59652 343.9716
26 874.6404 690.7812
27 916.1712 556.4994
28 503.0591 655.0211
29 554.7936 928.9211
30 315.7328 894.4074
31 891.2473 346.9056
