1 339.9554 425.6467
2 326.5332 684.254
3 698.1978 881.1247
4 499.5942 262.4312
5 325.233 770.6374
6 555.5146 909.8522
7 459.5393 932.7418
8 537.3616 541.8092
9 581.6807 639.2083
10 426.8671 688.2167
11 616.2161 912.2526
12 61.51595 647.9757
13 840.1364 621.7688
14 618.538 698.8202
15 739.9989 427.5525
16 903.0155 621.5584
17 682.2544 841.9786
18 106.1377 726.8895
19 664.5824 890.7228
20 839.3004 247.5506
21 741.3523 848.0313
22 697.9866 796.0017
23 841.5528 346.1599
24 628.8799 84.89111
25 317.8756 569.5124
26 366.3127 812.1252
27 688.3841 109.9505
28 192.0306 522.2532
29 275.1868 400.3072
30 256.8734 709.7308
31 385.7546 302.307
