1 574.0534 362.2173
2 275.0311 99.98348
3 558.9054 929.7824
4 615.5345 641.4404
5 489.7645 833.3385
6 305.2884 498.8718
7 902.7441 375.0908
8 448.6373 281.0108
9 509.0554 297.1184
10 671.6397 698.4419
11 882.4161 325.3438
12 258.5199 358.9569
13 385.1906 62.84271
14 44.13615 397.2061
15 106.9226 719.1489
16 97.53228 374.8484
17 137.729 279.0526
18 900.5751 612.8798
19 303.3201 266.7922
20 535.8786 874.02
21 120.5911 659.5684
22 52.4171 606.6089
23 441.689 405.9835
24 37.37009 545.5274
25 195.6481 354.818
26 440.2177 56.73522
27 73.86842 315.6293
28 658.4406 598.1202
29 887.4132 547.5719
30 711.4676 562.5504
31 502.8176 933.1854
