1 348.0487 318.2318
2 397.6103 623.5997
3 689.991 884.2947
4 592.4506 288.5024
5 415.0812 719.2138
6 525.0938 935.4998
7 415.0985 851.8569
8 513.32 449.906
9 680.8557 633.8428
10 484.97 593.7923
11 588.0575 921.0544
12 68.91292 664.8401
13 810.0194 711.9571
14 719.9392 678.8897
15 810.1065 351.6417
16 873.198 695.8016
17 670.5363 850.5436
18 175.542 814.8708
19 642.3211 905.188
20 879.6289 317.5573
21 734.8012 853.449
22 614.682 818.0282
23 906.1988 426.5883
24 585.1014 72.1961
25 397.9655 517.9376
26 461.6208 756.3201
27 719.2719 130.0482
28 218.237 425.3532
29 268.3549 310.8969
30 167.6912 753.8272
31 488.263 298.7999
