1 630.679 101.7503
2 598.3086 153.2268
3 401.5398 525.193
4 496.6675 576.5284
5 706.8496 609.4873
6 675.1131 541.1188
7 426.5881 351.6962
8 681.0464 465.4848
9 37.63801 411.9764
10 517.7903 461.4684
11 299.3401 833.8308
12 70.2072 669.4709
13 769.7544 443.4254
14 135.2991 771.7694
15 479.6273 877.6478
16 644.594 193.4598
17 464.2095 527.7707
18 83.95287 464.0052
19 106.6845 375.0553
20 352.2673 869.391
21 910.5017 591.9905
22 246.8571 301.1293
23 233.5521 232.4417
24 488.3986 639.6399
25 852.2035 727.5492
26 406.3912 674.9995
27 293.48 897.6242
28 662.4602 893.9251
29 853.0675 571.8662
30 427.975 790.0465
31 624.2642 510.1565
