1 540.6347 536.3821
2 649.607 708.9719
3 592.232 921.7553
4 477.2275 453.8473
5 815.7085 695.7423
6 390.3855 873.4432
7 140.6518 787.6861
8 801.9676 314.2694
9 786.0632 809.3954
10 823.6591 520.6525
11 472.5964 935.3502
12 31.61558 494.9246
13 652.2669 907.0932
14 824.7283 767.2911
15 712.076 127.0769
16 599.7825 799.6292
17 523.303 761.8525
18 204.0609 803.3128
19 532.1977 931.8123
20 839.9974 249.279
21 627.5637 869.166
22 732.4723 705.3522
23 783.964 561.1013
24 283.4811 199.9603
25 765.3107 615.9861
26 869.6878 675.8537
27 883.503 413.0932
28 188.3596 160.5653
29 106.2538 249.6104
30 101.0207 539.7515
31 842.6129 461.3807
