1 785.1549 595.8551
2 287.9699 779.8275
3 196.3283 299.6111
4 273.7629 637.28
5 55.18082 421.9298
6 330.0316 536.4696
7 577.9714 176.9367
8 381.735 638.8906
9 327.6031 606.913
10 165.7538 182.2608
11 621.4546 221.0053
12 192.9315 434.815
13 352.7432 145.4558
14 129.9667 403.735
15 452.6809 934.1998
16 170.4774 572.2304
17 77.35472 505.7521
18 242.7761 819.614
19 595.3599 610.416
20 301.6853 900.6537
21 40.13742 552.1664
22 290.8062 250.5563
23 637.4101 404.1665
24 254.7787 574.333
25 296.7778 89.71913
26 484.5213 627.3972
27 911.5902 575.7889
28 509.0777 933.8296
29 561.5016 928.0377
30 757.2488 540.3734
31 155.6608 347.549
