1 652.0938 797.0956
2 221.6679 645.9824
3 388.1509 514.6278
4 484.8149 492.0135
5 158.7499 652.5643
6 676.239 599.6269
7 392.4658 262.1953
8 594.8615 770.7075
9 416.0839 870.9232
10 240.7805 121.911
11 808.6689 479.0722
12 213.4776 705.4171
13 616.9508 314.2405
14 350.8155 309.9603
15 408.9309 934.9349
16 234.6089 862.8526
17 132.9287 704.1678
18 401.0209 576.0753
19 337.7637 718.5321
20 289.1222 894.8558
21 64.78748 496.3539
22 439.7973 447.5391
23 849.073 371.1428
24 501.5259 435.2473
25 277.2866 376.6349
26 476.1593 870.4561
27 906.0285 390.4087
28 459.8945 934.9139
29 508.1625 934.6376
30 809.8472 234.9249
31 52.96225 355.6121
