1 535.4326 478.0933
2 284.1704 413.8987
3 567.938 264.4732
4 751.8808 377.565
5 868.8937 439.6147
6 874.5261 308.3631
7 284.6602 111.8002
8 460.9989 355.9411
9 34.89807 441.6185
10 756.7439 481.8796
11 605.1253 853.9619
12 102.3507 728.4416
13 901.6033 420.4483
14 235.5329 862.4561
15 554.7725 697.0294
16 333.3808 451.5179
17 801.163 664.0646
18 443.3024 693.3267
19 116.6087 235.1022
20 328.3392 536.821
21 663.2715 541.4128
22 455.7987 56.99503
23 337.9805 75.155
24 708.9665 440.0125
25 918.8249 480.3953
26 46.94242 608.2548
27 549.5626 929.0081
28 611.1601 915.8269
29 918.5446 384.7133
30 108.9151 525.2898
31 880.1506 371.5582
