1 917.6038 503.4194
2 696.4259 639.0101
3 385.5067 454.7318
4 539.968 698.0951
5 591.2622 76.83783
6 654.2418 599.1621
7 406.1669 525.6072
8 639.8407 668.2641
9 585.2481 289.0156
10 874.2879 697.0162
11 530.9463 772.5724
12 471.5631 527.6134
13 434.0461 265.3164
14 36.6819 531.8499
15 664.1622 798.1054
16 817.4722 714.2938
17 717.9048 754.1533
18 474.1797 697.6133
19 84.99946 284.1408
20 688.8013 699.9081
21 82.61832 490.9518
22 777.227 315.0404
23 477.003 339.3717
24 114.1585 747.2214
25 102.5708 601.1514
26 98.13599 434.4926
27 344.5111 227.6339
28 253.7473 113.7605
29 448.9012 790.1673
30 156.6726 189.9067
31 352.8162 70.20563
