1 660.6191 708.1522
2 296.9659 109.2002
3 742.2081 847.5363
4 788.2177 804.6081
5 580.1353 427.3282
6 118.4571 618.0182
7 763.8289 161.8306
8 370.5391 618.7466
9 423.6612 649.3196
10 745.7069 766.0417
11 628.7411 85.69824
12 234.3324 125.9678
13 599.6292 266.6181
14 45.38473 393.4753
15 215.3624 849.0532
16 418.5998 435.7018
17 186.7683 157.7389
18 916.0284 450.3934
19 107.0406 492.8457
20 314.9583 697.7044
21 457.3796 703.1474
22 110.1084 340.4658
23 174.9532 411.8857
24 106.9256 677.9924
25 331.1404 213.631
26 345.6535 72.12666
27 185.1218 623.1506
28 827.7812 761.4717
29 805.5693 205.4376
30 326.9191 450.6475
31 594.1272 918.9164
