1 685.5843 669.4784
2 698.7538 116.2929
3 291.485 731.71
4 502.4396 934.7052
5 571.7321 498.3487
6 38.1207 504.0097
7 438.7805 728.8009
8 366.3755 617.7027
9 633.2876 633.7123
10 332.3758 447.4146
11 215.1071 849.8213
12 556.33 634.9746
13 141.8009 318.704
14 497.7058 320.9716
15 749.6491 151.5057
16 124.0162 673.3521
17 893.0692 636.9833
18 58.44952 640.0624
19 178.9032 166.1162
20 63.00028 566.9929
21 475.5631 221.6077
22 558.0802 64.87894
23 607.7602 449.1517
24 491.5025 877.4688
25 601.9839 270.3482
26 665.2766 416.2111
27 702.5035 178.3106
28 773.8982 210.872
29 101.1129 732.7414
30 367.0007 94.08234
31 133.2621 212.3163
