1 753.7036 155.5853
2 515.7896 835.8319
3 315.4049 600.2039
4 60.12058 647.8431
5 430.9693 460.2211
6 825.4287 225.4311
7 537.6923 61.92708
8 640.4853 303.2311
9 112.387 270.6821
10 116.7143 754.2532
11 653.3157 784.0046
12 365.6475 445.9908
13 269.2573 883.8704
14 846.0625 283.7407
15 429.1571 57.89549
16 908.5523 404.7142
17 216.0725 848.6104
18 161.6823 295.9383
19 556.0247 397.3762
20 488.8622 481.4085
21 485.9168 57.92816
22 602.633 92.54561
23 503.6672 283.7154
24 327.0432 772.7338
25 133.5289 212.6298
26 801.6913 797.0751
27 845.6543 718.5458
28 597.1365 808.9805
29 523.0055 932.2166
30 399.2134 764.6171
31 779.2479 511.0187
