1 462.8335 604.7958
2 442.6654 530.2005
3 737.0701 853.1048
4 366.1629 359.3329
5 245.453 475.5673
6 146.788 198.6477
7 891.4109 464.1757
8 569.0242 558.1888
9 726.4077 765.3546
10 918.3207 505.0934
11 623.6352 81.77378
12 67.83005 591.9542
13 249.2415 117.5825
14 53.3774 363.7835
15 681.2678 884.1816
16 400.6311 305.5345
17 117.0583 628.685
18 625.4323 911.4316
19 813.6091 300.6962
20 632.3876 851.4771
21 370.9633 567.7555
22 135.6519 701.0771
23 257.3106 353.0674
24 362.17 416.1052
25 329.4419 483.6546
26 421.743 447.4317
27 188.638 158.1437
28 247.5492 287.2029
29 402.2149 687.0453
30 862.1163 706.2138
31 338.7475 913.1619
