1 301.4223 644.2267
2 540.8248 310.5443
3 369.9564 451.455
4 248.7115 762.2493
5 511.8452 690.369
6 113.8229 367.4764
7 154.6884 197.7786
8 407.4505 695.9773
9 188.8583 393.9107
10 141.6793 490.2647
11 238.9675 125.9485
12 337.6586 400.9993
13 424.4917 528.8513
14 214.3403 174.1575
15 134.9939 425.9708
16 406.7913 616.3458
17 499.2153 590.6723
18 675.539 346.8607
19 298.2638 701.3277
20 344.524 839.7505
21 734.7644 371.2079
22 444.3419 569.7477
23 835.3986 429.5903
24 55.74795 355.6869
25 512.4839 428.7637
26 671.7999 216.0713
27 920.4604 488.8171
28 706.4557 731.9015
29 560.9526 64.38464
30 327.6487 339.0997
31 242.8209 611.477
