1 315.0661 903.3453
2 582.9328 308.9519
3 218.5941 497.6782
4 237.988 554.3689
5 905.8458 600.4061
6 462.261 370.0917
7 621.5274 80.58707
8 582.6661 591.0284
9 379.8254 902.718
10 192.8268 443.1655
11 720.2039 130.5421
12 279.1458 501.1367
13 49.67605 616.4172
14 758.0657 576.1236
15 574.4958 432.4435
16 377.9329 837.4019
17 352.4418 740.7121
18 520.8367 292.5122
19 766.4835 671.9851
20 720.0228 849.4132
21 890.9075 342.755
22 75.29468 680.6976
23 708.3041 619.0079
24 38.17059 435.6772
25 304.2816 553.0983
26 337.4794 232.7528
27 869.9078 297.4126
28 451.483 927.075
29 398.1076 245.9302
30 565.9213 100.4206
31 800.5978 608.1749
