1 649.1025 633.0293
2 258.3247 645.2179
3 256.9295 418.6298
4 373.1441 588.9663
5 109.0068 527.1913
6 478.916 570.5887
7 518.0007 287.5511
8 441.4261 759.576
9 365.8335 718.9551
10 208.2014 145.0235
11 673.1813 353.4184
12 164.4537 554.2065
13 480.6196 206.2818
14 217.7074 352.1566
15 444.2778 934.88
16 168.6454 714.2033
17 74.23508 575.0234
18 300.346 719.9351
19 478.2046 638.6815
20 289.1188 893.7482
21 55.61139 638.0481
22 299.2959 366.8027
23 724.9146 511.6368
24 366.4115 529.6586
25 243.7415 197.7942
26 426.2195 697.9374
27 918.4833 495.7768
28 490.5975 935.4508
29 535.5102 931.9393
30 754.5992 412.016
31 50.53688 366.7647
