1 785.0358 528.7979
2 730 140.2985
3 240.9108 849.38
4 561.9718 927.5132
5 722.2167 460.9313
6 163.961 491.8302
7 322.9539 826.364
8 485.5068 551.8253
9 720.723 522.9672
10 369.6133 614.6535
11 272.294 891.7941
12 506.1261 492.9486
13 273.2364 211.2887
14 327.9844 346.9137
15 746.0508 296.3806
16 259.7019 730.8949
17 842.6361 746.4604
18 76.63747 678.7845
19 171.0909 173.0655
20 200.513 559.0851
21 337.5737 216.8663
22 617.6418 79.05725
23 556.9413 300.1612
24 365.8971 920.3875
25 520.4336 410.6685
26 606.2552 264.8611
27 678.9493 113.2013
28 629.8848 206.3758
29 137.7032 664.538
30 245.4375 120.3404
31 185.9975 233.6509
