1 695.2521 116.0575
2 568.2605 75.3107
3 380.3139 289.7219
4 332.8081 399.7443
5 413.3552 583.0722
6 397.4534 526.047
7 527.0687 188.9455
8 447.6696 482.8142
9 160.686 508.6795
10 652.2552 255.1035
11 368.0609 766.4476
12 42.91867 588.9402
13 781.4536 203.1465
14 242.3707 671.4219
15 251.1149 805.5232
16 836.8985 242.8432
17 584.1399 409.3713
18 158.979 613.0423
19 215.7574 530.648
20 369.3128 839.8687
21 905.3502 550.9172
22 118.5941 232.7974
23 205.414 143.2804
24 664.8527 735.1519
25 634.6714 581.0211
26 615.2357 842.1614
27 230.0483 859.3131
28 536.5105 929.9564
29 794.8898 765.9397
30 654.098 895.2106
31 387.5596 465.5344
