1 204.2676 591.8442
2 523.9499 193.5567
3 410.0851 539.3806
4 338.9706 829.8022
5 554.1314 584.0914
6 94.41183 296.524
7 201.5619 187.0012
8 455.2712 806.1469
9 284.8889 472.464
10 244.8458 524.1339
11 293.8382 155.005
12 424.5057 472.1063
13 354.6451 585.3822
14 237.3708 131.6332
15 150.2953 319.7527
16 396.0574 703.8764
17 448.2991 671.009
18 798.9082 323.7675
19 370.1146 772.8974
20 434.8251 886.0293
21 830.4268 378.9913
22 382.3806 623.5855
23 904.9061 478.4994
24 46.82959 391.6232
25 490.4601 541.0345
26 573.9302 122.4364
27 913.5054 425.2592
28 587.1694 720.4559
29 485.495 55.56161
30 420.7212 277.0841
31 330.9899 530.4262
