1 663.2669 428.715
2 355.7724 917.4323
3 832.7614 757.6305
4 576.3836 442.1039
5 103.4804 692.3355
6 310.575 580.3868
7 572.5141 836.3033
8 860.3727 501.3241
9 437.554 864.2984
10 561.5794 927.8605
11 592.2625 758.7567
12 238.5835 576.4382
13 755.1891 307.8881
14 418.3993 923.1351
15 516.4399 808.6224
16 887.7959 365.3832
17 376.6425 596.8341
18 417.0898 776.2252
19 790.9482 804.7702
20 833.4416 411.1923
21 666.5796 759.8585
22 475.8405 910.8296
23 802.8478 513.9232
24 811.149 271.7782
25 299.3089 897.6421
26 111.1535 742.8106
27 444.1137 186.0513
28 34.55943 536.9128
29 64.70934 658.4791
30 555.3635 526.3389
31 57.9763 599.6496
