1 527.8028 211.699
2 487.8961 673.2659
3 537.8677 492.4615
4 657.5874 481.1358
5 695.1981 877.1323
6 616.0033 105.3111
7 169.405 303.0887
8 660.3624 356.9402
9 40.16106 411.6038
10 555.4332 131.3392
11 911.4617 497.1007
12 147.3983 788.7814
13 659.9037 557.9411
14 628.4899 908.3156
15 88.61705 708.0506
16 216.6018 776.6668
17 694.8233 781.5524
18 250.5958 607.954
19 82.70616 286.4602
20 351.0003 130.3138
21 495.2 138.9925
22 558.8209 67.96738
23 356.9793 70.97541
24 465.1149 87.42031
25 835.4892 753.1218
26 56.01521 636.9408
27 786.8711 795.4718
28 594.0615 510.4065
29 599.5589 585.1779
30 292.0971 108.5327
31 670.3371 101.3476
