1 431.9873 472.0246
2 511.665 60.13865
3 460.8337 420.8321
4 569.5235 926.9571
5 575.3267 461.1271
6 558.5911 60.33268
7 475.4157 58.65888
8 517.0701 444.9349
9 351.4883 618.4928
10 346.755 407.8493
11 408.9364 154.2637
12 271.9544 425.7641
13 909.4159 549.0858
14 371.1011 700.6131
15 200.1807 149.0919
16 704.7952 120.1721
17 433.0115 55.13413
18 313.673 474.7525
19 94.64582 398.4982
20 409.5378 388.6457
21 403.6695 646.4834
22 252.4356 112.4978
23 430.5631 699.4771
24 736.968 287.4238
25 419.6475 577.6071
26 371.1737 464.0412
27 742.3969 848.2345
28 611.0319 324.4353
29 463.8264 121.2823
30 352.5491 315.2116
31 64.18571 523.2926
