1 744.1525 608.1902
2 699.4284 110.4474
3 253.5886 799.5394
4 547.0173 930.7895
5 647.6318 488.3788
6 75.65068 523.4703
7 394.1137 787.4217
8 437.7392 601.4367
9 687.9963 584.9875
10 340.9019 530.0111
11 258.8839 879.9168
12 552.8062 561.6843
13 209.686 265.259
14 416.1552 319.3869
15 765.2352 208.1842
16 188.487 703.943
17 870.6753 693.3975
18 61.2589 649.5206
19 186.0581 160.9484
20 128.8643 559.4245
21 401.2462 212.8699
22 586.8053 71.82653
23 611.0452 365.0263
24 423.9556 909.6411
25 556.2156 332.2658
26 659.8657 328.3806
27 690.8428 157.1363
28 704.7007 243.4418
29 93.03522 704.815
30 296.7821 93.59309
31 139.1578 206.0176
