1 657.9057 372.3399
2 358.9863 917.1691
3 832.7175 744.4727
4 611.9639 414.0904
5 126.1655 665.3542
6 282.0693 533.5782
7 559.7672 796.2205
8 869.4883 461.4279
9 475.7075 881.3661
10 609.8922 912.5811
11 574.1711 707.8172
12 210.7538 534.7214
13 719.8881 274.2196
14 414.0235 885.6446
15 505.3196 827.6348
16 875.9879 343.4742
17 336.8464 566.3043
18 445.3072 820.1357
19 802.3147 796.7511
20 804.7229 424.4733
21 622.7602 772.4883
22 456.8597 934.0477
23 806.0958 489.856
24 822.5642 304.0473
25 293.6238 895.8009
26 93.17372 714.8744
27 405.0396 161.0699
28 33.61766 533.9979
29 66.8509 661.6134
30 600.9545 534.958
31 48.45731 607.2357
