1 519.7515 522.6971
2 553.6041 425.657
3 552.2485 229.9324
4 698.0272 297.5735
5 614.3791 805.6139
6 327.1352 322.7922
7 367.8032 168.6711
8 490.4483 468.8161
9 84.75112 311.0147
10 557.3598 105.0013
11 781.048 178.4052
12 196.9394 835.501
13 522.4397 284.3669
14 760.2621 739.3202
15 135.1832 775.0278
16 505.384 772.4151
17 861.0879 709.7292
18 432.8423 339.4547
19 108.1848 250.7585
20 462.7043 190.5208
21 542.3748 164.6601
22 696.5872 235.9584
23 456.4543 55.35789
24 444.3358 126.2127
25 549.5986 813.7756
26 42.08034 580.9309
27 832.6073 552.515
28 886.7141 573.0317
29 294.6293 531.5459
30 396.6767 61.82909
31 522.4358 58.09089
