1 832.2088 621.2139
2 273.1557 852.9487
3 185.0305 251.5287
4 230.4433 638.6914
5 55.30225 358.1897
6 250.3006 531.6815
7 580.2178 112.7887
8 328.8521 583.8973
9 267.7193 589.3036
10 125.0288 230.0351
11 608.1773 162.6473
12 246.4917 394.0358
13 302.4157 133.9169
14 80.94227 415.6679
15 431.501 907.0439
16 174.4325 501.0786
17 120.117 454.3997
18 209.0933 844.4997
19 659.3058 601.8915
20 319.3814 905.5942
21 85.04852 503.9183
22 331.5058 194.9441
23 665.6444 322.0729
24 202.6974 582.6124
25 331.018 76.53496
26 557.8382 605.1566
27 906.4693 603.2703
28 521.4033 933.7594
29 570.0755 925.3313
30 767.7796 616.0236
31 208.4911 317.1289
