1 363.2825 416.5304
2 870.2848 697.3559
3 172.9639 609.2738
4 65.64674 663.3766
5 630.1614 908.5157
6 208.9862 750.3924
7 324.7879 535.7997
8 397.9546 586.3677
9 260.1703 545.6281
10 212.2231 809.172
11 186.9365 688.1459
12 403.9452 520.5691
13 688.9182 880.1429
14 803.3043 202.827
15 62.23696 334.899
16 263.6055 108.5509
17 652.2766 238.899
18 208.0874 137.0135
19 150.4479 554.7031
20 326.2695 479.6557
21 742.7793 264.7989
22 890.2658 350.9243
23 451.4084 465.8134
24 620.9969 292.5003
25 122.1591 231.2668
26 910.4044 404.7066
27 823.6657 770.3467
28 789.0572 806.4446
29 858.7327 305.515
30 84.6858 301.6266
31 515.9199 481.6267
