1 323.4357 912.088
2 583.4082 274.9467
3 190.4489 526.1685
4 203.713 584.2475
5 911.4893 575.7694
6 414.3226 343.6703
7 598.8697 70.84993
8 538.8336 589.7212
9 380.508 882.1635
10 159.6787 473.5689
11 722.9052 131.613
12 250.1625 526.0405
13 49.46941 617.2943
14 743.3455 537.2408
15 554.6764 390.0276
16 339.8075 833.1494
17 329.0934 774.4883
18 525.7744 243.7759
19 746.1773 687.2681
20 695.4144 875.0098
21 894.1572 350.159
22 72.64055 675.6557
23 714.913 631.7398
24 43.59091 405.673
25 273.6645 582.1321
26 347.8754 205.8859
27 872.6613 303.1159
28 416.6994 929.1231
29 408.2045 208.8213
30 534.7624 69.17481
31 771.9061 581.0986
