1 295.9023 610.4266
2 576.425 66.07181
3 234.9691 702.7664
4 191.9771 833.0752
5 774.306 400.9912
6 112.7785 245.5665
7 444.8809 187.3251
8 450.149 919.3278
9 299.3791 671.1396
10 260.7851 554.4106
11 572.3957 158.7077
12 394.2094 680.3055
13 228.2241 604.6302
14 527.3809 201.3954
15 229.2404 127.9851
16 262.7134 883.753
17 251.455 819.3397
18 697.651 113.6819
19 506.7422 876.6886
20 508.7502 934.345
21 903.5311 377.0237
22 200.6808 635.4433
23 905.5616 603.0586
24 48.01142 376.9754
25 281.5672 741.3956
26 454.1342 55.79586
27 883.7634 324.6165
28 321.7378 784.3795
29 402.3993 85.31781
30 509.1 65.93242
31 458.8522 465.7045
