1 793.5698 809.1862
2 630.3158 907.9922
3 34.06664 501.511
4 97.79562 706.4797
5 902.841 373.7208
6 288.109 96.19132
7 547.3499 470.1417
8 578.3715 924.6761
9 860.7647 711.0833
10 213.7404 620.5557
11 319.3291 904.8575
12 221.6144 555.6543
13 59.04286 343.862
14 723.4328 388.0016
15 695.9462 149.5927
16 594.0573 816.539
17 767.4706 722.0347
18 126.3503 763.0899
19 534.2412 167.7706
20 604.0644 489.0757
21 879.2868 427.9897
22 818.9094 750.1878
23 618.5102 424.8494
24 83.05453 287.0115
25 233.9178 279.8914
26 698.9305 686.598
27 135.5054 270.132
28 96.89459 390.9666
29 672.8832 891.0357
30 853.5761 330.6478
31 610.2585 362.8026
