1 333.3449 563.657
2 512.8035 58.39813
3 734.0367 223.5819
4 546.7177 837.4037
5 306.6049 687.0938
6 603.632 69.48388
7 384.476 124.5655
8 313.1462 624.6804
9 538.8287 232.6743
10 435.9096 156.7536
11 175.5847 170.0197
12 334.1781 169.9036
13 847.9031 263.7538
14 38.43985 561.6286
15 53.47118 357.3585
16 769.0854 166.9482
17 321.0743 103.239
18 625.2328 185.3018
19 68.49046 665.8653
20 505.52 115.9417
21 553.7437 291.8783
22 136.9672 210.4728
23 459.5404 247.2809
24 448.8425 57.72605
25 561.2872 154.1978
26 266.4199 219.9386
27 462.6943 933.3
28 622.3862 780.755
29 559.8755 92.61838
30 103.5578 252.3488
31 525.6395 606.3704
