1 313.8881 438.1669
2 475.5792 55.99572
3 797.3256 319.7405
4 653.1574 896.2826
5 177.2093 628.5972
6 609.6571 77.76138
7 400.34 240.8289
8 284.624 487.9332
9 677.0612 229.5418
10 516.5575 165.4914
11 214.7975 139.1615
12 320.7291 269.7843
13 840.0868 249.3117
14 35.43406 540.7055
15 126.2179 450.8064
16 782.4853 260.6805
17 276.5179 200.1649
18 759.3034 203.5685
19 66.44724 661.5883
20 429.4449 129.7951
21 675.178 288.7649
22 146.4967 199.1396
23 600.2633 268.706
24 400.2314 75.7811
25 623.2032 162.6076
26 187.4182 179.5108
27 385.5882 859.5071
28 707.1971 856.7299
29 487.2345 113.4003
30 109.9024 244.3889
31 618.0122 698.3026
