1 536.3536 538.0779
2 167.2712 579.5049
3 382.7943 318.5755
4 603.1145 587.5097
5 593.888 781.5107
6 121.1387 629.8456
7 31.98636 464.2443
8 443.155 386.3849
9 324.0134 331.225
10 311 543.2526
11 270.1709 466.6578
12 121.7224 757.0739
13 633.5392 380.9029
14 502.7705 280.0501
15 535.7173 644.5517
16 167.5942 675.9347
17 910.7718 567.2685
18 214.4291 623.5668
19 402.8089 781.1886
20 681.3052 107.2349
21 692.8255 340.6943
22 918.465 504.0748
23 884.5819 392.8181
24 45.83715 602.9927
25 285.8875 747.1701
26 269.8535 683.6882
27 669.6358 573.3053
28 418.8888 517.3054
29 65.87193 324.3784
30 522.4407 219.4257
31 451.3232 741.2574
