1 670.1641 636.3666
2 387.6549 426.07
3 607.025 785.1671
4 326.6154 472.059
5 177.5657 616.3474
6 252.2878 256.5558
7 907.0032 401.4513
8 692.9074 573.6978
9 755.3708 574.9096
10 911.4461 578.1402
11 724.3322 131.3381
12 252.9587 595.3135
13 364.639 69.30591
14 51.20338 367.837
15 559.5475 725.7184
16 270.1387 405.5679
17 258.0265 531.3966
18 771.3819 815.0713
19 680.505 178.1056
20 581.0568 922.8894
21 259.2188 468.561
22 63.65556 654.42
23 157.7688 541.4861
24 206.3312 437.4932
25 175.3442 356.8705
26 491.6824 236.4795
27 149.3921 196.8003
28 447.6506 307.6273
29 587.4104 656.3845
30 893.7868 635.0254
31 386.1281 926.3463
