1 573.6577 703.5963
2 379.3423 64.15754
3 509.296 765.5397
4 526.7019 932.8926
5 252.7809 185.712
6 366.8552 181.172
7 279.2675 99.76936
8 645.5265 510.9497
9 684.2834 567.1415
10 618.8122 386.3053
11 417.4497 615.4046
12 514.9486 557.2322
13 595.56 764.9603
14 737.0369 784.2666
15 569.0411 322.2409
16 442.399 70.24324
17 699.2755 116.5812
18 204.9685 149.7887
19 67.62705 319.245
20 163.4802 590.2624
21 666.7482 795.8907
22 381.691 369.6276
23 616.0224 447.1699
24 917.4428 510.1472
25 751.3653 555.9009
26 357.6468 907.5589
27 904.1806 606.568
28 906.5597 398.0192
29 314.8208 374.0606
30 683.0988 399.8606
31 36.48044 548.949
