1 759.2577 160.3839
2 403.0914 118.449
3 479.7206 191.1795
4 419.501 247.903
5 253.2799 483.1024
6 243.361 405.9858
7 399.7601 183.9077
8 473.656 336.5099
9 277.5722 620.0168
10 822.1981 328.7024
11 488.726 603.8752
12 38.05059 560.206
13 838.6752 245.191
14 378.5011 553.86
15 311.9276 679.4757
16 865.0523 293.4831
17 723.5798 438.5382
18 351.7678 618.247
19 316.3533 567.5975
20 496.8644 754.617
21 801.3403 427.1659
22 233.1287 123.2136
23 379.0331 65.27965
24 778.7925 815.7425
25 668.4436 397.9397
26 554.7351 929.1777
27 143.2123 784.485
28 465.4629 934.7053
29 730.5254 859.1635
30 623.0496 909.5464
31 305.1625 334.2651
