1 918.2943 542.6985
2 273.2776 885.2133
3 451.3438 273.8724
4 82.64373 690.0019
5 145.3266 198.843
6 77.53906 294.1626
7 623.4425 83.4837
8 534.7704 375.1794
9 123.9611 299.7971
10 405.4397 318.4356
11 668.3078 101.1475
12 419.6433 493.3107
13 219.1101 385.994
14 113.8375 241.255
15 483.1235 496.7163
16 477.678 379.1864
17 160.0007 359.8515
18 79.35298 625.6675
19 878.3362 676.5179
20 350.0318 917.3791
21 313.0221 228.6836
22 684.8371 157.739
23 895.0829 409.9908
24 33.60768 502.2394
25 362.7209 273.1616
26 894.6228 614.4916
27 919.4105 478.7582
28 601.9438 917.397
29 675.6598 888.8729
30 611.8882 587.9041
31 595.9953 337.5633
