1 382.8896 317.7807
2 862.7966 709.4666
3 257.4248 566.9001
4 85.49657 703.2664
5 662.0376 869.8261
6 211.5805 848.8685
7 282.7738 462.9314
8 470.527 569.4545
9 210.3084 462.5099
10 265.6061 880.0237
11 156.4972 784.4849
12 492.6375 513.1387
13 718.8838 860.4734
14 768.762 168.9012
15 81.28856 285.6573
16 262.5674 108.6621
17 583.497 290.1756
18 208.1271 151.2909
19 220.3121 519.7103
20 387.4578 431.2755
21 687.5936 202.2238
22 876.7932 317.9977
23 513.1507 425.8659
24 689.8564 338.1308
25 141.3011 205.0969
26 897.4461 363.7422
27 814.8879 782.767
28 776.6152 819.9725
29 817.4017 351.8146
30 120.7112 278.1419
31 575.6013 403.7331
