1 340.1139 417.8784
2 630.8369 463.0504
3 158.938 606.011
4 169.375 814.0688
5 540.5256 930.3336
6 33.41755 490.5459
7 362.1056 323.8905
8 169.3459 662.7533
9 94.3327 521.9459
10 29.95545 554.7594
11 208.0455 146.0112
12 149.6028 545.3988
13 575.6328 493.4519
14 418.7468 388.8256
15 66.77878 580.711
16 459.2207 340.9331
17 734.2194 472.572
18 414.5152 280.6944
19 80.04121 640.3849
20 201.5049 736.9136
21 685.2121 438.7508
22 675.3985 509.8527
23 558.0165 265.1066
24 185.5875 207.5013
25 378.8106 173.9004
26 908.1514 407.2768
27 880.8441 680.3468
28 847.4056 733.3684
29 763.5222 162.1852
30 92.62427 277.2833
31 149.1081 763.994
