1 407.2462 601.2978
2 608.5187 76.01327
3 479.5297 533.368
4 453.6497 934.3204
5 314.814 494.6614
6 44.10535 576.9781
7 366.8988 529.5752
8 289.0531 401.7459
9 423.5495 499.7078
10 460.6014 169.9103
11 261.7444 880.6091
12 346.1519 633.2419
13 118.8045 559.2366
14 771.1919 437.0146
15 691.0903 111.8821
16 193.6069 462.4992
17 852.3069 413.6653
18 197.334 584.8545
19 194.6824 154.3642
20 58.07257 640.6738
21 686.1671 376.4684
22 510.1483 58.34099
23 371.9581 467.5049
24 680.9149 731.4226
25 745.989 147.8654
26 623.0296 716.2695
27 715.8382 294.3232
28 857.3767 304.498
29 125.0094 764.7195
30 648.0058 155.9311
31 67.15134 469.2983
