1 771.2606 563.2406
2 191.4807 200.1863
3 717.9479 714.4921
4 716.0684 867.0196
5 412.862 315.488
6 256.195 506.8984
7 681.1662 109.3056
8 528.8631 570.0742
9 592.4164 595.7666
10 826.4925 601.7167
11 443.7171 58.43926
12 173.0831 160.228
13 726.5506 394.9378
14 40.79958 415.2441
15 214.2102 848.2753
16 572.3466 527.3371
17 142.5874 198.9431
18 904.8828 387.3646
19 57.24295 636.5275
20 275.8836 561.9155
21 632.8361 685.561
22 113.8508 239.9658
23 327.6867 494.6006
24 214.7363 547.2957
25 398.8202 396.4069
26 219.9401 132.719
27 127.4433 764.7862
28 796.7433 800.1445
29 737.4657 147.0568
30 176.6131 334.3502
31 572.322 924.4337
