1 916.4102 551.0798
2 749.4998 650.9103
3 332.9623 429.2291
4 510.9701 663.4617
5 531.3769 67.07476
6 709.9831 607.2123
7 442.8916 512.3746
8 685.683 662.9921
9 597.2164 346.1209
10 892.2809 646.2349
11 589.1048 795.2074
12 491.8314 471.3621
13 399.2736 290.6489
14 55.37785 492.4891
15 723.8755 813.9059
16 837.6603 667.4157
17 777.6046 740.9128
18 499.5123 733.3541
19 83.84008 288.2642
20 723.8792 714.1254
21 121.2669 534.0538
22 828.8503 318.4284
23 453.5551 327.9885
24 124.1474 757.0809
25 81.93899 654.548
26 129.1511 477.5585
27 296.8455 213.3241
28 223.2642 131.187
29 465.3584 839.3027
30 154.6037 189.2624
31 373.9848 66.32466
