1 777.6006 175.4571
2 393.8627 927.4656
3 451.9569 622.9032
4 63.57687 655.719
5 542.2879 279.0746
6 727.7987 220.1359
7 595.0088 89.54101
8 456.1146 264.2314
9 40.74639 407.1738
10 102.6331 735.5197
11 569.8993 567.6611
12 293.1925 280.6396
13 280.4643 889.6297
14 672.0089 195.4236
15 512.0227 57.78512
16 865.2421 290.9299
17 145.3725 787.9696
18 68.18103 467.6313
19 672.6481 538.8908
20 512.5904 596.5111
21 555.2909 64.34122
22 722.1699 134.1895
23 699.8443 382.5608
24 231.9527 609.9374
25 72.20908 312.9329
26 797.6808 801.4144
27 898.64 632.5344
28 504.3512 661.7725
29 600.8355 919.3186
30 351.9955 885.3632
31 914.3449 443.0836
