1 519.8966 845.7838
2 533.75 934.6655
3 33.55481 538.4354
4 284.3195 567.1922
5 620.8548 147.6482
6 720.7341 343.0947
7 881.1909 325.7016
8 520.6803 746.6195
9 595.7716 861.1802
10 45.86636 597.6078
11 446.7105 934.043
12 496.3266 557.7762
13 148.7224 325.7175
14 839.1067 750.3231
15 498.1083 191.074
16 766.3951 826.8252
17 801.4645 792.8965
18 452.6203 819.8138
19 581.8517 99.67416
20 904.7445 387.6407
21 808.4756 208.3106
22 498.15 900.5258
23 743.0243 145.4408
24 92.82354 267.4742
25 218.9442 553.1011
26 284.5328 503.7531
27 380.4602 64.6184
28 465.2259 267.3525
29 593.7051 922.345
30 916.7821 529.9763
31 683.5768 106.4435
