1 883.6866 445.9618
2 662.5985 248.2262
3 280.4088 830.9113
4 574.3531 925.4523
5 843.5292 397.3058
6 309.5575 458.8894
7 233.961 767.7083
8 391.9696 520.6468
9 766.8011 432.3837
10 436.778 735.5417
11 268.7361 888.1205
12 377.6664 451.165
13 321.918 81.43105
14 192.2383 407.4338
15 702.5275 413.1737
16 378.8151 757.6227
17 758.654 837.4625
18 172.0476 796.2523
19 96.73602 265.4392
20 314.3428 558.3456
21 272.6448 158.3672
22 583.5575 70.98158
23 407.7031 292.9563
24 322.0074 906.2289
25 433.8911 424.1829
26 465.6692 205.4984
27 641.5758 87.63027
28 542.8344 107.6909
29 229.922 574.7538
30 219.4702 134.7764
31 283.8757 216.0391
