1 471.2598 360.1753
2 175.812 476.0015
3 277.1111 138.0083
4 545.4401 648.0351
5 485.6757 605.6105
6 78.30341 529.6357
7 145.7601 530.5717
8 594.5275 254.603
9 213.8428 155.3967
10 344.3426 320.5694
11 405.5594 295.0441
12 242.6897 868.4064
13 813.5693 270.1835
14 674.9314 178.2004
15 388.2231 768.9557
16 253.7341 519.115
17 883.3856 670.0938
18 371.7922 655.8113
19 262.979 674.8916
20 547.4229 61.80174
21 868.2651 302.0564
22 914.1605 441.3095
23 807.4724 207.9995
24 58.51906 470.1444
25 189.5959 829.4119
26 83.25343 590.6193
27 755.8091 671.7001
28 584.7876 598.0778
29 58.49827 348.8009
30 598.9916 76.2795
31 426.3887 584.6819
