1 778.2721 594.0309
2 287.7224 771.4967
3 199.0577 305.9327
4 277.9495 635.4391
5 56.80061 429.5495
6 337.7729 537.5322
7 576.8363 183.5587
8 384.0728 645.1228
9 335.0132 610.4002
10 169.4227 178.2741
11 622.4332 227.4042
12 188.8325 440.4586
13 359.7975 146.2403
14 132.7033 408.2768
15 453.2188 933.6935
16 170.2806 579.2186
17 73.43863 510.4477
18 246.6466 814.7219
19 589.1756 611.4999
20 299.6932 899.4249
21 36.87367 557.596
22 288.1854 256.7829
23 637.0474 412.6814
24 260.6327 573.7518
25 289.7312 93.13526
26 477.8842 629.7887
27 912.8828 572.1671
28 510.6851 933.8958
29 561.4451 927.8619
30 756.9779 534.0865
31 149.6598 347.1307
