1 196.2864 561.3296
2 527.813 166.6508
3 401.2507 565.2459
4 343.5691 851.9999
5 571.4697 561.0941
6 102.0205 279.5546
7 221.2063 206.2257
8 455.2699 833.6075
9 296.3763 500.9893
10 256.3404 545.5334
11 324.6041 167.6593
12 431.6724 496.6819
13 339.4328 584.4036
14 266.7094 134.5807
15 152.1844 292.6551
16 386.4839 723.2449
17 447.3172 698.442
18 816.1901 315.9331
19 382.7812 799.8755
20 455.1568 898.8018
21 837.6458 384.6478
22 361.3475 624.6268
23 915.5953 471.5082
24 41.15462 406.6735
25 479.9095 565.5636
26 552.4043 100.3098
27 911.3636 415.1893
28 558.3684 719.4228
29 470.4081 54.26988
30 435.6519 253.6545
31 355.6498 521.2862
