1 647.8123 790.1796
2 223.5106 640.6403
3 382.3582 516.5236
4 480.5023 495.5082
5 158.3429 645.7098
6 668.2522 599.1065
7 395.005 269.0041
8 588.4439 773.8206
9 413.6804 869.4851
10 245.0834 121.2911
11 801.9505 475.0906
12 210.3263 699.8728
13 611.9127 308.8422
14 350.6232 315.8218
15 409.7709 933.0451
16 231.0616 862.0376
17 131.0408 696.9313
18 394.5225 575.6651
19 342.5086 714.371
20 287.0597 893.4663
21 64.7848 502.3479
22 436.4631 448.3957
23 848.3236 379.0487
24 497.1442 439.4119
25 274.2448 369.979
26 473.2787 864.1915
27 906.1648 393.5611
28 461.0642 935.0775
29 508.9707 934.6835
30 806.1943 240.7995
31 49.76876 363.0901
