1 543.3585 384.9178
2 277.8366 100.2638
3 590.3961 920.7844
4 641.5783 662.5625
5 509.147 808.2315
6 269.2596 519.6237
7 903.184 377.3622
8 418.189 298.4856
9 484.8619 320.9411
10 665.2166 733.3934
11 882.0334 325.0769
12 262.8318 331.8393
13 361.9771 65.67123
14 46.8811 377.8375
15 92.95589 716.84
16 137.3156 380.8816
17 142.478 243.3941
18 902.7502 611.1652
19 295.6731 276.3368
20 508.6273 868.7223
21 136.9434 676.3051
22 50.06219 594.9145
23 440.7269 369.8033
24 33.81804 530.4927
25 198.4814 320.6583
26 425.3479 56.9176
27 87.55259 330.3924
28 682.1826 618.0826
29 905.3729 522.9554
30 686.2265 547.1135
31 533.6335 931.1183
