1 763.8718 414.2571
2 371.3483 196.6226
3 480.1614 917.8785
4 491.0637 624.3536
5 326.9155 848.1542
6 366.6882 416.7945
7 887.3071 334.0138
8 615.9469 350.7745
9 677.9923 357.9612
10 819.348 574.0378
11 863.8319 286.6921
12 356.3715 482.1449
13 393.9203 62.82878
14 31.43406 486.8969
15 300.5462 652.8866
16 79.545 378.7401
17 137.0959 358.7865
18 866.6348 703.8738
19 449.5769 170.8708
20 537.4363 931.745
21 90.30092 499.1687
22 43.49043 592.6814
23 385.7702 542.9328
24 34.02137 539.4424
25 61.1406 435.5633
26 561.934 64.36064
27 68.03949 319.5348
28 596.3766 490.0216
29 816.2111 667.8521
30 871.4575 605.3287
31 425.2404 931.2769
