1 370.9382 600.1942
2 531.5921 58.94042
3 687.8708 205.7058
4 501.1253 855.1583
5 353.5673 718.006
6 603.9782 67.61427
7 399.5332 80.50593
8 349.56 654.3212
9 489.093 251.0679
10 387.9925 150.2863
11 160.7231 182.4677
12 295.8368 147.8506
13 824.8368 230.1608
14 50.09026 606.7171
15 61.44292 337.674
16 745.4135 148.6966
17 304.4239 88.12199
18 579.6704 174.3893
19 68.0199 664.8704
20 517.7754 128.2745
21 510.9595 310.0131
22 126.1903 219.4461
23 410.2557 271.5852
24 466.8822 57.647
25 522.5666 193.0837
26 320.8754 229.0904
27 492.5825 934.2115
28 597.4361 734.7673
29 572.0965 103.3172
30 96.58221 260.7227
31 483.7618 578.0012
