1 558.8509 63.51991
2 724.9162 868.3146
3 168.9852 245.0876
4 190.5988 831.3645
5 312.5192 840.1661
6 603.7645 437.742
7 650.1858 90.99405
8 536.4606 593.5737
9 107.2949 247.0941
10 323.732 906.1123
11 678.5408 810.6716
12 238.0369 211.863
13 269.1667 759.6611
14 906.1065 390.5213
15 232.4952 125.291
16 532.9517 400.6993
17 246.7843 809.8672
18 368.6382 198.6647
19 492.3647 54.85673
20 566.1234 159.0403
21 292.5486 94.3911
22 514.3501 200.0864
23 352.3234 72.15531
24 568.7066 866.9298
25 417.0267 245.2857
26 726.2925 483.1458
27 666.6494 879.7651
28 617.2105 915.6973
29 384.4772 926.2904
30 149.3423 789.3211
31 488.3076 291.5436
