1 615.2496 106.0353
2 587.297 163.9835
3 410.852 531.2855
4 512.4008 578.7369
5 719.2498 605.1923
6 689.606 532.3654
7 413.2047 352.3993
8 687.7037 453.6453
9 37.58438 424.9157
10 516.9959 475.813
11 296.254 839.7922
12 73.38569 674.9385
13 766.3286 458.2772
14 142.805 782.9797
15 494.4329 881.4215
16 635.132 201.5512
17 471.4479 535.1572
18 101.3812 464.7735
19 105.8059 362.6359
20 358.5231 859.632
21 907.5861 601.1812
22 261.6959 297.6528
23 249.1557 231.4695
24 480.0012 633.6338
25 854.9897 723.4463
26 391.5993 669.4704
27 306.959 901.1714
28 665.9152 891.887
29 858.6591 563.4963
30 414.6978 782.8516
31 637.2053 509.3069
