1 691.4935 760.3708
2 601.8563 917.0226
3 36.13523 546.0871
4 231.517 697.4099
5 799.7717 226.6545
6 505.9388 150.2612
7 694.7952 393.4364
8 549.4801 922.9301
9 707.0254 695.1499
10 71.84412 671.1412
11 288.8527 891.4454
12 349.4703 687.9569
13 77.9425 298.5874
14 787.1111 577.7853
15 602.9163 73.55547
16 704.8944 873.0132
17 759.6522 832.092
18 211.3491 753.6258
19 536.5597 59.96835
20 745.5176 420.5949
21 886.9095 337.9587
22 637.6342 789.137
23 800.5187 331.8756
24 114.6868 240.6475
25 136.5024 321.9921
26 494.7255 627.6848
27 215.8082 137.8722
28 216.6947 317.3851
29 649.9185 901.1237
30 898.4056 448.4494
31 760.2255 276.5372
