1 448.7105 258.9307
2 506.0929 784.0265
3 690.9495 822.9862
4 638.8643 203.7908
5 364.6532 586.1157
6 225.9441 267.2016
7 633.4247 610.4716
8 757.8646 319.4391
9 674.2444 890.0948
10 782.0396 751.6028
11 613.6422 462.4422
12 74.26753 536.3365
13 496.7347 156.9994
14 364.6096 649.2507
15 478.2037 935.311
16 702.2538 298.3279
17 111.354 636.6602
18 420.5869 930.7006
19 842.4054 647.1281
20 656.2703 541.0662
21 455.6574 883.2165
22 353.3022 907.6248
23 647.9 384.0411
24 716.6155 405.1115
25 300.1114 869.4351
26 203.0695 660.4551
27 321.3157 81.51988
28 26.48405 524.2151
29 108.1306 742.5727
30 778.4221 635.3394
31 80.84249 690.375
