1 515.3788 506.4226
2 503.436 56.42654
3 542.295 307.4055
4 426.5904 932.2546
5 542.309 691.3711
6 568.8569 62.48626
7 437.7618 60.64494
8 531.1488 629.1173
9 337.2304 379.7341
10 270.1485 226.4729
11 208.7075 147.6435
12 222.4041 224.3882
13 873.4286 325.4433
14 143.8118 608.3155
15 96.70326 268.0864
16 730.7051 139.2883
17 349.7591 73.47819
18 485.0241 322.8985
19 89.35902 612.8941
20 522.351 239.5207
21 375.0966 426.1012
22 160.1235 188.8992
23 325.902 464.7418
24 548.1773 172.9964
25 403.0383 357.4195
26 446.5145 269.5728
27 620.5696 910.5835
28 552.5541 553.956
29 546.2562 97.03463
30 161.1387 254.7373
31 296.8877 525.7932
