1 768.3616 608.2938
2 209.6386 194.1506
3 717.4663 755.8666
4 727.5103 859.3601
5 454.9383 330.7464
6 239.2444 544.7223
7 679.315 106.1999
8 504.0138 601.2463
9 565.3116 627.2585
10 821.2654 641.0979
11 484.3139 56.41376
12 184.9405 153.6654
13 695.8912 366.1028
14 36.87318 429.8929
15 247.6292 869.8734
16 533.499 510.9411
17 146.403 189.7922
18 914.2585 423.077
19 46.5161 606.1488
20 281.387 593.9785
21 596.9086 695.5759
22 116.4384 236.6376
23 278.2008 494.8875
24 191.7496 579.5545
25 376.4867 360.0956
26 233.733 125.0608
27 139.0304 740.3109
28 790.9546 807.4949
29 732.6101 140.5222
30 208.5177 361.0524
31 607.8025 916.1112
