1 218.773 211.7685
2 814.9526 780.442
3 414.3597 379.4033
4 111.7177 745.7579
5 575.7247 621.3541
6 258.6547 878.8554
7 338.4876 245.0733
8 610.4619 404.4731
9 32.18488 473.9328
10 432.3124 931.0696
11 194.162 832.1336
12 528.2373 347.9628
13 548.3829 724.5309
14 652.2517 92.42616
15 135.7969 210.1614
16 215.1234 144.6234
17 478.3739 387.9424
18 419.9615 149.5
19 358.9508 348.5067
20 442.1144 254.8366
21 471.3334 93.24242
22 808.5379 224.9761
23 483.0947 204.3691
24 734.8686 496.9216
25 165.4646 172.3779
26 838.8922 252.0675
27 771.4596 825.2462
28 730.4342 857.2346
29 700.5743 553.4876
30 43.1994 414.0038
31 551.9743 192.4846
