1 233.9995 512.1432
2 869.8666 606.3544
3 72.02759 671.684
4 99.49256 723.7876
5 489.458 935.1564
6 139.7113 532.9483
7 371.8781 555.1929
8 264.3893 711.0204
9 236.1011 655.4624
10 173.6019 582.0191
11 168.579 475.3257
12 309.2534 561.9413
13 694.6328 746.0722
14 724.204 349.3598
15 36.90128 442.8994
16 372.1527 68.74246
17 794.3937 293.0818
18 255.4823 111.1978
19 49.12679 608.6649
20 236.2464 575.3404
21 855.9678 401.6237
22 912.1514 416.2171
23 322.862 431.2477
24 466.506 252.813
25 130.7187 216.4433
26 919.0626 472.4887
27 851.817 732.1402
28 818.2947 775.3542
29 896.7846 353.7064
30 47.85618 382.8363
31 374.0168 616.8489
