1 540.8854 61.9797
2 710.1261 870.5652
3 239.9131 192.2475
4 178.8963 821.9555
5 271.3123 845.327
6 515.8116 500.5632
7 677.4376 104.8971
8 444.8105 572.2429
9 107.6957 247.53
10 315.8131 902.4498
11 587.7217 777.9298
12 302.2806 149.9267
13 250.2292 704.9627
14 880.1968 316.3086
15 200.4556 149.3739
16 465.249 339.6162
17 207.7912 735.9425
18 423.7332 198.0828
19 466.4392 56.3939
20 609.0243 95.699
21 256.4091 114.1139
22 579.7483 229.6794
23 369.9199 70.05203
24 644.7993 840.5422
25 363.396 239.3366
26 709.5569 390.1444
27 655.0159 897.3136
28 608.186 919.7103
29 421.6183 907.5021
30 113.159 741.7625
31 518.843 205.3593
