1 793.8529 195.1027
2 391.6104 926.7538
3 460.2278 615.8646
4 71.70953 672.9159
5 552.7852 250.4924
6 696.3753 215.0547
7 595.9628 104.7898
8 430.2959 279.1326
9 36.16585 434.4724
10 103.2805 736.9832
11 573.102 538.3638
12 267.6421 274.941
13 277.5908 888.1832
14 648.1229 178.2533
15 524.0461 59.54938
16 859.8515 278.9432
17 144.8477 790.8947
18 54.86702 493.9434
19 688.7944 556.8413
20 525.3062 603.9027
21 567.3102 65.67749
22 732.8326 140.0658
23 729.6984 381.1821
24 219.0875 587.8816
25 71.28021 313.3659
26 814.3057 782.1017
27 903.2137 616.947
28 501.9562 665.6169
29 581.3203 923.2156
30 339.7156 898.2649
31 912.1756 425.7298
