1 384.2504 606.0304
2 535.7653 62.03809
3 674.9216 203.9416
4 489.944 864.0335
5 365.8865 726.0857
6 601.3095 67.73921
7 409.1944 70.47522
8 361.7276 662.7578
9 476.8411 257.9674
10 373.0544 149.7692
11 158.3014 184.893
12 281.3168 147.2841
13 817.7112 220.8807
14 50.0423 609.0183
15 63.70823 331.0416
16 740.4558 145.0107
17 301.5489 90.30295
18 571.0168 179.8855
19 67.68968 667.6498
20 522.9106 132.2524
21 498.2135 313.8738
22 125.8077 223.5604
23 398.7836 282.1615
24 469.4939 55.92195
25 513.0428 206.1943
26 337.5115 230.3165
27 503.2486 934.0641
28 589.2887 721.8033
29 573.6922 105.8668
30 94.64807 264.5708
31 473.1932 569.4303
