1 812.3708 211.9855
2 387.9652 925.526
3 471.3512 603.0918
4 78.33589 687.1874
5 560.2812 223.188
6 664.166 212.4478
7 589.7 116.3825
8 407.8821 300.3768
9 34.4861 441.7
10 103.6911 737.2145
11 579.5168 508.6819
12 241.465 275.6054
13 271.7082 886.8189
14 626.5142 167.9295
15 536.9348 60.74386
16 852.1829 266.3197
17 147.6792 786.162
18 40.83513 520.1993
19 703.2366 574.5926
20 536.0136 608.4139
21 583.2426 69.7534
22 740.1571 146.7489
23 757.1865 372.747
24 204.5828 565.8829
25 70.90262 317.5485
26 828.4342 761.3504
27 905.6864 602.2074
28 498.7061 662.2412
29 563.2592 928.1248
30 331.8236 911.2378
31 907.1547 405.41
