1 376.1272 816.9359
2 578.7715 143.6583
3 115.5424 630.9882
4 122.5461 711.6264
5 915.7179 433.746
6 238.1329 275.0036
7 506.0571 55.75004
8 425.6253 698.5889
9 250.449 812.1584
10 85.61797 557.0888
11 695.2399 119.4138
12 214.3966 659.9896
13 48.12933 611.5835
14 684.3422 385.4125
15 444.0341 263.8334
16 242.5936 867.8569
17 193.1784 830.125
18 581.8958 80.5183
19 624.6324 757.6674
20 584.1194 923.9394
21 902.5993 378.6254
22 70.02588 669.9525
23 775.6983 726.7712
24 40.64566 408.9854
25 192.4079 716.8434
26 382.1422 65.53974
27 884.2977 329.7132
28 321.0705 901.2688
29 421.2519 111.2443
30 443.8925 56.81545
31 673.1941 473.4472
