1 396.2982 62.5437
2 760.8065 833.6836
3 383.1886 177.4121
4 167.076 809.837
5 283.4951 646.9955
6 387.4139 668.5747
7 562.8992 134.7429
8 372.4323 412.9705
9 157.067 345.0711
10 290.6355 893.0477
11 392.8748 773.1175
12 441.7383 174.372
13 340.0731 614.6803
14 774.6696 173.081
15 103.7605 259.3685
16 327.7933 210.1891
17 279.4332 575.9621
18 452.5789 53.11085
19 375.0828 115.4552
20 608.2128 96.22277
21 229.0758 128.3246
22 699.7223 257.5178
23 441.8115 112.3161
24 717.2765 749.2279
25 165.2427 265.3437
26 697.0751 212.8614
27 695.6297 879.4539
28 644.7707 905.0849
29 506.2917 747.25
30 84.02888 558.7116
31 521.9841 58.8685
