1 527.2142 235.9473
2 464.8716 254.2085
3 528.3423 489.5297
4 645.8348 587.1735
5 835.5136 536.2918
6 827.7029 477.9029
7 276.3554 308.5864
8 676.8625 315.2175
9 34.85094 528.8533
10 586.4623 537.036
11 442.2748 861.1265
12 80.09006 690.0687
13 872.8352 513.532
14 135.5625 774.8377
15 644.8605 901.8017
16 525.7375 294.8421
17 579.4376 590.2192
18 255.7194 520.5364
19 113.4226 241.0306
20 369.0447 738.6725
21 817.3449 622.5953
22 362.2381 199.2361
23 365.668 127.5753
24 516.1702 556.6001
25 891.2974 652.3089
26 228.4096 626.5704
27 437.2172 931.2902
28 700.7717 873.6507
29 919.2254 497.1973
30 286.1322 703.3428
31 771.2592 491.5081
