1 759.6541 407.9958
2 368.5602 191.3409
3 482.8599 921.0239
4 498.0498 624.5174
5 332.7227 853.4541
6 367.9858 415.7868
7 887.8484 335.9146
8 612.1227 345.5425
9 674.4173 353.1132
10 811.4519 576.6197
11 865.3473 286.7768
12 355.0267 481.6142
13 393.1516 62.88139
14 31.44176 487.9344
15 292.8318 653.4622
16 75.60644 380.4325
17 132.3914 356.2176
18 866.8512 705.8986
19 443.1825 173.3858
20 541.172 931.3259
21 89.56018 505.9356
22 44.34068 594.0275
23 389.1654 536.2069
24 35.51616 543.2498
25 67.15459 441.177
26 558.5441 62.61958
27 68.11529 320.6061
28 596.0995 498.5902
29 821.2743 667.5089
30 866.7834 603.3521
31 427.5468 931.7673
