1 590.9607 654.0899
2 385.0052 479.0074
3 680.8341 803.5672
4 338.6965 430.9816
5 166.9351 537.602
6 173.3033 213.0959
7 911.6545 417.1089
8 659.5372 619.458
9 720.8741 646.6964
10 915.7506 548.1213
11 686.215 110.0661
12 174.3325 602.7528
13 314.004 85.64575
14 47.8756 380.5494
15 618.5265 786.4153
16 334.4077 370.7885
17 230.6372 567.0619
18 708.046 864.8208
19 739.423 214.4906
20 602.1674 917.4289
21 323.328 492.229
22 82.01964 695.02
23 155.3408 455.3517
24 279.1045 448.695
25 225.9536 416.3654
26 468.9221 317.8685
27 196.9046 150.3467
28 371.295 278.343
29 513.5997 664.7349
30 877.043 680.0812
31 391.6729 927.3509
