1 484.7472 498.7421
2 570.8808 456.6417
3 577.4388 250.7811
4 717.2269 294.2863
5 643.1021 831.7805
6 362.6542 301.0167
7 339.7343 149.6483
8 474.9372 438.961
9 74.8004 304.7543
10 550.1049 110.861
11 802.0895 203.2789
12 195.2813 834.2209
13 522.501 321.7938
14 733.4742 767.5987
15 142.4141 784.5734
16 495.7537 786.9428
17 843.8574 735.7291
18 400.4067 355.8589
19 107.1797 248.3032
20 443.0897 165.6517
21 512.7181 161.7038
22 673.4053 248.4335
23 451.9057 56.58912
24 467.3246 108.8104
25 564.711 792.3367
26 50.43112 615.0862
27 804.5368 561.9293
28 862.9758 551.4695
29 323.4573 547.1946
30 391.4599 62.33856
31 518.0248 61.01908
