1 550.7559 330.2013
2 574.9157 616.3873
3 667.9598 896.933
4 627.086 423.403
5 610.8485 667.7023
6 458.8796 934.1231
7 250.8565 814.5911
8 604.4419 306.7974
9 825.225 742.5252
10 639.4765 490.5105
11 557.958 927.5366
12 42.07554 583.975
13 693.2962 812.4718
14 871.3376 698.7391
15 854.2475 271.8368
16 782.6723 784.1996
17 642.0942 860.6018
18 245.3774 870.1451
19 614.1915 915.3241
20 886.2155 332.5702
21 714.6522 866.0801
22 620.1076 807.6445
23 903.3273 612.9132
24 451.5487 89.65812
25 573.9963 550.7501
26 661.5524 715.0385
27 756.488 269.6546
28 163.7565 237.9963
29 106.7633 265.2704
30 119.7703 752.7413
31 652.5723 362.6804
