1 735.6781 597.9999
2 379.5537 358.5426
3 540.394 804.8362
4 349.6134 529.6531
5 216.0902 682.8484
6 314.6002 316.5838
7 900.9702 371.2752
8 705.3911 503.8665
9 765.4405 507.7708
10 914.8197 560.5632
11 775.5751 174.0704
12 291.3631 567.5393
13 409.6438 60.40467
14 51.90724 365.7485
15 495.3265 681.5581
16 210.1252 392.9359
17 246.6743 488.4055
18 823.7017 769.1814
19 618.7756 160.1572
20 569.6842 926.417
21 194.2172 450.2312
22 51.15681 620.7499
23 214.045 596.6129
24 135.3422 437.6278
25 102.3586 334.9081
26 511.4744 161.3538
27 117.2694 235.5398
28 509.5544 347.5236
29 653.057 647.4612
30 900.1881 623.3369
31 381.7176 924.9882
