1 394.3046 558.285
2 525.1964 728.3898
3 580.9164 848.4941
4 422.7913 328.9278
5 838.7707 751.9035
6 286.0325 743.1555
7 133.8317 772.6764
8 855.5739 428.3957
9 707.181 872.1468
10 801.0562 596.708
11 347.8781 867.2138
12 37.29706 555.8245
13 643.0759 844.3794
14 771.9299 712.0728
15 656.2901 94.41804
16 469.1317 763.5942
17 527.6807 625.0759
18 194.9262 833.7097
19 521.2024 933.4887
20 832.0806 238.3946
21 566.9382 771.8266
22 842.4535 697.3512
23 727.4899 547.2341
24 177.8503 281.2222
25 806.5075 656.3675
26 892.168 648.3452
27 921.2287 474.0031
28 258.6452 111.1121
29 85.59829 280.7345
30 34.9501 489.8014
31 906.1557 536.9744
