1 760.6412 581.4742
2 707.5219 115.2727
3 245.4274 826.5257
4 571.2952 926.0466
5 674.2656 488.3728
6 104.8703 518.3755
7 373.7881 804.683
8 460.0045 585.2325
9 700.6056 562.7955
10 348.6841 558.6212
11 260.7319 883.53
12 540.1693 538.0235
13 235.6161 246.3175
14 387.0847 326.2826
15 758.87 238.3361
16 213.3108 711.8165
17 861.5671 709.8451
18 61.23061 652.2487
19 183.9939 162.6101
20 153.1505 555.3703
21 374.4921 212.1996
22 604.2426 76.77458
23 601.7931 347.9142
24 401.9522 921.1754
25 539.0779 353.066
26 653.5653 299.3317
27 677.5789 149.0316
28 680.1067 242.7253
29 101.7955 702.403
30 274.8581 103.5295
31 143.0824 211.9176
