1 256.1203 876.7553
2 700.2292 676.7936
3 393.8243 609.8186
4 259.4689 764.0743
5 888.7752 341.3686
6 714.722 733.0193
7 780.418 230.4091
8 511.8079 833.568
9 361.643 920.555
10 87.96425 285.5239
11 617.7486 563.2482
12 482.8975 702.5681
13 51.04495 618.5918
14 830.4699 761.8209
15 525.4615 770.5612
16 697.9305 792.5583
17 650.0628 757.0082
18 638.8755 651.8086
19 792.617 590.1579
20 886.3557 665.873
21 773.478 170.4115
22 148.7539 791.0424
23 907.2503 402.7967
24 35.00787 500.7263
25 583.2942 767.0554
26 48.27183 380.0842
27 732.2674 138.1004
28 766.0716 694.9586
29 538.885 622.3922
30 846.3769 382.0523
31 874.4312 537.572
