1 407.3747 345.6287
2 421.9344 97.80336
3 801.9672 368.6526
4 711.1151 868.9979
5 80.6878 543.3358
6 532.4857 131.0519
7 482.7921 322.2997
8 353.7418 371.5934
9 801.894 253.5777
10 618.5056 218.6745
11 245.9972 120.9313
12 212.1406 228.6199
13 848.6078 311.093
14 42.29245 589.5807
15 181.1152 578.1771
16 786.9812 309.7275
17 155.9292 207.19
18 794.8118 189.6606
19 62.87459 652.9794
20 402.3955 226.447
21 741.6825 344.0981
22 112.7309 238.3398
23 683.5019 373.1616
24 318.7456 166.0022
25 668.3001 283.8439
26 195.4004 145.5282
27 280.9558 799.5707
28 761.8584 830.848
29 463.6104 211.6147
30 85.56447 291.4613
31 667.1115 812.8777
