1 899.4892 373.424
2 608.27 339.7675
3 370.0649 777.9429
4 591.8632 921.4229
5 877.6114 306.5735
6 286.3309 497.3959
7 187.571 677.1467
8 358.72 543.5956
9 775.063 332.5992
10 532.4707 797.8476
11 230.0882 845.4486
12 292.125 451.6903
13 402.661 61.56736
14 78.11121 439.9673
15 659.8229 515.411
16 466.0683 774.5789
17 668.0114 889.8102
18 172.153 813.5838
19 89.03271 279.5021
20 389.9729 594.4217
21 240.8116 222.8836
22 596.1787 72.86184
23 312.8815 373.9695
24 273.8481 884.1456
25 376.2348 378.6709
26 358.4575 189.115
27 641.6038 122.3501
28 463.0941 55.94198
29 295.6059 547.0073
30 196.1129 153.3912
31 315.4857 127.6522
