1 780.0759 449.5956
2 384.2737 229.3431
3 460.7306 899.6288
4 457.586 617.6515
5 298.0118 820.9741
6 363.165 415.323
7 883.6664 326.9509
8 632.6928 382.3903
9 697.5301 383.1687
10 855.6794 566.9068
11 858.8515 281.2165
12 359.3944 480.4691
13 407.5942 61.24414
14 32.86316 472.5615
15 339.5232 653.3017
16 93.82388 371.0575
17 157.5633 371.692
18 870.0305 701.3656
19 482.1837 162.1081
20 532.549 932.0522
21 92.43618 464.7585
22 41.12645 580.5234
23 363.4377 574.4783
24 36.04907 527.0991
25 45.52989 411.1447
26 563.5496 65.42909
27 69.66682 316.3806
28 595.1425 452.5133
29 784.9046 662.4575
30 888.7501 621.1634
31 413.3094 929.8821
