1 460.4035 669.5169
2 614.7158 75.67351
3 458.7151 610.9718
4 452.9254 933.8162
5 368.2783 526.183
6 35.11218 538.974
7 414.0121 566.0933
8 261.0902 473.9189
9 478.3308 546.3171
10 402.2769 231.3252
11 226.9551 859.2647
12 396.578 690.5475
13 88.77742 517.9932
14 703.9497 392.3275
15 673.8468 102.3674
16 166.4432 538.3167
17 897.8501 470.9193
18 121.3162 627.553
19 189.2852 157.8208
20 47.93018 611.1208
21 631.5966 334.6017
22 532.512 60.2253
23 432.7518 504.085
24 629.1774 779.7213
25 726.2073 136.8841
26 644.7692 637.8735
27 723.0849 233.6791
28 818.0797 240.1394
29 122.5298 762.4073
30 573.6445 133.4315
31 111.8937 401.756
