1 675.4215 614.2208
2 272.5857 667.6676
3 245.5667 391.526
4 353.2406 599.858
5 88.67288 514.3135
6 449.1033 564.4261
7 539.2289 269.8791
8 422.1566 739.971
9 361.4971 693.4811
10 192.6767 157.6841
11 656.5022 326.1853
12 160.8217 528.2909
13 454.7148 190.5959
14 188.298 362.8783
15 449.7994 936.4365
16 165.8268 684.2849
17 58.59411 564.5695
18 300.8458 735.5321
19 502.5518 630.4977
20 290.1958 894.6169
21 53.29968 630.1175
22 284.9023 342.1487
23 693.0916 505.7507
24 342.4125 542.0655
25 249.4088 167.8477
26 421.0628 677.3292
27 918.0724 514.1703
28 498.7289 934.1505
29 542.6379 930.8654
30 753.2805 439.6344
31 59.21301 350.0122
