1 661.6754 445.4716
2 356.8733 918.7645
3 830.912 762.2896
4 564.175 447.8025
5 100.8595 703.0917
6 320.7064 592.2559
7 574.1343 844.5033
8 859.5092 516.2395
9 424.3174 864.4441
10 549.7311 930.8
11 597.861 773.8953
12 243.6461 589.2569
13 765.8241 313.2147
14 419.6333 928.107
15 528.2228 801.8902
16 896.1746 375.1084
17 388.0095 605.4799
18 405.8867 764.2764
19 790.2967 806.9744
20 838.1584 400.3075
21 680.0549 756.7267
22 473.7938 904.9142
23 800.3027 523.663
24 803.4504 262.4529
25 299.3711 897.9656
26 117.1706 750.0519
27 454.7136 191.8868
28 34.93747 541.0439
29 66.85661 663.8432
30 541.1472 524.148
31 70.71036 595.9066
