1 903.8623 485.5981
2 887.1678 597.9886
3 142.671 537.7743
4 341.8301 757.665
5 437.7648 179.9699
6 859.5349 535.8727
7 653.9958 517.8797
8 824.1475 585.1942
9 798.6082 430.3776
10 919.3338 548.4824
11 726.1563 857.7972
12 312.4852 367.5739
13 198.3021 464.1005
14 151.3892 283.2393
15 819.5844 775.1983
16 852.2329 464.5845
17 886.6292 661.7911
18 583.5038 921.2812
19 75.34837 303.2951
20 853.7301 726.842
21 274.0289 686.2747
22 900.2327 382.9272
23 351.2155 529.6362
24 68.64026 637.8321
25 216.6605 653.715
26 350.9106 622.6425
27 168.8381 177.1187
28 196.2801 238.9127
29 524.9432 931.0732
30 122.3459 222.4646
31 506.2027 53.06599
