1 469.4415 609.079
2 536.5944 58.83913
3 601.657 216.9189
4 452.9225 927.3173
5 440.6992 747.3609
6 599.2402 66.05049
7 432.6804 58.76148
8 438.3837 677.6091
9 408.0978 295.235
10 289.3812 167.7423
11 151.9772 191.25
12 208.5856 159.6211
13 827.3628 229.9491
14 55.00294 608.6254
15 68.16999 318.8768
16 728.8268 136.7887
17 326.4844 80.93979
18 511.9585 220.0819
19 69.21636 671.5878
20 553.4823 168.6269
21 433.9542 353.7718
22 123.4226 227.6177
23 345.4419 351.0188
24 481.4276 93.20855
25 459.5998 259.6237
26 407.7312 223.6106
27 551.3491 928.0135
28 552.737 651.7322
29 573.8103 105.924
30 98.6118 274.0081
31 407.0847 534.2495
