1 265.8306 492.7455
2 899.1074 628.2885
3 65.75087 648.7477
4 86.12629 703.1781
5 519.0407 932.5985
6 176.0127 601.7935
7 368.7685 560.4129
8 318.2777 668.3138
9 292.2158 612.8876
10 185.7592 661.3579
11 185.5842 537.3275
12 322.3542 527.9919
13 707.3959 810.7865
14 776.473 303.435
15 42.43744 400.7307
16 333.9422 78.516
17 746.6211 247.9746
18 260.7454 109.7567
19 49.0559 583.5405
20 270.4333 556.9717
21 820.4497 354.3874
22 904.7883 385.7185
23 325.2058 463.1103
24 529.4492 250.8043
25 104.4865 254.2358
26 915.8353 446.0643
27 841.7681 746.9517
28 810.0764 786.8039
29 886.4585 329.2362
30 52.93604 348.9164
31 431.6362 580.0998
