1 506.4484 515.5767
2 188.4746 560.773
3 356.4021 293.7394
4 613.226 621.9049
5 559.2191 761.1316
6 130.54 593.5745
7 37.181 477.7316
8 457.3171 351.4048
9 292.704 311.3687
10 307.5584 505.1733
11 300.4163 438.0155
12 146.0695 784.9223
13 664.4704 363.1509
14 530.377 252.5058
15 505.0354 667.4366
16 174.2336 637.6862
17 914.2305 561.1793
18 232.7019 613.8898
19 382.3069 754.9267
20 656.2532 95.36377
21 724.2756 333.7392
22 917.8875 495.2674
23 858.4465 365.7284
24 43.41395 583.1269
25 248.3288 753.3421
26 234.8187 682.5619
27 673.1349 606.1385
28 439.9922 544.2568
29 68.05993 320.4014
30 545.7163 194.1477
31 429.1511 714.1251
