1 651.3526 609.7618
2 753.1988 839.0222
3 289.1001 689.6206
4 458.665 641.9489
5 703.0338 554.6197
6 530.2861 120.601
7 513.0969 673.7807
8 595.5992 632.47
9 917.4131 529.6901
10 587.93 456.986
11 218.404 832.272
12 463.4765 519.2581
13 35.70103 440.9575
14 484.6871 69.4822
15 869.6636 450.1626
16 644.2528 483.9141
17 707.7339 644.0705
18 389.6253 687.2806
19 160.5453 329.4757
20 569.9654 696.2441
21 539.7128 602.9681
22 877.8795 684.2969
23 424.8584 325.9947
24 48.28942 379.199
25 540.4788 416.985
26 827.9939 753.1245
27 70.82187 315.7305
28 34.26423 537.2399
29 650.1723 673.5866
30 537.8839 189.6337
31 455.03 184.5855
