1 836.6509 440.4005
2 851.4337 596.3695
3 123.4366 681.1517
4 420.0783 852.3833
5 506.2173 313.6269
6 781.691 424.337
7 733.9445 615.3561
8 745.9196 491.0772
9 869.7534 304.2174
10 877.9806 488.4093
11 621.753 909.5348
12 234.0396 478.5698
13 83.02029 550.5665
14 262.2984 223.1719
15 834.7503 751.0904
16 870.1008 365.9884
17 900.1893 620.7862
18 536.5173 932.0945
19 69.66745 318.4827
20 810.7642 696.4558
21 388.3507 747.1974
22 912.9426 438.4761
23 469.6567 591.4034
24 34.06586 520.7094
25 347.1821 603.2767
26 500.7955 655.2991
27 142.5212 205.747
28 245.3528 366.4853
29 516.007 868.0358
30 203.0606 245.0004
31 610.1678 78.92496
