1 556.7143 63.09704
2 717.3571 865.573
3 205.4076 215.6684
4 170.848 813.4375
5 280.2717 863.9771
6 556.4472 473.1614
7 668.8201 100.3639
8 484.4901 589.948
9 108.227 246.0211
10 324.4126 906.5331
11 630.099 789.1372
12 269.8451 177.1082
13 253.5621 729.5529
14 892.4879 347.4099
15 212.711 138.3092
16 496.1579 369.4759
17 217.581 777.0301
18 410.595 196.0556
19 494.426 56.06745
20 588.6988 124.0613
21 289.0312 96.62855
22 558.5538 216.586
23 364.7002 67.00247
24 610.8159 855.4733
25 378.4255 254.447
26 717.3631 433.1502
27 660.5553 896.4442
28 608.4792 917.31
29 400.3318 929.8307
30 132.1121 766.7962
31 496.7776 243.4871
