1 687.0855 109.3001
2 532.4517 101.7503
3 411.4312 250.8003
4 337.1924 349.2246
5 364.0096 554.9699
6 355.6881 500.9028
7 483.84 168.5567
8 422.8829 441.0572
9 181.9398 558.3256
10 700.7971 259.5391
11 409.5744 728.8088
12 40.47927 574.3819
13 792.1883 192.0997
14 282.2961 636.7268
15 225.1472 787.2779
16 836.7702 242.7641
17 631.5939 395.9969
18 215.4691 637.2129
19 243.338 555.8616
20 400.0659 812.2817
21 873.6403 521.4059
22 142.0901 200.6532
23 247.1086 115.4361
24 704.0855 755.7185
25 630.6884 528.1385
26 623.6324 897.5061
27 205.4209 840.8812
28 514.5881 932.7622
29 769.6639 800.39
30 684.6595 883.374
31 364.3129 437.4952
