1 508.8463 696.0072
2 628.5716 84.76196
3 421.1769 645.1586
4 460.2209 935.0502
5 413.728 533.9573
6 32.85215 525.2032
7 441.0466 588.6005
8 260.8134 521.7742
9 508.8987 588.1485
10 373.0967 280.2112
11 229.9056 860.8194
12 440.544 705.6932
13 77.42837 469.11
14 658.298 366.3604
15 689.6023 111.4453
16 152.5456 584.997
17 919.2035 498.8587
18 74.40316 639.4217
19 177.503 167.1898
20 42.11847 587.7927
21 595.5108 302.8859
22 552.4399 62.72843
23 480.9897 527.3514
24 593.8684 808.1951
25 714.2444 161.5231
26 654.813 585.9404
27 743.0902 215.6314
28 801.8183 198.8135
29 112.5676 746.2114
30 521.8731 123.2021
31 130.1529 354.2619
