1 918.1984 518.4729
2 276.8108 887.8767
3 477.9671 285.6884
4 85.28249 705.3634
5 152.0343 190.4357
6 93.98539 269.1747
7 596.9552 76.67943
8 581.0374 384.3781
9 168.001 284.6198
10 414.8494 337.7533
11 655.3051 97.57189
12 412.3954 504.3109
13 194.9547 431.2418
14 140.7303 233.0045
15 469.695 453.2831
16 526.1123 359.0479
17 133.3575 397.108
18 57.19025 644.6908
19 886.4333 668.6583
20 374.3847 923.9202
21 354.9196 211.9512
22 723.5437 183.253
23 862.4698 371.4099
24 34.44966 460.3666
25 336.284 300.6246
26 905.1254 605.6777
27 917.2454 455.9766
28 569.7952 925.1123
29 707.911 871.1583
30 569.4677 589.7292
31 644.9245 340.9738
