1 906.6104 396.8584
2 591.2525 386.5356
3 401.9725 738.55
4 585.1613 922.2545
5 848.3893 263.5061
6 320.7347 517.697
7 184.7741 631.0126
8 371.3399 587.0768
9 766.2114 285.5863
10 583.3416 815.7059
11 244.799 807.1123
12 258.0235 485.8638
13 389.0992 62.13292
14 34.85636 451.1231
15 643.3115 564.2385
16 515.4725 787.3058
17 644.8967 901.6803
18 189.149 788.7463
19 93.1215 270.9198
20 428.9111 605.7559
21 237.7306 265.5351
22 617.0052 99.37697
23 292.2979 424.9857
24 248.9946 870.5874
25 329.2206 365.2918
26 307.2367 187.3582
27 617.1978 163.695
28 454.5936 54.37721
29 314.4531 562.0754
30 188.1019 159.7576
31 324.534 83.52666
