1 561.0397 349.2001
2 154.2873 700.4444
3 512.2235 535.5772
4 683.6043 377.0841
5 766.6184 826.9218
6 56.84192 643.7282
7 32.92833 524.5115
8 578.6094 595.5253
9 449.9083 542.699
10 458.8032 731.0577
11 96.40572 561.219
12 87.03324 700.1625
13 558.0584 540.4105
14 464.9415 483.2741
15 713.9254 446.3112
16 174.8008 814.0121
17 850.9326 465.6369
18 129.443 767.9812
19 563.0935 927.6237
20 803.2949 203.1008
21 518.6679 453.8445
22 780.7359 588.2711
23 821.3336 292.3244
24 42.99206 592.7474
25 566.112 713.7407
26 549.4647 651.2522
27 779.992 354.2652
28 263.4125 307.3499
29 64.61222 326.8623
30 319.3037 353.3472
31 703.8913 767.6614
