1 291.2092 519.1166
2 554.6786 66.70363
3 328.2866 668.4172
4 259.3334 877.3085
5 667.4578 452.8036
6 119.8328 229.1032
7 346.4866 237.8779
8 453.2985 936.8538
9 346.9835 585.8989
10 233.9249 540.2745
11 470.2842 189.8428
12 425.3789 593.6806
13 284.4526 588.9972
14 409.6505 170.5256
15 163.9102 184.1406
16 312.1828 831.3675
17 363.8156 798.8696
18 784.4333 194.1184
19 476.6005 875.1646
20 517.8718 934.5666
21 891.5363 417.6669
22 275.9412 630.0628
23 919.5851 493.3115
24 46.94764 386.8679
25 385.7786 668.826
26 490.3466 54.62324
27 897.9291 363.5234
28 428.4374 734.421
29 390.6025 62.0239
30 513.3632 144.362
31 391.2709 534.8669
