1 595.5445 119.0259
2 571.0565 182.3456
3 427.0994 540.4067
4 531.1345 590.2513
5 737.2809 598.4338
6 710.3072 521.0833
7 393.3138 353.4291
8 697.1076 435.5868
9 36.21715 450.6456
10 517.3668 498.2952
11 304.2595 855.3344
12 75.9425 682.5108
13 761.9194 481.2093
14 158.9403 801.184
15 516.5894 888.7583
16 621.5732 212.036
17 486.5489 549.9398
18 124.2705 469.5727
19 104.3072 344.6076
20 362.6727 844.2416
21 900.7775 619.9403
22 282.8307 290.4873
23 273.8764 229.5771
24 471.7611 617.278
25 860.9348 714.813
26 368.9281 663.716
27 326.3969 910.0213
28 671.6342 890.4338
29 875.5152 558.2703
30 397.0523 774.4249
31 653.2896 508.7953
