1 570.5701 494.9978
2 230.31 468.7831
3 518.7867 214.4342
4 713.5863 318.7191
5 855.796 441.0999
6 852.8064 315.0668
7 331.0072 148.8734
8 445.9825 427.7521
9 35.53136 440.2925
10 797.5439 425.5604
11 668.794 822.268
12 106.2887 736.3298
13 914.5431 445.5585
14 285.5396 890.9766
15 493.305 646.5412
16 289.3527 456.833
17 864.4056 651.776
18 438.8259 770.0565
19 100.4169 256.7055
20 325.6011 506.8386
21 639.1859 507.9768
22 486.3668 57.39836
23 322.5567 81.02022
24 747.7756 394.4856
25 875.0904 497.8641
26 56.89368 639.9907
27 532.6944 931.6079
28 590.9069 905.2069
29 918.1595 386.5884
30 75.89902 485.9941
31 880.3238 371.277
