1 731.131 678.4298
2 259.8076 155.7417
3 713.2576 830.6298
4 772.1534 824.9151
5 532.4748 370.6875
6 184.3232 584.9909
7 721.1815 130.236
8 433.3239 633.3024
9 490.2946 656.8451
10 792.3966 716.0899
11 560.0689 64.95496
12 215.4081 143.785
13 647.0174 315.5031
14 35.01277 439.189
15 275.9087 888.1067
16 470.5195 475.2187
17 171.6449 171.2187
18 912.1113 420.1927
19 65.72539 543.1749
20 297.0233 641.7584
21 529.1756 701.175
22 93.03194 275.7108
23 199.5312 485.5098
24 141.651 633.3922
25 348.384 284.9167
26 285.7275 96.01299
27 181.2308 680.936
28 811.5087 783.4044
29 767.5977 167.5243
30 269.1406 409.8271
31 641.5827 905.0149
