1 912.4723 427.2132
2 582.6257 435.1724
3 418.2293 693.4792
4 577.6485 924.1097
5 820.8677 221.5799
6 370.044 529.5339
7 192.6702 586.3078
8 406.8078 622.2555
9 746.7262 242.8805
10 631.3437 827.0715
11 284.4398 767.9013
12 251.4475 532.1703
13 394.8566 68.7416
14 32.47131 466.9793
15 627.8232 612.8949
16 561.1933 804.5139
17 640.6155 904.2214
18 221.8596 748.123
19 78.80877 295.1003
20 469.6724 613.2783
21 235.092 312.4066
22 644.285 140.7598
23 310.2467 476.4185
24 214.2908 846.5697
25 273.8995 364.5455
26 253.2158 188.5883
27 581.7333 183.7544
28 451.5272 68.5691
29 341.6498 584.0564
30 170.6513 175.4426
31 337.9606 75.25289
