1 644.7487 541.254
2 780.8252 783.2748
3 273.0536 803.7817
4 537.8218 735.7177
5 616.2331 487.4528
6 624.9939 215.2954
7 599.7157 718.7837
8 597.2376 577.888
9 892.8724 428.7702
10 661.1944 446.5776
11 358.8247 887.3731
12 384.6556 600.8647
13 33.77737 468.8319
14 402.9071 59.64622
15 853.9058 562.0021
16 752.5237 429.6379
17 760.2552 573.7497
18 335.6096 814.3177
19 65.23528 323.114
20 655.776 732.8248
21 538.9597 675.5068
22 907.5364 595.965
23 540.333 407.798
24 43.88104 408.9096
25 550.8568 494.0904
26 708.0632 689.5821
27 95.8658 267.7186
28 71.93467 520.679
29 594.8773 651.8124
30 421.4013 167.0252
31 466.6714 65.56548
