1 543.8158 193.4481
2 500.9665 234.3392
3 494.199 513.6869
4 609.4893 600.8291
5 802.2063 554.7884
6 787.115 496.2791
7 311.2207 332.6357
8 697.6098 353.8212
9 33.05062 528.2353
10 561.3756 524.4564
11 393.2485 863.4569
12 73.85745 675.3841
13 840.4711 513.4356
14 149.4319 789.8983
15 608.0201 902.2151
16 555.5202 257.7512
17 549.8966 570.9316
18 212.3637 499.7524
19 95.9799 268.0606
20 372.4168 773.5711
21 853.3691 630.8203
22 342.5877 234.8223
23 346.601 169.2043
24 489.2466 574.5126
25 873.1513 688.5617
26 276.7349 635.8301
27 403.6859 927.052
28 711.5178 867.8158
29 917.4275 524.2249
30 321.4694 725.7714
31 731.1863 504.3853
