1 738.9964 434.64
2 797.4538 650.9068
3 163.9018 762.7316
4 505.5906 840.2972
5 573.8647 386.8939
6 725.3053 339.0756
7 697.2655 677.5099
8 653.652 480.4773
9 870.0565 303.4585
10 795.5193 456.8196
11 516.0966 920.0968
12 262.6319 560.1339
13 33.62174 514.7214
14 331.3225 148.9661
15 853.8334 680.116
16 868.7418 364.4644
17 892.8717 556.4087
18 435.9795 904.7659
19 72.78002 309.0543
20 755.596 705.9657
21 467.1275 756.7033
22 918.6133 500.4639
23 555.2639 541.4808
24 36.96924 449.8125
25 430.5943 559.4671
26 601.4769 663.017
27 107.8244 247.9388
28 197.0767 445.6519
29 534.941 780.3974
30 287.4985 215.5234
31 547.7024 63.27965
