1 257.4097 502.3083
2 550.4853 83.60492
3 362.0986 644.6051
4 300.5259 880.5369
5 637.2544 487.1364
6 113.3293 241.5598
7 305.0522 241.9895
8 451.9849 919.5585
9 350.4023 565.6904
10 233.5198 553.0975
11 420.6739 187.8589
12 424.6441 565.4291
13 291.872 587.5379
14 364.5661 159.5663
15 161.0219 209.9657
16 336.8692 796.3639
17 402.2237 777.4405
18 806.1709 235.707
19 434.102 855.1965
20 510.8775 933.2181
21 868.9141 424.0322
22 297.4598 629.6545
23 914.7807 461.746
24 45.96338 388.4667
25 422.8183 641.0556
26 491.7386 54.48338
27 903.5697 382.2025
28 467.7105 727.1282
29 414.9412 59.41899
30 489.5406 181.2651
31 386.1331 510.8371
