1 568.2455 497.1446
2 255.4356 439.1574
3 545.5371 236.3354
4 736.567 343.9138
5 861.139 427.8999
6 872.8589 306.0212
7 304.7362 124.0082
8 447.982 391.1871
9 34.37828 445.894
10 782.6749 453.5938
11 637.2136 843.9783
12 102.6596 729.9526
13 906.6285 424.2302
14 258.3628 876.2529
15 525.0092 669.9379
16 311.5478 456.8374
17 834.3147 659.9173
18 444.1047 730.9607
19 109.2948 244.2675
20 322.2412 521.0986
21 631.355 521.4182
22 475.807 56.77224
23 343.0886 72.63203
24 729.0045 417.7699
25 898.9121 480.184
26 55.45754 631.6904
27 537.6874 931.5853
28 599.7652 916.4677
29 918.3264 385.382
30 84.65044 499.7279
31 882.0143 371.4988
