1 911.8519 423.0345
2 583.7215 429.0076
3 417.722 700.4331
4 578.8887 925.4946
5 824.532 228.2068
6 362.7662 528.0069
7 190.7056 592.1596
8 400.8162 618.2391
9 749.6765 248.8467
10 625.1294 825.8101
11 278.3514 772.9609
12 251.0353 525.371
13 393.9496 68.53079
14 31.21373 467.3063
15 629.701 605.8736
16 555.1496 802.0629
17 639.9013 904.215
18 217.5975 753.718
19 81.5034 292.196
20 463.6071 612.2432
21 235.1735 305.9606
22 640.1594 134.6669
23 305.2813 469.7149
24 218.1286 851.2808
25 280.3546 363.6829
26 260.7403 188.1464
27 587.0439 181.1736
28 451.7734 62.96089
29 337.255 579.3346
30 172.7694 172.6624
31 337.6798 76.88542
