1 259.9742 383.9021
2 687.112 502.1045
3 123.2592 657.9531
4 154.3278 795.3931
5 481.216 934.852
6 36.96564 473.1239
7 405.701 384.008
8 123.5497 726.4939
9 108.6857 581.6726
10 50.74875 520.3207
11 179.265 218.7232
12 166.0376 613.7788
13 624.8972 542.756
14 496.1282 413.0166
15 37.61788 565.4959
16 443.322 275.0821
17 800.3435 445.3504
18 349.5673 230.8404
19 64.48005 659.9177
20 189.8585 674.9503
21 725.6934 456.8073
22 750.9761 517.5509
23 504.7135 284.0773
24 254.1911 241.9531
25 312.0752 137.3081
26 918.7827 476.7609
27 871.9937 697.5449
28 844.8552 742.5323
29 811.2594 210.7832
30 80.55816 295.9851
31 199.1971 732.7815
