1 497.3649 57.54578
2 734.7127 852.4165
3 281.157 156.5546
4 198.2874 837.5957
5 245.6023 794.1822
6 465.7673 539.0757
7 655.1245 128.1324
8 402.866 533.8551
9 108.2583 245.7665
10 307.2141 899.5482
11 526.3245 760.2031
12 335.7625 133.8347
13 258.8775 666.4467
14 853.5567 270.6577
15 181.4916 163.4471
16 425.6449 297.8025
17 208.5161 683.4535
18 461.8931 147.173
19 417.844 58.03693
20 638.6953 81.4864
21 227.5388 129.7756
22 615.866 262.6406
23 401.612 119.3221
24 677.1607 837.0524
25 310.2306 260.6979
26 701.47 332.9842
27 662.4021 895.3229
28 612.7537 914.9424
29 449.7945 860.3257
30 103.1305 700.4946
31 530.5165 156.0045
