1 545.9456 63.56687
2 709.6386 870.7671
3 233.7758 195.3222
4 175.7875 819.101
5 274.473 852.5022
6 522.197 496.4192
7 677.0451 105.0809
8 450.7325 576.1185
9 107.7031 247.3894
10 315.4377 902.7864
11 595.2489 781.004
12 297.8057 156.011
13 250.2907 708.6398
14 882.1645 320.9104
15 200.7653 148.2618
16 469.5261 344.883
17 208.4616 742.7465
18 422.4951 199.9376
19 472.454 55.89841
20 605.4819 100.09
21 259.0053 110.8508
22 576.3103 228.9364
23 367.7789 67.97481
24 638.5929 840.055
25 366.0339 239.9974
26 710.9548 397.4654
27 653.5736 898.1416
28 608.5732 920.5822
29 418.1404 913.109
30 115.4225 745.4615
31 513.4 211.8016
