1 837.1373 275.5927
2 360.9035 918.8262
3 639.8938 450.2528
4 98.24645 724.5976
5 365.0829 90.72369
6 385.2095 176.1947
7 435.2584 59.5007
8 433.1764 529.9411
9 101.6292 401.626
10 310.4028 621.4097
11 733.4094 298.4527
12 160.8589 467.2377
13 196.5903 745.5394
14 444.953 122.9933
15 560.7047 170.0706
16 799.7938 320.4379
17 95.60185 608.3802
18 38.37823 572.5572
19 864.0385 707.7999
20 530.9062 807.3687
21 567.0882 72.0297
22 821.3442 221.2729
23 777.73 261.2123
24 63.95926 459.1182
25 62.2508 354.7218
26 917.7001 539.9859
27 916.8356 452.2759
28 538.4618 747.4277
29 516.4303 933.3238
30 320.9699 737.9483
31 882.5708 321.366
