1 312.0894 159.8766
2 792.6813 804.6193
3 408.1791 251.3279
4 129.2577 768.714
5 422.744 567.0868
6 304.1707 819.7788
7 461.2505 180.9793
8 488.3575 326.0269
9 83.66223 467.8631
10 339.8823 911.3642
11 245.2596 841.4418
12 468.6253 241.5362
13 449.9498 621.325
14 715.2389 126.4573
15 131.7257 214.8359
16 263.1568 121.7078
17 396.5809 509.8706
18 460.9311 56.35395
19 360.3666 207.4328
20 520.6797 181.1143
21 333.8998 76.43469
22 747.3616 189.5223
23 482.4307 113.9022
24 729.5271 620.5863
25 182.046 172.2503
26 788.6273 183.8923
27 743.5382 849.2474
28 698.4374 877.6535
29 605.751 651.4545
30 40.58731 423.746
31 522.9638 64.60566
