1 474.8243 57.23634
2 742.3394 847.2109
3 282.6717 148.4902
4 190.7287 831.2323
5 248.1297 770.2743
6 449.7898 554.5983
7 635.7744 129.2157
8 391.0562 519.9616
9 111.1154 243.5019
10 297.6534 895.7966
11 504.6967 755.5624
12 351.9579 141.1868
13 262.8756 655.6732
14 844.7964 254.1833
15 172.6437 173.6942
16 411.6258 283.4102
17 212.5596 666.3888
18 470.4718 129.0697
19 401.6576 60.02459
20 642.721 83.85568
21 223.5289 131.9558
22 629.6908 278.2028
23 415.7634 116.9174
24 684.707 834.0836
25 289.1432 266.0032
26 700.5107 310.9614
27 670.3787 891.689
28 619.5852 913.6033
29 461.1215 842.2198
30 106.0434 676.6379
31 531.9361 134.7313
