1 900.8758 375.5976
2 611.9341 333.7733
3 364.7447 782.7037
4 590.223 921.5161
5 878.3263 314.8862
6 281.8691 494.2031
7 188.7784 684.0253
8 358.1894 538.5442
9 775.2783 339.4652
10 525.5925 794.8713
11 228.6646 849.7623
12 298.9072 448.3067
13 400.2483 61.99005
14 85.51931 438.4329
15 662.3096 508.2698
16 459.6288 772.8446
17 673.2998 886.6842
18 174.914 815.8636
19 86.9744 282.8944
20 384.3593 592.9758
21 242.0235 216.2131
22 593.4182 70.39351
23 319.4538 368.3635
24 274.2232 885.7266
25 380.1699 381.663
26 364.8807 189.1846
27 643.4219 116.7075
28 469.5802 55.59703
29 293.837 543.7006
30 195.524 154.4267
31 315.6451 134.147
