1 467.8642 248.8318
2 534.3019 652.5409
3 583.9029 457.0068
4 716.5437 468.1496
5 690.282 880.0963
6 582.4911 148.0809
7 161.6543 246.2529
8 603.5905 324.2135
9 49.25643 368.8594
10 507.5206 117.8087
11 907.2149 435.9082
12 145.2684 787.109
13 600.5188 540.0898
14 636.7073 904.9071
15 109.1167 740.251
16 267.3026 800.1181
17 715.1802 823.8026
18 259.2527 539.9036
19 98.90445 263.7749
20 381.2149 122.9964
21 444.9439 115.5104
22 555.8736 89.54029
23 386.5146 64.00675
24 450.3223 54.20579
25 807.2296 768.3894
26 50.41369 616.9072
27 747.7853 750.6912
28 649.2795 486.8649
29 542.6775 588.3701
30 329.9343 79.18387
31 620.2743 80.19743
