1 636.5408 556.6638
2 515.0357 362.1551
3 546.7393 174.0276
4 592.0346 285.7445
5 619.2563 710.7761
6 206.8519 385.828
7 424.905 259.402
8 570.7475 547.2504
9 195.804 309.2218
10 584.1712 122.418
11 692.7005 116.3661
12 233.6097 863.0028
13 541.2756 239.6349
14 833.9369 648.7067
15 178.6705 820.9362
16 559.3621 715.8786
17 888.6863 645.1764
18 530.37 302.5601
19 121.2491 333.8983
20 489.4328 197.5139
21 636.3153 198.9427
22 799.935 215.513
23 482.5599 57.09645
24 368.4972 183.5
25 431.1523 813.8623
26 49.70582 613.5956
27 916.7904 544.2166
28 908.8547 597.0845
29 211.8023 463.3042
30 417.0601 58.62473
31 528.127 102.1384
