1 342.5316 385.4948
2 456.5885 55.31624
3 802.7221 339.2715
4 667.5984 893.4714
5 122.3006 595.8472
6 583.4502 72.35679
7 429.469 282.7822
8 301.5146 428.0619
9 737.77 239.4128
10 561.1722 171.9678
11 221.8274 132.8761
12 265.6167 266.6141
13 850.4178 265.5429
14 41.76592 584.1017
15 152.9481 506.4854
16 793.8254 280.5999
17 223.394 210.2689
18 799.221 213.8012
19 65.25785 656.5553
20 419.9127 171.9829
21 720.96 299.604
22 143.8637 205.2289
23 648.7014 309.1989
24 363.2979 117.175
25 642.6822 216.0649
26 185.5288 167.3515
27 339.8918 829.988
28 720.6227 859.8317
29 471.0392 137.1297
30 104.9468 252.2149
31 644.4769 748.1314
