1 569.0467 176.7636
2 717.9049 853.307
3 160.8117 440.6831
4 148.3055 783.4522
5 416.8395 658.6166
6 787.7796 319.8146
7 535.482 58.60577
8 685.0806 499.293
9 130.2934 219.3849
10 211.8432 844.3869
11 757.8634 834.9033
12 230.967 401.0998
13 335.5608 873.3421
14 909.3877 407.2689
15 294.2715 94.19356
16 711.7076 444.7162
17 287.5516 870.0017
18 178.5246 181.5812
19 492.8118 203.3704
20 500.1176 309.366
21 349.7324 74.48605
22 414.0664 166.0727
23 407.2814 97.47173
24 430.5286 921.6294
25 316.5742 147.2157
26 775.1225 676.0118
27 734.8873 774.2643
28 681.7492 886.7397
29 368.1664 921.6294
30 189.8637 733.0539
31 570.5293 464.6701
