1 902.9925 611.6553
2 256.4796 876.8207
3 330.9519 250.1476
4 59.76857 636.2825
5 108.2897 247.9194
6 64.8073 376.3225
7 599.1921 72.21418
8 408.6321 385.7529
9 87.16065 432.8717
10 273.931 241.5744
11 652.6838 95.0129
12 443.0325 439.7299
13 274.5343 303.5565
14 71.03738 316.9166
15 441.9811 653.3492
16 337.9648 414.6069
17 130.2581 307.0366
18 158.526 756.8114
19 823.3614 641.7362
20 326.6467 909.7292
21 189.9486 294.1603
22 542.6214 119.7232
23 899.7814 370.3395
24 42.45421 571.5655
25 395.3944 113.5939
26 787.4415 594.7838
27 915.4808 558.8207
28 572.69 925.692
29 622.1399 911.4584
30 724.5037 614.3443
31 447.2457 343.8536
