1 647.3367 533.7711
2 779.0643 776.0051
3 270.8889 806.2129
4 541.9582 740.1469
5 613.31 481.7784
6 630.7511 220.7811
7 603.5397 722.6135
8 597.0854 570.1435
9 890.5217 422.341
10 667.3686 445.34
11 366.2853 889.974
12 377.7426 602.0011
13 33.09998 471.0192
14 404.2426 59.79447
15 852.7271 568.3044
16 757.5055 427.0337
17 765.7027 570.0342
18 333.1972 820.5821
19 66.53906 323.1033
20 660.9789 734.7312
21 536.8196 682.4094
22 908.9854 589.6483
23 543.0156 413.9932
24 41.82217 407.9601
25 548.939 496.867
26 701.824 685.2492
27 94.7563 267.2416
28 78.16688 518.7088
29 591.9987 657.8173
30 413.1129 166.0995
31 466.9383 63.17653
