1 650.7891 297.4686
2 262.632 350.9912
3 371.1242 99.70141
4 503.8378 487.7518
5 570.682 472.8627
6 32.84747 513.2673
7 305.1851 521.7852
8 743.4322 352.0803
9 202.8884 147.1902
10 464.1451 169.6939
11 567.6178 192.644
12 325.1616 908.4252
13 810.3517 212.4463
14 796.4382 317.6373
15 269.8124 880.5514
16 439.1799 500.8197
17 866.6045 704.4369
18 530.3389 543.89
19 128.0294 578.7674
20 556.9209 99.9476
21 870.3913 301.4653
22 894.8505 361.3904
23 665.4829 99.9017
24 107.6057 359.6776
25 171.6621 811.6036
26 41.93379 577.0668
27 890.6511 648.7255
28 747.5283 636.6151
29 43.33377 402.8835
30 531.2066 57.30245
31 458.2778 397.4621
