1 284.0797 656.0328
2 532.8692 291.7694
3 381.8622 459.3205
4 267.7443 767.0934
5 520.3932 669.4387
6 107.2691 350.8048
7 149.3571 195.8293
8 419.9279 713.3118
9 204.401 405.3486
10 161.2043 481.9482
11 242.5516 119.4664
12 359.1452 404.0283
13 412.2281 541.9054
14 201.064 156.814
15 141.4004 412.1383
16 405.8776 632.9058
17 482.384 602.2109
18 697.1911 344.9283
19 309.5794 710.6415
20 360.8329 846.734
21 753.2915 369.9309
22 428.7458 580.9221
23 847.9667 448.3936
24 51.26533 366.3787
25 510.1061 449.4789
26 652.9409 200.8113
27 920.1967 476.068
28 684.5629 724.4389
29 546.2028 61.82924
30 349.1022 341.9189
31 254.5351 593.683
