1 268.8988 176.977
2 804.2669 791.9924
3 417.0966 293.2088
4 118.9699 755.193
5 477.026 581.6082
6 283.1636 872.0949
7 418.3873 197.2741
8 540.5988 335.3999
9 39.50247 470.2252
10 374.1679 920.646
11 220.9415 845.9728
12 476.6808 283.992
13 483.5187 653.4396
14 686.5878 109.5653
15 155.9431 188.0848
16 248.81 119.6968
17 412.5038 464.7502
18 451.4344 97.65265
19 362.3515 257.2748
20 486.9796 205.2481
21 376.6785 67.84887
22 772.8045 197.4159
23 491.7261 144.7279
24 731.4085 579.343
25 190.5828 152.5527
26 811.4187 210.645
27 752.5607 840.7126
28 710.1563 870.4835
29 640.9964 620.2937
30 39.87723 403.5215
31 538.1812 96.70567
