1 704.2951 120.1318
2 579.0475 68.96722
3 369.5502 309.4955
4 336.6777 421.9578
5 432.2875 598.5284
6 414.053 540.7877
7 543.9651 200.9961
8 461.9365 498.118
9 151.7225 486.7326
10 630.0634 253.0036
11 347.9504 781.0483
12 45.52194 599.5583
13 776.7048 209.7636
14 223.9965 686.6518
15 272.751 816.7906
16 835.1625 243.5792
17 563.5539 415.5744
18 139.0996 599.466
19 202.4803 518.0036
20 356.1557 852.4478
21 914.2552 562.849
22 117.4894 238.297
23 187.5072 158.7538
24 647.1772 726.8596
25 641.4977 603.0807
26 609.0143 818.1831
27 238.4104 866.4799
28 549.5827 929.4124
29 805.3141 748.6138
30 632.3015 891.5996
31 403.6652 477.9447
