1 698.7328 359.8847
2 331.3487 133.1271
3 495.8738 934.3698
4 553.5664 615.2593
5 401.1437 887.6625
6 383.5241 428.3541
7 896.196 359.8386
8 564.545 290.221
9 623.3322 306.3236
10 746.113 611.0436
11 876.4863 311.2815
12 305.4598 440.064
13 406.015 60.88322
14 47.91138 444.261
15 215.146 659.5984
16 49.88168 386.8054
17 116.652 358.073
18 883.6387 670.9224
19 384.4248 201.0366
20 556.9984 927.0768
21 99.29134 569.1635
22 50.13169 618.6373
23 406.0698 493.964
24 38.60439 563.6512
25 138.9435 438.6733
26 505.0684 56.90784
27 65.4943 325.0631
28 592.6371 559.2468
29 837.195 635.2083
30 808.0712 584.2147
31 441.4146 932.7152
