1 235.4417 384.3313
2 705.3692 510.713
3 122.9026 672.544
4 147.9544 791.7678
5 464.0652 935.151
6 28.89638 467.696
7 412.0381 402.7177
8 113.6901 738.2519
9 110.8163 599.219
10 56.62914 507.6744
11 176.3281 243.8543
12 169.6958 615.6063
13 635.5022 559.6771
14 518.9668 414.6715
15 37.18601 555.5063
16 438.8956 256.6424
17 813.3579 429.1723
18 333.2503 214.7498
19 65.2104 657.9671
20 190.5133 676.5399
21 739.5093 460.5972
22 771.2313 513.0443
23 488.7471 287.2552
24 274.8303 248.0805
25 292.4562 132.6118
26 918.8306 491.6678
27 869.4873 701.5052
28 842.2729 745.3907
29 821.256 221.9987
30 79.87374 296.5399
31 215.8394 727.4384
