1 614.214 536.2724
2 482.7312 57.09022
3 633.9359 731.2884
4 608.6301 917.0784
5 109.0573 284.6116
6 216.2151 318.7685
7 293.111 197.2722
8 601.5903 355.2785
9 637.5638 403.0966
10 714.1567 277.1193
11 350.5553 789.8794
12 486.5152 414.0072
13 474.9803 665.2667
14 879.3066 674.7834
15 715.7866 214.4089
16 355.6059 202.3718
17 808.8156 207.3262
18 245.8214 233.8086
19 63.87822 333.8796
20 80.57235 694.0485
21 762.0516 672.7634
22 475.0996 240.0838
23 481.9172 309.2704
24 909.7835 591.8343
25 842.6579 419.628
26 486.9149 936.2472
27 834.322 555.6177
28 905.0618 394.2289
29 307.2911 537.8388
30 777.4801 276.191
31 32.48391 521.2231
