1 338.6569 515.1799
2 471.3752 736.8707
3 588.1378 788.0773
4 441.1397 270.9669
5 826.4764 764.3358
6 233.8378 693.8591
7 124.9029 759.3564
8 849.5073 485.8444
9 646.235 851.0667
10 769.0429 652.5133
11 293.6227 814.8632
12 39.03153 571.7899
13 642.2313 792.1861
14 710.8173 686.6278
15 708.902 125.3041
16 414.3164 752.5601
17 547.4434 567.1697
18 243.1047 867.7238
19 551.3655 930.0231
20 831.4774 238.8016
21 531.9665 718.92
22 865.2391 711.726
23 665.4153 517.1204
24 133.3341 320.3869
25 802.9642 708.6061
26 885.5932 659.0548
27 919.4443 472.5736
28 266.4834 107.007
29 93.66777 271.689
30 35.99074 508.7859
31 915.2644 539.2413
