1 354.6183 260.9553
2 847.5117 736.5063
3 302.2381 534.3444
4 73.43981 678.1385
5 665.7462 800.2737
6 251.2744 872.663
7 270.6694 410.758
8 526.3111 559.6462
9 158.381 435.8358
10 304.7821 898.3116
11 179.6105 823.0193
12 538.7964 491.6087
13 701.9453 857.2294
14 768.3658 167.1249
15 94.32416 267.0413
16 248.0496 115.3809
17 561.9125 322.9831
18 224.5221 178.6314
19 258.0757 490.8658
20 420.4784 397.5062
21 647.4457 166.4102
22 863.8106 298.1174
23 529.0055 381.4367
24 729.5821 360.6669
25 131.4155 214.859
26 885.1749 333.8762
27 804.478 794.0441
28 765.1975 831.4295
29 788.921 394.605
30 135.9757 287.6552
31 603.4208 365.6732
