1 489.4312 550.6013
2 301.9636 88.63603
3 703.1111 875.6744
4 764.8356 757.0628
5 608.711 671.8636
6 111.3533 590.6874
7 860.1543 283.6079
8 307.5145 388.9071
9 399.8586 438.6001
10 713.6253 817.1409
11 822.0208 228.1926
12 275.0141 231.4254
13 451.1171 70.1146
14 60.1706 344.0334
15 129.0021 767.6983
16 245.8125 405.3392
17 197.3867 151.81
18 913.5444 561.5321
19 238.1467 343.5574
20 375.6942 829.5437
21 252.2791 779.0446
22 113.5967 509.7541
23 351.2709 295.7988
24 54.23084 629.8708
25 255.817 177.3868
26 513.8929 56.99137
27 131.9314 446.9293
28 802.5317 710.2209
29 902.9126 379.156
30 538.0665 505.6834
31 629.5761 908.4846
