1 510.4517 626.8434
2 340.8212 74.04462
3 701.2713 876.8526
4 809.1763 785.7603
5 632.871 597.0483
6 51.46921 614.0733
7 854.9653 268.6807
8 316.3423 459.6674
9 374.3793 505.8615
10 762.8069 830.1948
11 773.8898 176.5193
12 299.817 174.9597
13 498.0719 121.6562
14 41.78742 399.64
15 137.4374 778.3963
16 279.1287 404.2418
17 194.3799 154.4084
18 917.3113 524.1552
19 192.1927 389.7241
20 342.1853 823.8648
21 309.4235 771.2464
22 108.5046 478.2609
23 279.9433 277.1297
24 71.07823 672.1482
25 290.3476 112.0851
26 508.3916 56.11206
27 171.3825 466.5048
28 845.1051 737.7721
29 882.6761 327.0149
30 471.9672 484.1218
31 604.965 916.4273
