1 748.7971 174.3828
2 552.194 837.1697
3 283.8535 588.5299
4 64.48119 658.4218
5 426.2294 481.1092
6 835.1705 244.3936
7 523.2281 57.87894
8 668.9486 324.8286
9 114.0628 257.8665
10 111.5429 740.9604
11 677.5217 813.1522
12 363.1595 474.0603
13 292.4734 895.1386
14 872.0127 295.7106
15 405.4931 60.94165
16 886.5611 412.3192
17 236.9647 865.5471
18 170.6637 269.3297
19 540.8237 369.5164
20 481.8905 451.4078
21 465.7564 56.74855
22 575.1899 111.0084
23 470.4222 262.3849
24 345.3534 799.2376
25 151.6221 192.04
26 807.8998 789.1638
27 823.2627 718.3936
28 619.3888 837.7794
29 494.3789 933.2901
30 370.3221 743.5342
31 744.3987 514.3847
