1 625.9474 574.4416
2 457.7685 55.3277
3 609.0991 754.6251
4 590.9242 921.2369
5 134.1835 264.1378
6 251.455 291.4017
7 288.5273 164.258
8 620.2138 383.7848
9 660.7386 432.5095
10 695.436 301.4426
11 374.0978 755.9853
12 510.2643 437.0888
13 506.8329 687.116
14 848.8351 695.2979
15 687.0326 240.8246
16 375.8088 175.6832
17 788.511 185.4758
18 238.2546 196.1592
19 77.60811 304.248
20 90.56172 674.6391
21 750.202 701.1517
22 465.0912 272.1159
23 519.3399 330.7943
24 913.0065 562.3138
25 827.5606 450.4821
26 459.1586 934.3155
27 854.9037 577.3877
28 911.652 420.8958
29 315.1541 506.3302
30 754.6998 301.2602
31 33.82355 525.1828
