1 735.2977 758.8481
2 606.1652 916.8438
3 32.8904 517.977
4 186.7598 709.397
5 829.5251 259.6928
6 462.6981 127.45
7 660.103 413.8343
8 557.6562 932.0777
9 747.5194 697.2754
10 79.39366 681.6441
11 281.0164 889.6325
12 309.4286 672.5519
13 75.78148 303.6427
14 768.4321 537.5915
15 620.6536 79.56383
16 686.5073 852.6335
17 742.7665 822.7838
18 172.0422 769.3409
19 558.3197 72.14676
20 715.094 435.8059
21 892.2092 349.9212
22 674.571 763.6373
23 768.5015 360.8656
24 131.9399 218.4954
25 141.5389 280.9618
26 539.1721 636.5918
27 191.892 157.0698
28 177.949 333.3308
29 654.8881 899.496
30 871.3411 421.724
31 745.1921 298.8574
