1 400.4353 348.4177
2 425.4678 91.89092
3 803.6876 367.7031
4 707.2997 872.3807
5 85.10725 546.824
6 538.459 124.8951
7 476.6998 319.2915
8 347.6921 375.8718
9 798.7307 251.6032
10 613.1929 212.9341
11 242.5503 121.365
12 216.8489 231.9014
13 850.7051 305.2919
14 43.52977 592.1645
15 178.8664 570.8879
16 789.8547 309.5939
17 159.3366 209.3032
18 792.5016 186.0252
19 63.17626 652.6318
20 402.723 221.0669
21 741.2175 337.8161
22 113.4819 237.7273
23 682.1753 366.0689
24 323.7049 161.1547
25 666.1213 276.6888
26 194.3384 149.8572
27 287.5646 802.2303
28 757.0494 835.8309
29 465.6932 203.8977
30 86.1806 291.0796
31 666.1881 805.6991
