1 668.0358 706.7837
2 291.597 112.6844
3 741.7133 849.7619
4 788.5013 807.032
5 576.866 420.5297
6 122.7727 615.6544
7 758.9673 157.8899
8 376.5461 622.7121
9 428.8885 651.1581
10 750.7909 762.4821
11 622.3575 80.70084
12 230.2505 127.9404
13 605.1106 272.8399
14 44.27533 398.2912
15 220.4792 854.3601
16 423.8938 439.4349
17 187.2169 158.6418
18 916.6479 445.7178
19 102.4022 497.6229
20 313.6424 691.8505
21 464.0857 702.9592
22 108.644 333.7194
23 175.2947 419.5361
24 111.0336 673.6934
25 331.4111 220.9063
26 340.2451 73.89257
27 187.472 629.7926
28 826.8484 763.5582
29 799.9306 201.7031
30 321.2386 446.4614
31 599.3419 917.4404
