1 352.997 663.7109
2 552.6947 63.10737
3 174.1342 724.5525
4 151.5599 793.6082
5 865.639 404.7741
6 113.5604 238.657
7 490.2865 111.1008
8 462.4413 827.9859
9 273.633 758.3111
10 176.9999 569.5588
11 665.0033 130.5146
12 312.4561 714.8392
13 150.8189 599.0116
14 595.7776 269.3026
15 317.3435 176.9319
16 245.3354 872.2644
17 199.8458 823.0026
18 622.2012 81.0336
19 525.4676 836.4961
20 541.8134 930.8151
21 895.5012 355.2704
22 116.27 627.8133
23 873.4596 689.6875
24 48.40344 380.5776
25 214.2455 768.1186
26 402.6827 60.78448
27 874.9724 309.3917
28 271.4833 817.7466
29 428.9772 115.6704
30 461.9981 56.33235
31 544.9023 437.4084
