1 727.0377 135.0663
2 436.1916 881.448
3 409.5583 594.1478
4 60.52923 649.1488
5 495.2097 381.4001
6 793.5431 205.8171
7 567.5625 61.16894
8 562.2765 255.1527
9 82.36329 320.2766
10 127.3276 765.0528
11 597.516 682.2074
12 363.0185 353.331
13 261.3479 880.172
14 758.1698 248.3804
15 475.6047 56.20112
16 893.9892 351.8983
17 171.0669 810.999
18 117.8707 368.4061
19 610.1232 467.8291
20 460.7585 555.8784
21 519.6174 56.92265
22 673.1998 104.6867
23 589.3541 340.477
24 283.1733 693.5307
25 97.22764 261.8681
26 797.089 800.2577
27 875.9647 687.2194
28 546.8717 721.3025
29 587.8294 921.255
30 409.9114 824.6817
31 868.5589 483.0697
