1 791.8373 509.1893
2 725.249 157.8802
3 247.0791 852.7293
4 548.7024 930.037
5 741.9772 449.2584
6 185.4141 482.3528
7 304.6239 828.0702
8 485.2525 542.2248
9 728.5667 509.109
10 376.7527 635.2585
11 279.2636 895.5156
12 490.4377 477.0245
13 273.3352 192.6464
14 306.7578 355.6001
15 740.6081 318.0582
16 278.5474 738.6179
17 829.8014 759.4631
18 91.13191 695.9057
19 156.9018 185.8012
20 218.8754 559.6514
21 329.702 218.5294
22 604.5172 75.65309
23 534.6269 287.092
24 351.5341 916.1029
25 514.6426 419.8658
26 586.5067 251.0686
27 677.6141 105.665
28 613.7648 191.6006
29 147.98 647.727
30 233.8797 126.7739
31 209.1945 234.3215
