1 745.2236 390.9075
2 358.8571 173.6472
3 489.9675 929.638
4 517.6816 621.9971
5 351.5339 868.0403
6 373.6651 419.0967
7 889.8256 343.4087
8 601.1132 327.4321
9 660.9296 337.2597
10 790.9291 585.8603
11 868.7703 297.6028
12 341.081 472.8521
13 391.0948 63.32246
14 36.26318 475.392
15 269.4394 654.9798
16 61.01609 389.7453
17 120.2319 352.5547
18 870.6676 698.3662
19 425.1922 180.7057
20 550.4721 930.8245
21 88.07244 525.597
22 46.27985 601.6543
23 396.2555 514.376
24 35.74728 551.0507
25 89.19036 450.6819
26 544.5976 60.37071
27 66.66479 324.561
28 594.2914 521.9919
29 826.6002 658.4287
30 850.1301 599.2864
31 432.1719 931.9229
