1 656.7406 469.7956
2 359.55 917.6829
3 827.3879 766.3728
4 545.5774 455.3339
5 99.18865 716.6638
6 337.2317 610.039
7 571.5399 854.9967
8 853.7785 535.2758
9 413.1526 866.914
10 531.5388 931.8336
11 604.8515 797.9014
12 249.185 610.9302
13 779.1675 315.3014
14 421.1846 930.5518
15 544.4588 794.9676
16 907.4961 388.9116
17 405.0987 616.8646
18 389.6965 748.1825
19 783.6146 814.0141
20 846.3199 384.6399
21 698.1994 754.0157
22 468.8847 893.4634
23 791.2151 537.3055
24 790.4674 252.668
25 289.4978 893.817
26 126.564 762.1109
27 470.3449 200.5218
28 36.24792 550.585
29 70.48935 669.9822
30 521.2575 520.666
31 86.09282 581.6186
