1 306.2686 901.6487
2 702.395 600.8759
3 419.9903 537.0459
4 335.0899 736.3858
5 872.6849 339.5512
6 666.9709 678.0991
7 722.9754 200.4332
8 591.7125 840.7774
9 365.0875 920.4895
10 95.76659 269.895
11 606.817 476.0279
12 527.1411 642.8207
13 43.35731 589.8064
14 817.6294 776.1355
15 563.7339 777.5629
16 633.8113 780.4492
17 614.4985 718.489
18 588.6208 648.5247
19 832.9688 643.2131
20 856.3189 722.8699
21 811.7679 214.668
22 148.7862 788.136
23 867.2161 399.9262
24 33.6816 497.6599
25 554.6522 704.4282
26 65.66569 326.9299
27 763.3259 162.7198
28 755.3592 770.9976
29 520.4759 543.1736
30 802.1499 318.1375
31 908.9546 591.0791
