1 577.8966 133.9546
2 552.1914 195.5048
3 443.242 545.0302
4 549.4384 599.0465
5 754.0326 587.897
6 723.0961 516.3603
7 371.4001 350.5104
8 702.3564 415.7468
9 36.10431 472.6724
10 524.8726 507.6175
11 321.6255 860.533
12 75.77046 683.4836
13 783.7587 493.2209
14 169.5387 811.1595
15 539.4365 892.7567
16 604.6571 221.0488
17 502.4025 557.5308
18 146.3675 475.072
19 101.7222 324.1923
20 367.9867 825.9236
21 892.4101 635.5213
22 301.2413 281.8829
23 295.5079 219.1951
24 466.5347 609.0536
25 867.8891 700.4417
26 345.9704 655.6085
27 347.4943 916.2309
28 683.9678 885.1146
29 892.9561 552.2037
30 378.1298 764.2072
31 671.5352 508.1711
