1 248.6867 645.0622
2 523.8419 257.6755
3 396.6701 481.735
4 299.8263 783.113
5 527.3203 634.2858
6 92.78883 333.0347
7 157.8448 189.3069
8 436.9544 744.7027
9 232.9613 425.1814
10 192.2122 481.2795
11 255.1752 126.9549
12 386.9408 423.8716
13 391.0866 558.1032
14 202.6319 146.6446
15 147.4531 386.4096
16 407.1334 660.824
17 466.0218 621.9459
18 733.3911 337.4983
19 330.9747 728.0964
20 387.5342 859.4436
21 786.8237 368.624
22 409.845 597.2244
23 866.0625 474.9537
24 47.40484 378.1687
25 504.2002 481.761
26 623.0428 173.5185
27 918.3243 453.5409
28 649.8868 721.7505
29 521.3137 59.87253
30 378.1433 324.3634
31 277.7126 567.4529
