1 386.1077 70.90409
2 770.5559 825.2659
3 399.0285 197.0309
4 142.5376 783.8466
5 315.6481 611.4168
6 359.4675 709.7452
7 534.9586 154.3293
8 390.4418 373.8957
9 152.0973 390.2056
10 287.3701 891.1367
11 349.3648 792.9401
12 454.4324 176.0175
13 379.913 610.2425
14 742.9334 145.2168
15 87.68053 278.2218
16 317.8283 179.4272
17 311.0063 551.0837
18 439.8932 53.70694
19 384.2838 132.3678
20 587.4181 124.9913
21 259.9281 108.8939
22 712.2602 229.7087
23 446.5636 112.9233
24 721.9876 711.3839
25 130.1861 234.0924
26 726.4591 189.43
27 713.7143 869.0933
28 660.7564 894.9366
29 530.6372 713.0349
30 67.09664 516.9331
31 507.9319 57.33273
