1 693.1798 374.473
2 251.5996 662.0105
3 451.9042 297.9166
4 531.885 306.023
5 799.1042 618.3442
6 739.2945 206.0174
7 372.3746 305.4352
8 574.0802 557.6329
9 38.29284 415.4104
10 753.1213 280.6406
11 853.0055 727.3987
12 124.401 762.938
13 905.013 566.1781
14 380.5088 922.6499
15 309.8767 607.4316
16 245.9492 599.2782
17 849.9724 589.3124
18 411.0513 870.2695
19 91.88332 274.7099
20 322.0966 344.1624
21 674.66 319.2108
22 586.1161 71.62777
23 171.5507 172.1339
24 677.0088 243.4351
25 812.3385 676.9803
26 49.90825 616.0294
27 667.0363 892.6988
28 522.675 727.42
29 846.6818 526.1347
30 156.3865 325.2673
31 799.1081 196.3218
