1 649.038 492.1726
2 356.4448 915.6091
3 816.7882 778.8265
4 525.1205 460.6959
5 98.10847 731.8228
6 355.2033 627.3413
7 575.9534 874.6247
8 841.1161 551.9299
9 402.536 872.3266
10 513.3115 932.6587
11 607.0812 820.5153
12 251.4293 632.5023
13 790.1519 315.3997
14 416.3929 935.1304
15 558.583 776.6467
16 911.2525 399.2655
17 420.926 627.7126
18 371.6871 735.4252
19 772.9852 824.8009
20 854.2592 372.7531
21 717.633 753.1794
22 481.7595 881.5139
23 779.4255 542.7178
24 780.31 249.4587
25 278.783 889.7682
26 138.8927 776.4727
27 486.877 207.8213
28 38.95102 561.7908
29 81.50664 680.0524
30 500.8188 518.7995
31 99.48117 565.7621
