1 317.2125 454.6672
2 421.8426 740.9022
3 598.8321 737.585
4 479.0725 231.3749
5 816.093 780.8939
6 177.9035 655.9989
7 149.3892 723.2161
8 831.214 535.5561
9 605.8607 807.762
10 736.397 694.5148
11 246.3584 769.0714
12 45.07183 590.5199
13 643.7797 758.2372
14 655.0131 663.1004
15 753.7722 156.2957
16 360.5505 751.9366
17 580.5419 525.4313
18 273.3876 885.9041
19 564.6526 927.6514
20 823.0608 226.8642
21 521.5532 674.1123
22 858.6886 717.557
23 634.2868 467.3526
24 99.96786 352.446
25 799.8385 722.4176
26 830.8001 651.8092
27 914.3662 431.472
28 263.0554 109.0821
29 91.47576 273.3522
30 72.02134 533.4407
31 908.3591 582.3825
