1 836.1076 241.8811
2 358.9738 918.9127
3 594.3908 545.5659
4 72.79984 678.079
5 480.2307 133.3866
6 513.5532 197.8916
7 485.2852 66.60278
8 366.5624 438.5175
9 43.34968 410.6442
10 211.967 680.102
11 649.7651 378.2628
12 150.5276 366.2335
13 241.9441 856.4958
14 536.0607 114.4501
15 569.6784 66.91989
16 860.6776 301.9864
17 135.2944 703.33
18 42.33937 583.4873
19 791.8962 659.5466
20 564.8962 717.9847
21 631.8477 83.73208
22 797.4013 196.7729
23 802.6327 305.0192
24 123.5717 465.3208
25 57.7618 346.0881
26 894.957 643.1335
27 919.4411 520.6596
28 525.6618 670.6758
29 560.0598 927.9434
30 300.2788 849.4573
31 892.1548 349.4412
