1 622.949 103.5109
2 592.9128 157.8788
3 406.077 528.0183
4 505.7339 576.6378
5 713.4239 607.3212
6 682.7961 536.3441
7 420.8338 352.2604
8 684.7086 459.6197
9 38.26468 418.6754
10 517.6248 468.1776
11 298.3443 834.0468
12 72.72225 672.0394
13 768.3827 450.3002
14 137.9577 777.4578
15 486.9318 879.6193
16 640.3275 197.6296
17 467.6597 530.7184
18 93.38053 464.388
19 106.7099 368.925
20 355.2356 865.0041
21 909.1666 595.6919
22 254.8282 299.4804
23 242.0259 231.9774
24 484.2809 637.9543
25 853.0137 725.8936
26 399.0052 671.9192
27 300.0411 898.5857
28 663.7337 892.2544
29 855.0766 566.1177
30 421.4056 786.0496
31 630.7158 509.6579
