1 698.3899 759.7419
2 601.7097 917.3764
3 34.91825 542.9317
4 224.5747 699.5839
5 803.6719 234.2709
6 499.2191 146.434
7 688.8376 396.4626
8 549.8753 926.4136
9 713.4912 695.4517
10 72.23541 672.416
11 282.2815 891.2351
12 341.6655 686.03
13 77.87822 299.9593
14 784.094 571.1446
15 607.3051 75.30631
16 703.1753 870.4331
17 759.2335 833.1028
18 203.8559 755.6635
19 539.8476 60.17969
20 741.1212 422.9443
21 888.7445 340.8706
22 643.0916 784.7193
23 795.1026 336.7674
24 117.2694 236.6203
25 137.6933 314.8352
26 502.4255 629.1841
27 212.1187 141.4168
28 210.3695 319.2469
29 650.1418 901.9301
30 894.4276 444.1738
31 757.4379 281.9206
