1 909.1859 406.3591
2 575.5221 521.2457
3 435.664 637.5854
4 572.7109 855.2852
5 766.2984 166.0929
6 467.7254 562.0951
7 245.1432 533.7882
8 489.5879 618.276
9 717.9384 199.4179
10 723.8602 823.2047
11 377.7776 721.6065
12 293.9676 610.0368
13 423.3075 73.60338
14 41.11484 404.1021
15 606.496 708.0678
16 650.895 808.5876
17 631.8122 867.8878
18 284.9265 674.3708
19 88.92417 277.7471
20 548.6418 626.1234
21 169.7922 371.7926
22 653.4485 191.0885
23 400.2766 512.9563
24 159.494 799.52
25 211.0855 419.1938
26 190.3866 244.9837
27 507.7628 213.5313
28 416.4105 120.7357
29 371.0637 660.5848
30 162.4308 185.3259
31 368.8507 67.40666
