1 558.7304 62.08318
2 728.8357 865.6314
3 160.83 269.3397
4 191.2894 833.1383
5 335.7308 817.8837
6 628.7735 418.2733
7 641.0876 87.33232
8 565.1105 586.7482
9 103.7589 251.7651
10 301.5486 897.1963
11 711.4138 814.0804
12 226.0718 236.384
13 280.5287 776.6988
14 910.6867 414.6687
15 241.7864 120.2032
16 554.5589 419.0702
17 262.42 829.9385
18 339.7971 206.2503
19 492.0587 56.35427
20 554.7969 179.5411
21 295.1008 95.85028
22 487.8298 193.7661
23 355.327 71.7323
24 544.342 876.2595
25 431.7754 222.7601
26 733.3009 510.9015
27 677.2014 867.889
28 633.33 909.3899
29 387.6953 926.5774
30 147.2436 787.8786
31 489.9671 321.1185
