1 518.0394 306.4609
2 178.5727 440.4633
3 267.0844 102.8472
4 515.4206 598.8132
5 495.7571 539.6956
6 43.37903 506.2653
7 191.6901 528.4522
8 658.7085 267.5223
9 212.5742 139.5659
10 387.2629 266.0674
11 456.9582 264.4502
12 294.4221 894.065
13 843.0758 255.5472
14 732.2986 218.6741
15 339.7351 820.5838
16 314.7503 505.8816
17 861.532 713.1745
18 438.685 636.8663
19 209.2301 650.9043
20 512.3264 76.86437
21 877.6263 311.9896
22 909.0788 411.2041
23 763.7221 163.7925
24 83.35849 446.76
25 162.4403 802.7201
26 34.65269 570.7718
27 817.0871 666.4027
28 633.6204 632.0351
29 58.14453 347.0801
30 548.0193 53.56765
31 437.6304 522.849
