1 294.6964 896.519
2 652.8315 438.8889
3 310.5837 401.1777
4 377.8398 592.7197
5 909.2634 510.7597
6 572.6324 501.1307
7 673.4398 103.5096
8 686.5502 700.4579
9 371.052 922.8806
10 213.7677 352.2556
11 640.7489 259.3433
12 413.0601 496.9177
13 42.8579 592.5123
14 771.598 729.6284
15 611.1769 593.4405
16 513.6473 789.1227
17 455.2587 639.6262
18 521.525 464.3552
19 873.0377 700.5997
20 822.0273 767.0754
21 872.7547 306.4998
22 82.81715 701.5387
23 717.1649 486.5408
24 36.48413 438.2027
25 427.9065 555.613
26 173.7469 288.955
27 844.7227 251.3677
28 608.2845 881.4842
29 489.2658 364.5458
30 677.6932 170.3526
31 897.4551 641.75
