1 338.7585 446.0636
2 876.7039 686.2782
3 138.4115 618.9766
4 70.52241 671.5008
5 608.5232 916.922
6 204.9656 711.3165
7 339.0783 550.7967
8 381.5925 604.7614
9 279.4558 576.1736
10 202.2525 771.35
11 196.118 649.3201
12 379.4614 513.2176
13 703.3977 872.0154
14 817.5567 222.0579
15 57.94996 352.2309
16 277.43 100.8299
17 666.5408 237.8525
18 224.3479 131.4971
19 119.06 561.5355
20 306.6903 502.231
21 764.4898 291.0041
22 894.614 357.9224
23 421.6787 462.6947
24 605.8832 266.7072
25 107.5352 251.7614
26 912.383 418.6649
27 827.3878 765.5298
28 793.9328 803.3732
29 870.5303 304.6959
30 76.51584 314.5836
31 486.4545 503.3623
