1 531.0799 59.76459
2 714.5235 865.5893
3 252.867 185.9006
4 185.969 827.5871
5 264.5554 830.2771
6 502.4257 509.5975
7 676.6345 106.1315
8 433.5044 563.4491
9 108.1049 247.5011
10 316.3615 903.1
11 571.2693 773.3858
12 305.2966 138.1306
13 250.2046 696.4728
14 871.5038 303.9299
15 199.6099 148.9619
16 455.5335 328.9368
17 207.5474 722.9331
18 435.2568 185.6837
19 453.0737 55.43786
20 617.1627 86.83816
21 247.435 118.0998
22 585.0008 235.1405
23 376.9489 83.57592
24 654.2015 838.863
25 350.9859 245.0228
26 707.4732 375.9446
27 654.883 898.541
28 609.6716 917.309
29 428.6545 896.3571
30 107.084 733.1618
31 530.267 196.62
