1 160.1923 421.2821
2 772.0481 554.7043
3 84.80325 698.5332
4 155.4643 798.9943
5 452.0778 933.7422
6 42.53358 461.5902
7 408.2976 482.3186
8 134.3737 739.168
9 132.9338 647.2303
10 110.4441 466.9258
11 179.1499 349.8088
12 223.015 607.0188
13 672.4775 631.9234
14 607.5115 405.9724
15 34.99144 523.5213
16 423.7974 173.4453
17 848.6144 351.2746
18 270.2503 153.6089
19 59.21386 642.9983
20 195.0881 663.0917
21 799.6497 461.4455
22 852.6213 491.556
23 404.5252 316.1193
24 351.1507 252.5785
25 214.1149 136.744
26 914.3206 550.6766
27 861.2188 717.6386
28 831.6487 760.4788
29 864.293 285.2597
30 72.15083 312.1509
31 271.801 670.0911
