1 270.4664 884.2963
2 708.0418 528.5426
3 405.3466 465.9945
4 390.9893 690.2983
5 856.0283 403.7383
6 624.6571 610.3005
7 709.5734 129.8709
8 651.1825 813.3451
9 353.5609 916.6644
10 113.0793 268.5554
11 609.9683 391.6155
12 499.9382 569.7451
13 41.05415 580.1277
14 819.4769 775.0366
15 578.5128 721.6771
16 625.4984 762.9396
17 563.7894 661.8067
18 555.524 590.7148
19 864.3799 671.4765
20 856.3561 724.2588
21 851.1673 267.2051
22 125.79 760.5732
23 784.4102 427.962
24 34.61875 492.7708
25 507.7414 645.8852
26 70.10832 314.5728
27 801.2559 199.2014
28 715.4211 830.5477
29 513.3938 472.4741
30 750.8319 262.2935
31 900.4638 622.5947
