1 318.6977 541.8963
2 501.201 57.72529
3 756.0824 238.7338
4 574.4187 838.2941
5 279.8622 663.2778
6 603.8258 70.35904
7 388.6324 149.6727
8 299.0698 601.0789
9 567.2664 224.4711
10 450.4857 158.7807
11 183.8058 165.4558
12 346.7801 193.8482
13 852.4964 270.2114
14 37.90642 533.355
15 51.60637 363.5259
16 785.3657 182.6467
17 327.8084 131.2057
18 652.703 191.7591
19 68.7882 666.2068
20 483.0437 113.3322
21 579.8335 287.2854
22 142.1998 206.7469
23 490.2218 239.8326
24 438.4751 58.81581
25 586.5692 142.6461
26 236.6301 214.7811
27 449.0395 924.1355
28 638.0337 804.9649
29 543.8172 97.87024
30 107.3054 247.4097
31 547.3516 624.3163
