1 352.3341 124.5454
2 789.6747 808.3775
3 409.2783 230.8067
4 133.7095 774.189
5 372.5598 581.7984
6 327.6542 767.2887
7 496.5429 169.9437
8 437.6336 337.9167
9 125.0849 440.7194
10 300.955 896.4753
11 294.0085 823.0497
12 465.8867 218.9502
13 427.7397 617.2948
14 720.8462 128.9793
15 106.3807 250.2942
16 277.7808 143.6797
17 361.6141 520.76
18 452.2765 56.23604
19 373.4551 176.629
20 555.3145 158.9526
21 304.8323 88.66706
22 730.1023 205.7153
23 482.0925 110.1213
24 727.3228 661.9489
25 145.0341 200.9234
26 761.9684 178.6935
27 733.5118 856.3691
28 686.7104 884.0932
29 568.129 678.0451
30 47.90014 467.4621
31 514.3705 55.98448
