1 177.3807 446.3444
2 802.8575 575.3614
3 83.10327 695.2749
4 135.6111 773.1707
5 472.5295 934.2176
6 75.24697 463.9567
7 394.4711 518.7496
8 176.0051 733.2658
9 156.3704 672.3188
10 131.2497 492.187
11 176.4153 387.5431
12 263.0925 603.253
13 686.7687 672.1288
14 648.2835 393.3932
15 36.58409 508.4715
16 408.6277 133.3163
17 835.9503 348.58
18 246 124.1811
19 57.90836 639.9584
20 209.0608 634.6822
21 829.3241 448.908
22 885.8166 469.926
23 371.2246 350.1272
24 389.9662 250.7625
25 184.3185 163.97
26 919.046 528.0827
27 856.3254 724.2507
28 826.6908 764.7411
29 871.9184 294.8934
30 60.47822 341.4606
31 304.2499 649.0876
