1 600.3154 463.899
2 669.2976 670.9176
3 618.374 912.8246
4 541.5526 484.2135
5 735.2757 667.8345
6 448.152 931.1802
7 152.6582 803.0247
8 730.3685 278.7918
9 809.8648 782.5014
10 754.2433 486.1069
11 513.4683 933.4716
12 36.98598 551.0637
13 668.7798 898.772
14 851.1794 730.9017
15 777.5184 175.4925
16 681.1318 818.5981
17 566.0573 832.0973
18 219.7819 802.9612
19 574.0516 925.5062
20 851.4305 266.4259
21 704.1345 870.0795
22 684.2054 754.3179
23 825.4108 638.1754
24 346.1736 153.9423
25 702.4178 614.1403
26 794.8231 695.612
27 818.4932 374.0626
28 145.3018 201.5758
29 88.27831 276.8038
30 94.76103 627.0938
31 771.3233 420.9228
