1 354.1935 684.0767
2 556.8818 75.36461
3 169.1158 721.1472
4 147.0596 789.7453
5 877.8632 407.7534
6 118.9427 229.828
7 495.6724 97.49084
8 455.0835 815.0862
9 266.2788 767.2553
10 163.3878 571.3294
11 668.2586 122.904
12 299.0609 718.4023
13 137.048 600.0386
14 605.5485 280.8949
15 331.0584 184.2809
16 240.9077 868.078
17 195.0126 821.4978
18 619.7814 78.76836
19 529.5501 827.3605
20 546.9173 930.6712
21 895.2923 353.6327
22 104.7991 632.0656
23 866.7609 702.0432
24 46.53399 390.0654
25 205.6741 765.5412
26 395.1734 62.26774
27 875.4703 308.8063
28 278.0871 822.3123
29 424.6363 114.8859
30 452.8141 56.05594
31 558.8332 436.389
