1 851.1549 633.5809
2 262.5614 870.7092
3 182.0298 230.0824
4 214.3317 640.6049
5 59.1654 351.1441
6 223.5128 528.9206
7 569.1063 95.46432
8 311.1588 566.9578
9 250.7849 584.0596
10 119.1149 234.7326
11 601.2365 142.7768
12 266.1335 385.2014
13 290.4317 153.8861
14 65.94668 416.1079
15 426.0552 884.987
16 175.9368 480.9929
17 117.0152 430.9583
18 201.5262 841.8619
19 678.5948 601.7097
20 318.1068 906.5325
21 100.236 489.8697
22 346.3055 180.5804
23 682.7135 303.0902
24 185.3389 583.6892
25 345.5644 72.92359
26 580.0382 600.0186
27 905.7602 605.8247
28 527.5022 933.0757
29 578.2605 924.1988
30 759.4318 632.3724
31 228.8639 307.4372
