1 553.7187 172.783
2 333.6982 189.8718
3 519.3206 221.551
4 572.6256 245.0556
5 331.3313 253.2264
6 95.05984 284.2152
7 332.6267 341.7532
8 703.0025 374.4342
9 190.9564 490.166
10 765.1997 506.9748
11 704.2551 507.9336
12 33.30943 509.7543
13 818.8088 512.552
14 547.1012 521.1903
15 476.7403 526.7687
16 917.0118 535.4666
17 785.8544 563.1985
18 533.4152 567.0931
19 479.6332 588.4162
20 589.1189 603.4666
21 873.5498 632.6118
22 299.3634 641.5494
23 70.93988 670.0967
24 869.3775 701.1861
25 339.2291 737.5571
26 371.5206 792.6254
27 162.2602 804.166
28 368.165 865.3106
29 707.8507 871.293
30 585.1729 900.3228
31 128.8171 221.9183
