1 634.2823 223.3991
2 405.3195 705.7925
3 482.7029 471.9602
4 565.8984 455.1725
5 714.3505 779.0534
6 660.7515 106.8368
7 236.8629 359.9146
8 697.7967 445.6105
9 40.31265 415.1077
10 640.4699 163.8121
11 902.9059 595.9401
12 147.8155 788.7062
13 756.5333 585.949
14 545.9367 928.5707
15 136.3222 659.8138
16 160.0852 731.0218
17 730.3199 693.7665
18 282.9839 712.1562
19 120.5872 230.5417
20 324.4424 199.8162
21 583.7068 184.5575
22 602.5007 74.47888
23 273.6344 105.5773
24 547.2021 137.1722
25 820.2136 772.8905
26 54.06562 626.8579
27 769.8635 824.727
28 515.3359 553.4188
29 698.3709 574.7096
30 263.6677 202.9008
31 711.1996 124.9998
