1 202.093 486.8753
2 836.7909 590.3795
3 79.19801 687.3758
4 111.09 742.5898
5 482.594 933.3727
6 112.9888 491.0186
7 371.3481 552.284
8 222.2778 729.9277
9 195.3809 673.0491
10 163.6094 534.5439
11 169.0168 432.2457
12 299.1657 585.306
13 692.5574 708.9747
14 685.3081 372.8705
15 36.98899 470.4504
16 390.3754 93.40433
17 817.4895 326.4026
18 246.3918 117.6356
19 53.85873 628.5926
20 223.3258 602.0809
21 853.6357 429.683
22 915.4143 440.6309
23 340.6548 388.287
24 428.3278 250.1536
25 155.5567 188.3487
26 919.7009 499.0995
27 852.9462 730.0796
28 824.0641 770.0583
29 883.5749 324.1336
30 49.87336 378.4452
31 339.7744 625.567
