1 319.584 423.7463
2 474.6359 54.47628
3 799.809 325.5541
4 655.2968 897.2378
5 163.4553 622.5508
6 603.0394 75.88403
7 406.4536 252.3813
8 287.3412 472.891
9 693.8113 230.3148
10 522.9366 159.2718
11 217.7241 137.9838
12 307.287 272.3473
13 840.7373 252.4759
14 37.88034 550.5608
15 133.6339 464.615
16 786.5307 267.2586
17 263.0807 202.8453
18 769.4296 203.4955
19 66.10361 659.9321
20 427.2551 138.1065
21 686.2518 288.9291
22 148.1148 198.2153
23 613.2155 277.4994
24 392.8719 87.87045
25 628.7162 176.2396
26 185.7381 176.3811
27 374.4323 851.8218
28 711.7442 861.0765
29 481.4567 113.379
30 109.417 243.4169
31 624.4194 709.8297
