1 463.4047 568.7006
2 581.7433 731.2436
3 580.5689 904.8436
4 435.3147 390.9126
5 850.4711 738.32
6 332.2623 801.946
7 133.5975 776.7738
8 843.0607 371.1123
9 756.3341 836.7505
10 834.5321 556.2065
11 401.5875 916.2819
12 32.91101 527.0662
13 640.0678 903.2841
14 785.7481 748.1521
15 646.2338 91.71679
16 528.8785 775.5257
17 514.1968 686.5817
18 184.6063 818.9619
19 528.3833 933.6275
20 842.5786 252.9503
21 593.2626 826.098
22 806.1177 690.3185
23 768.3786 559.1398
24 225.8216 243.6012
25 804.2401 613.7621
26 878.0621 682.282
27 911.4902 464.3347
28 229.4693 128.6731
29 98.18533 261.9829
30 70.12418 478.3304
31 877.9739 515.8491
