1 294.6951 647.6138
2 537.8126 304.748
3 374.1586 453.8476
4 255.4769 763.3063
5 515.012 683.3167
6 112.9375 361.8083
7 152.3487 196.7392
8 411.9037 701.1638
9 194.3576 397.7588
10 148.0107 485.1324
11 241.658 123.8519
12 344.5159 401.9144
13 420.3173 532.628
14 208.9956 168.4637
15 137.5832 422.4592
16 405.7429 622.3014
17 492.8276 594.9821
18 682.4464 346.4875
19 302.1379 705.4362
20 350.0306 841.9327
21 741.1682 370.864
22 439.4535 573.1776
23 839.6908 435.5654
24 54.14289 360.5843
25 511.9611 436.2579
26 665.312 210.9051
27 920.2007 485.0759
28 699.5622 728.7064
29 556.1761 63.4763
30 335.3167 341.0188
31 246.4006 605.8258
