1 494.4237 584.8878
2 516.4604 56.4419
3 581.831 247.7926
4 441.71 933.1569
5 480.5942 737.2526
6 587.7924 64.10432
7 451.6367 57.15194
8 473.2283 668.945
9 382.9704 320.7723
10 265.2351 180.0452
11 153.8798 186.0086
12 214.61 177.2534
13 848.2791 260.3823
14 71.46096 601.2155
15 71.51615 313.5635
16 715.6771 128.886
17 339.2497 76.13621
18 495.8458 235.9453
19 67.45408 659.7212
20 552.4422 191.9382
21 407.2323 375.9496
22 123.5331 225.4782
23 332.9464 389.5111
24 502.2511 125.5244
25 440.4927 292.4459
26 430.5858 229.3461
27 572.7429 924.0065
28 546.261 623.4926
29 560.0158 99.76853
30 115.2984 280.5549
31 372.4053 525.6878
