1 837.0641 243.463
2 358.4073 919.0501
3 598.9224 541.1311
4 73.50907 678.4908
5 471.7658 130.4024
6 505.8842 197.099
7 481.1455 61.99395
8 368.1199 446.0657
9 44.98757 412.133
10 218.8642 676.8651
11 654.7426 373.0613
12 149.0087 372.6112
13 240.5592 852.0993
14 529.2916 111.8512
15 569.7724 67.99389
16 860.4616 303.9675
17 133.724 696.6662
18 40.60023 582.2489
19 796.1672 663.7189
20 564.2038 725.6771
21 633.7097 83.92421
22 799.7184 198.7365
23 796.5671 301.1463
24 118.1548 460.6706
25 58.22507 345.8476
26 897.0666 635.6857
27 919.1335 516.4626
28 527.4138 673.3337
29 556.8565 928.8409
30 298.6842 842.7118
31 890.94 348.2836
