1 772.2868 171.061
2 395.6304 927.6502
3 450.4662 621.9313
4 63.21144 652.5384
5 539.1591 286.6581
6 736.5389 221.1958
7 594.3988 85.74088
8 463.3148 261.9175
9 42.95835 401.5501
10 103.9632 734.3172
11 570.2491 575.3471
12 300.018 283.4985
13 278.3321 888.5843
14 677.5333 199.9895
15 511.0283 58.5226
16 868.5022 295.0022
17 144.729 784.885
18 72.08524 461.0875
19 668.4652 534.2427
20 508.2771 596.7991
21 553.2375 63.46397
22 718.985 131.4517
23 692.176 382.4054
24 235.5922 615.7069
25 73.69428 313.1297
26 791.8412 805.3751
27 896.0173 636.2739
28 506.3628 661.4656
29 603.7543 917.6407
30 358.1181 881.196
31 915.1228 445.5647
