1 483.0145 370.078
2 363.9014 339.4001
3 592.629 370.5038
4 733.8458 482.1868
5 880.586 487.3827
6 893.4725 353.7467
7 233.2447 185.404
8 544.5283 274.8081
9 31.58743 485.1779
10 675.389 548.4221
11 596.2125 876.8129
12 91.57035 711.9602
13 900.3595 449.7109
14 210.9394 847.8867
15 623.751 802.5426
16 419.8671 398.9488
17 699.2825 637.8265
18 388.1685 591.6299
19 106.5917 249.4721
20 341.7154 631.0884
21 725.596 585.4776
22 412.7191 119.1718
23 387.326 65.16292
24 634.2938 507.5285
25 917.2923 537.7947
26 68.15493 605.9922
27 534.1636 931.91
28 654.4079 898.7918
29 915.2336 409.3211
30 193.8938 599.684
31 860.6085 407.8823
