1 638.5411 463.177
2 217.4966 569.3581
3 445.5817 204.2748
4 624.8609 281.9176
5 818.1977 523.3027
6 793.2185 297.4683
7 380.9086 211.6569
8 483.8442 518.9303
9 32.59507 467.8549
10 808.648 356.4762
11 761.9905 757.1811
12 107.259 736.9547
13 915.948 530.6606
14 365.8037 920.6103
15 390.2817 605.272
16 256.9949 527.1477
17 908.0681 593.2897
18 405.8059 878.2867
19 117.0263 234.276
20 338.3498 427.1561
21 663.2102 408.7798
22 532.9337 61.02823
23 231.437 127.3591
24 732.1083 317.7608
25 830.5134 594.1432
26 61.32718 646.6539
27 595.1226 920.7039
28 541.7511 826.7155
29 884.8702 453.0932
30 107.0902 412.3927
31 849.1774 287.6578
