1 537.5228 585.6642
2 328.318 908.7109
3 753.7449 836.4525
4 407.4917 443.4589
5 154.5285 796.357
6 462.7058 739.1988
7 574.2693 926.9347
8 739.0814 627.1436
9 397.2145 804.6193
10 429.8647 929.4001
11 636.6907 906.9815
12 185.4436 738.0169
13 877.4457 386.6361
14 397.1006 864.4864
15 606.2451 659.9337
16 914.5128 430.3446
17 530.547 681.0972
18 275.9787 652.6153
19 724.7733 858.1078
20 882.1657 324.0805
21 786.1363 803.482
22 570.833 865.8632
23 679.7013 479.4405
24 711.9986 155.4871
25 242.8944 800.643
26 202.757 841.0004
27 612.6213 200.6879
28 41.93379 579.63
29 192.3111 608.4197
30 418.3589 571.3806
31 173.5371 450.3516
