1 909.4554 409.6046
2 601.5554 587.4125
3 437.7149 560.7454
4 543.6616 788.5253
5 719.3998 127.1725
6 536.9858 574.8068
7 318.6303 525.1921
8 548.0516 643.5444
9 652.9903 183.7709
10 800.1146 797.5094
11 467.9217 741.5227
12 370.3582 602.9495
13 452.6323 123.3433
14 35.33325 475.5535
15 598.6274 753.3112
16 720.7694 780.8284
17 627.2843 811.2332
18 355.6161 663.1817
19 72.33053 307.8441
20 607.8208 647.8857
21 110.6987 411.9972
22 671.1724 260.8157
23 469.6859 471.6957
24 126.0804 760.0082
25 163.7593 484.4902
26 137.7876 315.685
27 450.1053 223.1882
28 352.5777 111.7969
29 414.5183 703.4502
30 194.499 152.9339
31 422.6884 58.82066
