1 722.7879 357.2026
2 345.2338 326.7607
3 456.931 126.0394
4 505.8014 426.8444
5 625.3997 493.1974
6 42.87401 429.6779
7 367.9987 467.176
8 752.8607 430.8223
9 203.4125 146.285
10 517.697 116.3517
11 624.3449 121.8161
12 295.2525 897.2523
13 756.9163 163.8033
14 814.4158 406.2173
15 211.9135 850.3537
16 519.0016 511.4463
17 879.8999 678.0001
18 566.4567 465.9655
19 80.5282 517.882
20 560.117 137.8601
21 840.9249 255.7302
22 872.4695 306.5081
23 583.9172 70.41029
24 175.2218 310.466
25 233.9422 791.3558
26 37.01285 558.2965
27 907.4859 603.8074
28 824.4999 622.7531
29 106.1872 439.3481
30 514.4196 58.26228
31 488.3228 315.4709
