1 699.7792 530.2106
2 480.7587 344.6904
3 566.341 152.5332
4 575.613 284.9187
5 647.3182 646.0433
6 160.7158 399.2015
7 425.7685 306.3826
8 636.6769 550.5152
9 231.1817 253.0622
10 585.0639 102.2013
11 637.996 89.86898
12 254.5706 875.8604
13 587.0134 211.888
14 847.5952 588.4913
15 203.6177 843.5925
16 568.2436 657.508
17 899.3129 621.5072
18 550.9598 339.0683
19 101.3357 374.5208
20 526.9019 200.6573
21 686.7993 228.6524
22 816.8739 219.6238
23 525.459 60.74044
24 319.3278 219.2123
25 361.9379 813.6766
26 60.61291 646.5323
27 917.5552 530.9159
28 909.1394 583.9564
29 179.3126 462.8821
30 463.8212 73.60895
31 505.6684 128.6192
