1 444.6646 336.757
2 401.6634 124.5125
3 797.5698 389.4493
4 733.6595 854.9102
5 74.97291 505.5719
6 502.9605 159.7903
7 515.4617 334.3131
8 387.4721 352.1795
9 805.989 277.037
10 642.5896 242.9905
11 258.2663 123.5041
12 192.3553 206.9394
13 833.5471 339.5724
14 45.81111 598.3381
15 191.4738 614.6646
16 773.4525 328.6877
17 138.8545 204.6842
18 791.8228 188.8462
19 63.96947 655.0984
20 399.081 253.2851
21 738.8604 374.766
22 107.5157 246.7228
23 686.1635 403.2385
24 296.5146 190.5879
25 676.2299 318.5132
26 205.2552 142.8597
27 247.3225 787.786
28 781.0891 812.842
29 461.4884 246.4908
30 79.19068 297.1072
31 670.6663 847.3641
