1 682.8273 107.6758
2 538.5939 98.67202
3 407.2092 255.6316
4 336.0296 356.7574
5 371.256 557.7561
6 363.4279 503.8554
7 491.037 171.2182
8 424.0279 448.0524
9 177.7495 550.9369
10 693.8382 259.1907
11 404.0877 734.321
12 40.59149 576.6505
13 790.7362 193.6104
14 276.772 641.5481
15 224.9044 790.3327
16 837.0017 242.6719
17 625.1021 397.1146
18 207.0886 635.0159
19 240.1079 552.455
20 395.19 816.4707
21 878.0228 525.4485
22 138.911 204.8047
23 242.444 120.5807
24 697.8197 752.982
25 630.5539 535.6187
26 622.8017 891.0189
27 207.8278 844.041
28 519.1617 932.187
29 773.0259 795.6554
30 685.936 885.332
31 366.8967 442.4371
