1 905.6521 389.9229
2 621.7231 314.589
3 348.5003 796.1626
4 588.4021 922.4845
5 886.7751 331.6438
6 274.5481 482.3775
7 194.0355 703.6157
8 357.1598 526.6918
9 775.2327 359.0058
10 505.5356 785.5929
11 229.0945 861.4782
12 318.9937 445.2183
13 389.4064 64.30206
14 108.5957 432.9278
15 670.5129 487.2368
16 443.0199 768.8978
17 692.6029 879.4187
18 177.1844 821.3356
19 82.90624 291.4808
20 367.8217 587.1376
21 245.9704 195.7489
22 586.5648 68.04646
23 337.4266 350.5396
24 282.5454 888.7246
25 394.3031 391.405
26 380.3857 188.4293
27 644.0799 100.3244
28 486.3681 56.41095
29 290.3257 538.9739
30 193.3239 155.8442
31 318.3917 157.1803
