1 641.4263 729.2013
2 730.472 856.1945
3 216.2095 593.8793
4 358.3676 570.0821
5 813.5337 588.7683
6 478.639 64.46086
7 436.6501 594.6368
8 538.8509 671.7049
9 916.6046 534.0557
10 490.0382 530.6787
11 120.2047 755.4392
12 428.8125 421.453
13 33.29838 445.7946
14 592.2502 107.5252
15 890.3236 342.9818
16 550.8709 549.3882
17 791.4182 703.3674
18 378.3981 631.4756
19 267.623 300.3445
20 491.1057 634.4798
21 641.3362 576.5426
22 873.6077 689.2104
23 324.1268 380.9341
24 40.24888 401.2733
25 495.7262 337.5308
26 842.373 744.9871
27 62.66091 356.6686
28 32.009 502.9428
29 716.2262 751.8253
30 649.5506 206.2667
31 450.8333 288.1631
