1 462.0006 382.7007
2 184.2327 485.8259
3 283.31 158.5347
4 562.619 659.5908
5 485.1753 627.1909
6 78.99319 536.5647
7 145.4633 530.0095
8 572.8577 256.4843
9 222.8658 172.3904
10 332.6068 341.4081
11 390.1029 310.0946
12 241.9493 864.4079
13 794.407 284.2555
14 655.1791 165.4764
15 402.3672 749.838
16 234.7192 524.8525
17 890.0037 651.775
18 349.3811 657.7284
19 281.6997 681.0977
20 559.8403 63.55228
21 856.5597 296.1225
22 914.9596 445.917
23 822.5484 225.4589
24 44.00866 482.6638
25 189.2498 825.5827
26 107.0676 594.389
27 735.4402 672.5613
28 567.3971 590.0956
29 53.03527 361.4695
30 611.3656 93.42411
31 423.606 607.8666
