1 621.2351 650.3599
2 385.6938 469.8642
3 655.8827 792.1675
4 327.6535 441.1441
5 165.4231 562.5508
6 202.2379 226.5868
7 907.3917 399.7848
8 669.0021 611.6864
9 731.0926 621.3764
10 915.9774 549.479
11 695.8464 114.778
12 205.0288 608.6652
13 332.8396 79.00233
14 44.60064 389.3348
15 598.4167 763.0656
16 312.8153 379.5227
17 252.941 548.7898
18 730.4738 846.4208
19 719.2883 199.6434
20 593.0667 920.6322
21 296.5182 491.8518
22 74.17756 677.5238
23 147.1759 486.3532
24 252.343 441.0788
25 210.7248 391.2842
26 476.6276 288.4054
27 183.0666 167.0345
28 401.0037 287.9748
29 539.8834 663.183
30 883.5236 663.1317
31 393.424 928.0721
