1 513.7871 217.1535
2 498.4127 667.724
3 550.2558 487.4592
4 672.7985 480.4648
5 692.953 878.7544
6 607.9609 108.6332
7 164.4923 291.0558
8 648.9207 347.6845
9 40.74897 407.734
10 541.6036 129.3399
11 912.5027 483.1332
12 140.3841 781.2889
13 646.2151 554.2144
14 640.1321 904.6412
15 93.2576 714.9219
16 225.4843 781.5023
17 696.9814 794.5666
18 250.1243 591.7672
19 83.78943 288.2124
20 356.5824 128.5327
21 481.3172 133.5823
22 550.5468 68.29778
23 368.5929 70.70596
24 452.4754 80.8904
25 834.9187 757.1306
26 55.70255 633.5337
27 779.3972 786.0373
28 607.6557 502.9479
29 586.0361 587.6589
30 296.8181 95.10575
31 658.2211 96.77661
