1 578.4069 494.5687
2 218.2174 488.9716
3 500.5135 204.8132
4 695.8269 306.8026
5 850.2618 456.6694
6 831.2741 322.1175
7 347.4799 159.8329
8 449.0475 449.211
9 35.63965 434.379
10 806.0861 408.0522
11 687.6531 806.4994
12 108.7672 738.807
13 915.0527 463.1156
14 301.672 897.8642
15 472.6413 634.1606
16 272.4768 462.0811
17 883.2718 643.2635
18 434.1761 792.9951
19 99.46787 260.5947
20 332.4456 493.7847
21 645.7564 488.9064
22 492.3763 57.94852
23 302.1844 89.0498
24 755.6489 376.6978
25 859.8752 516.4641
26 58.27356 642.9058
27 536.9815 932.4257
28 584.6545 890.0789
29 918.3363 395.5301
30 80.12527 477.4646
31 876.3778 359.9747
