1 567.2958 652.3663
2 388.4055 476.3941
3 697.2467 815.2794
4 347.4168 422.868
5 173.2544 529.7076
6 162.6174 201.1659
7 914.9452 431.2484
8 651.0942 620.4699
9 721.4458 660.6826
10 915.1864 554.0626
11 679.9041 105.8311
12 154.039 593.0159
13 297.3297 92.15917
14 50.68572 369.5595
15 634.3367 803.9802
16 350.8824 363.4531
17 214.4752 578.8837
18 691.4834 875.4091
19 753.5022 227.062
20 602.6469 899.4011
21 335.871 503.0587
22 90.06525 707.4643
23 171.2313 433.669
24 296.6329 453.5632
25 238.8809 436.6971
26 463.4592 339.9889
27 202.2812 148.5279
28 350.3286 273.4119
29 495.9192 666.5927
30 872.4183 688.0055
31 392.5241 927.2426
