1 675.729 704.7811
2 286.3411 116.078
3 739.8264 847.9587
4 788.732 807.7186
5 573.0663 414.3086
6 129.9165 612.3356
7 754.5029 154.0087
8 382.0858 625.913
9 434.9024 652.7501
10 756.2349 758.4561
11 614.3408 80.34813
12 226.9828 129.9974
13 610.2242 278.532
14 43.65217 403.0364
15 224.6442 857.5195
16 429.3479 442.9212
17 184.6823 159.7459
18 915.864 440.7815
19 98.32472 502.2214
20 312.3668 686.2581
21 471.0855 702.6812
22 107.2736 326.3609
23 176.4125 427.6214
24 114.0363 670.3699
25 332.8263 228.0427
26 335.2021 76.59438
27 187.5259 635.8804
28 826.5887 764.2877
29 795.9517 197.3078
30 314.7848 442.3405
31 604.0036 916.834
