1 919.0281 520.996
2 717.3737 643.739
3 367.5295 443.3381
4 535.448 683.207
5 569.5512 70.59485
6 672.7316 604.1245
7 420.0848 520.2931
8 655.2972 661.9277
9 587.6284 311.7724
10 880.515 676.2552
11 553.6766 779.2694
12 483.408 507.0818
13 424.8717 277.5059
14 39.84068 521.3067
15 686.8354 804.5123
16 825.7863 698.2532
17 741.5661 751.2929
18 479.1104 709.7264
19 84.38523 285.7904
20 701.9413 702.3211
21 101.6062 508.0574
22 797.0094 317.4843
23 467.8697 327.2426
24 121.5709 754.4431
25 92.9967 619.8718
26 108.1546 447.8664
27 326.9851 223.7283
28 241.7662 118.9682
29 456.5172 807.3544
30 160.8275 185.7052
31 351.6471 71.14525
