1 654.6832 477.1631
2 358.2988 917.6477
3 823.4814 767.8476
4 539.2973 457.0478
5 98.7971 721.9205
6 342.929 615.8132
7 573.1263 861.423
8 850.5144 541.1721
9 409.7765 868.866
10 524.5462 931.2913
11 606.2807 806.0098
12 249.8443 617.7127
13 784.7862 315.3047
14 419.4708 932.8293
15 548.2524 788.0807
16 910.053 391.0203
17 410.7311 620.326
18 383.9843 743.1679
19 779.7667 817.3371
20 849.0885 379.6969
21 704.4749 753.3153
22 470.2795 889.5064
23 787.2229 539.3715
24 787.2774 250.3411
25 285.2163 892.2769
26 131.1279 765.3564
27 475.7707 203.2379
28 36.45036 553.5763
29 71.87526 673.5979
30 514.3726 519.8825
31 91.28297 577.1041
