1 898.2411 460.4681
2 900.3474 595.5198
3 127.7796 593.3729
4 357.0765 805.6162
5 443.6911 243.9119
6 849.0298 498.0634
7 695.0376 550.6037
8 809.7848 540.704
9 818.7928 369.71
10 916.4633 520.4003
11 703.4067 873.1523
12 267.9287 400.3863
13 152.17 504.0938
14 181.5005 267.7587
15 821.3963 770.5138
16 854.3548 420.5533
17 886.3477 658.8828
18 579.6539 923.0559
19 73.57263 309.0445
20 859.2759 721.3812
21 318.4659 714.363
22 907.5136 406.1209
23 386.6886 577.9436
24 45.4377 589.3546
25 271.0148 637.3599
26 411.642 638.4275
27 166.3775 179.3647
28 238.3995 278.6007
29 516.0475 935.652
30 128.9055 231.1627
31 559.7237 61.41055
