1 357.7844 343.5577
2 318.5589 723.612
3 596.9062 672.0173
4 581.5525 218.902
5 759.7583 833.0846
6 76.46431 614.8658
7 165.1442 624.3376
8 761.156 601.5408
9 558.1987 717.568
10 653.5595 759.9408
11 156.2974 684.0194
12 74.14508 677.8617
13 632.4158 688.4004
14 551.8554 634.6938
15 765.5853 258.9791
16 265.5952 758.6702
17 668.7376 466.338
18 216.9559 850.1286
19 560.363 927.9769
20 817.588 219.8756
21 516.4785 581.9228
22 799.2627 721.8443
23 639.9786 356.4552
24 71.32966 444.8534
25 739.5727 738.3849
26 730.8602 654.2702
27 900.6278 374.4702
28 206.4477 145.3514
29 73.79883 309.6077
30 165.063 478.8206
31 868.3205 655.0267
