1 714.2537 799.6673
2 694.5885 877.7651
3 66.86691 518.4005
4 186.39 587.2659
5 882.4017 515.8056
6 356.2796 70.54586
7 420.2892 507.4684
8 472.9145 818.3475
9 896.4525 635.5838
10 365.3772 569.7536
11 200.1179 836.7782
12 278.1424 418.7211
13 38.38221 428.3325
14 712.8668 223.6218
15 832.2661 235.568
16 530.2145 661.0807
17 812.2699 687.8028
18 229.5451 631.6564
19 398.4944 226.1721
20 492.0936 538.8339
21 775.618 509.2181
22 872.5628 696.5697
23 441.6103 446.3678
24 46.09954 373.8648
25 398.1289 290.4654
26 837.1077 747.8125
27 89.64634 380.3715
28 26.17725 485.7556
29 738.3043 854.0715
30 769.9516 235.5795
31 453.3464 383.0522
