1 690.5441 356.6161
2 327.4924 127.5144
3 497.7924 935.05
4 555.5781 616.2372
5 406.3288 885.0244
6 380.1696 429.2274
7 897.0849 361.9944
8 558.4387 286.2978
9 616.8231 302.881
10 740.0259 615.3059
11 877.8541 313.8421
12 299.7918 435.1078
13 410.9145 59.72363
14 49.46161 441.3512
15 206.9389 660.9656
16 48.326 383.816
17 117.0232 357.558
18 885.3639 665.4039
19 379.3594 204.3789
20 560.7696 925.332
21 100.7146 575.6563
22 53.47268 620.3954
23 407.6389 492.4302
24 39.56574 565.4964
25 145.4117 435.3242
26 499.7697 54.96673
27 66.65273 324.0826
28 594.3664 562.0986
29 838.7709 627.5541
30 801.7239 583.3062
31 444.8148 933.0375
