1 679.6645 673.9622
2 697.1609 116.5637
3 295.7117 726.541
4 499.2129 935.4527
5 564.5902 500.3758
6 37.88371 504.1575
7 442.1599 723.2181
8 359.4132 617.1551
9 626.9714 635.9015
10 332.4705 439.7077
11 213.1418 848.7078
12 554.3375 641.0276
13 136.6148 323.494
14 504.5099 321.9085
15 747.5195 147.8235
16 122.1622 673.9986
17 896.3632 629.4959
18 56.42812 636.4919
19 177.8215 166.7602
20 56.38637 567.5071
21 482.6759 223.5563
22 556.4952 65.10018
23 606.0076 457.3302
24 496.9016 875.5147
25 606.5402 265.1732
26 665.6402 423.9584
27 702.222 180.9725
28 779.0687 206.8654
29 102.4836 732.9356
30 373.4659 94.86915
31 135.5354 215.8109
