1 391.6698 460.786
2 585.9842 436.0344
3 202.5113 532.9393
4 145.403 787.3712
5 521.0733 903.435
6 34.29419 491.553
7 330.5404 251.806
8 239.4776 599.5826
9 77.7609 449.3309
10 31.40223 558.8578
11 174.2723 169.4537
12 158.0889 465.8674
13 535.5594 478.5639
14 351.6019 368.7421
15 74.74825 537.188
16 448.6836 426.3198
17 645.8705 478.3715
18 481.8623 311.1515
19 146.0185 602.9721
20 204.815 795.9311
21 645.5901 412.1519
22 585.9937 501.5724
23 656.4866 276.0282
24 132.5598 214.3428
25 445.9379 237.6931
26 864.466 333.0182
27 901.515 625.2271
28 813.9743 780.6148
29 711.5944 125.3525
30 126.3202 275.2571
31 175.4977 736.3624
