1 471.8489 567.6132
2 588.695 729.6723
3 580.2993 906.6758
4 438.2758 397.5154
5 848.9025 738.193
6 337.6809 808.188
7 133.9682 778.8156
8 840.7274 365.1098
9 762.1012 832.3812
10 834.7706 554.104
11 407.0497 921.4366
12 33.61878 522.7557
13 640.475 903.5904
14 790.8294 752.0978
15 652.5465 94.0229
16 535.3569 778.0037
17 514.4306 694.041
18 186.4567 817.3242
19 526.0198 933.771
20 842.988 253.8255
21 595.9235 831.163
22 799.9595 688.9248
23 768.0312 557.0617
24 230.639 239.6943
25 804.0994 612.4184
26 879.2684 681.3297
27 909.3616 458.8175
28 224.6964 132.8537
29 100.6133 257.7679
30 75.32523 479.2133
31 876.5316 510.7782
