1 296.3115 608.0912
2 578.0224 68.10423
3 239.1964 697.7237
4 197.7037 835.594
5 767.3409 402.57
6 117.566 240.6299
7 439.6532 192.3953
8 448.7233 925.3663
9 301.0852 667.9815
10 261.0519 550.2742
11 565.1955 157.4383
12 398.9879 675.3894
13 230.8626 604.2362
14 521.5177 198.3262
15 225.7177 132.5945
16 260.8905 881.6477
17 257.478 817.11
18 703.9757 117.306
19 502.3244 876.7395
20 509.0408 934.3715
21 903.4327 379.2486
22 206.7863 637.1367
23 909.2906 596.1457
24 47.43278 382.6932
25 289.3287 737.1909
26 457.5656 56.13168
27 884.4725 327.8294
28 328.6831 779.9436
29 401.2225 78.79695
30 511.4488 70.79155
31 452.2072 470.6076
