1 363.8933 438.213
2 615.8495 450.4114
3 173.6092 580.7171
4 151.8301 797.3337
5 546.7933 929.2496
6 32.94811 492.3657
7 358.2874 295.5673
8 189.5711 637.9292
9 92.23323 501.0442
10 30.83127 559.9749
11 199.4208 145.0224
12 151.0535 524.4262
13 559.9521 481.2053
14 391.1209 375.9024
15 77.21991 561.8299
16 455.048 368.9728
17 703.1743 469.7711
18 428.0533 291.7939
19 101.0675 620.2101
20 203.6277 760.0075
21 668.7605 423.8778
22 643.4541 508.9932
23 589.8678 262.563
24 164.6967 198.415
25 402.0994 190.0026
26 899.8747 379.3374
27 887.1084 665.1014
28 841.6808 745.0264
29 742.5857 146.1879
30 98.45111 267.0513
31 140.8962 751.1047
