1 687.5393 112.0101
2 559.4872 84.6496
3 388.2812 277.3118
4 332.5132 385.7819
5 400.6951 574.7955
6 388.7749 517.1985
7 515.0691 182.1592
8 438.1774 472.307
9 164.6273 523.0543
10 666.4667 256.3554
11 380.3812 757.1093
12 41.68189 584.4355
13 785.6658 201.1078
14 254.3131 661.3451
15 238.1978 797.3538
16 837.5514 243.4139
17 597.6524 404.9936
18 174.2984 622.1383
19 225.0018 538.6953
20 377.668 832.4361
21 896.8292 543.9098
22 122.5682 223.1665
23 220.3482 137.6334
24 675.4321 740.7678
25 632.1837 566.3006
26 617.6348 858.6969
27 222.848 854.6469
28 530.9186 931.2277
29 788.197 776.3049
30 669.8251 894.7656
31 379.7154 459.1329
