1 551.4665 70.03709
2 742.3522 856.7008
3 148.5293 311.9357
4 185.7492 826.4907
5 364.4644 781.0322
6 666.4533 391.751
7 622.9965 80.9243
8 602.7818 566.5959
9 114.959 237.0765
10 288.5701 894.9296
11 763.7876 820.4182
12 213.5768 278.3307
13 295.3575 786.5322
14 911.1559 418.534
15 251.1785 116.2177
16 591.2212 441.3992
17 272.3031 832.2459
18 294.1966 208.2754
19 487.1593 81.0767
20 538.3042 211.1651
21 301.965 89.114
22 469.0445 170.0556
23 363.9702 67.22036
24 508.6654 889.7026
25 412.3718 197.4532
26 744.1581 552.2474
27 689.7939 845.5599
28 662.6232 896.1903
29 390.9211 927.5705
30 139.553 783.1094
31 498.9799 362.476
