1 517.8722 490.9587
2 497.7447 55.75417
3 534.8926 318.38
4 430.3524 931.728
5 553.3184 678.3063
6 562.7711 59.43793
7 432.6779 58.23286
8 540.0335 617.171
9 330.0104 391.4717
10 273.3658 237.5664
11 219.3347 136.0294
12 227.474 235.281
13 877.4874 339.0542
14 158.9403 612.7408
15 101.7781 256.2147
16 737.6653 143.0373
17 349.7986 71.63618
18 478.1208 339.01
19 93.81063 602.5438
20 515.5275 249.6848
21 373.0128 437.9204
22 168.123 177.8174
23 327.5216 478.0868
24 558.5594 180.3543
25 396.7714 370.3008
26 449.2595 282.6502
27 630.4711 907.9531
28 555.1072 539.6907
29 540.6476 95.09416
30 162.7861 251.629
31 278.7854 530.3143
