1 224.7977 625.2162
2 521.6759 230.0838
3 404.7295 505.9897
4 320.7275 802.2429
5 531.5862 613.1153
6 85.62643 321.4819
7 168.2442 178.675
8 447.585 770.9303
9 257.7829 444.1218
10 218.1137 496.5966
11 272.5203 142.5113
12 406.2619 443.1396
13 372.651 575.2925
14 214.4569 139.2401
15 146.5876 355.2701
16 403.7554 676.3039
17 454.8602 640.0253
18 765.6971 330.063
19 349.4549 746.5096
20 408.7566 870.5631
21 810.8641 371.5694
22 398.0168 613.6312
23 885.7584 478.8009
24 50.34183 373.0152
25 498.809 507.8942
26 601.1654 151.3622
27 916.0164 438.8679
28 621.6889 721.2619
29 503.3134 56.58366
30 397.1006 304.4508
31 300.4076 550.4551
