1 402.5136 60.78936
2 758.3153 835.4514
3 372.8058 172.6313
4 170.6537 814.2418
5 275.4382 658.9134
6 396.1711 654.5111
7 570.8684 127.3274
8 369.8454 427.8609
9 156.6798 329.9021
10 292.1301 892.7936
11 407.6114 767.5212
12 436.0138 171.1679
13 325.5148 617.0805
14 785.4059 181.8449
15 109.4958 245.1799
16 335.4494 221.0578
17 268.2968 584.8641
18 461.4744 51.44926
19 376.505 111.6141
20 614.8985 86.51523
21 219.6775 133.9074
22 694.5233 268.3451
23 440.8901 107.2189
24 716.0334 761.7195
25 180.5115 271.3
26 692.9287 224.9793
27 691.9098 881.3983
28 640.0957 907.9217
29 500.2588 758.0477
30 89.92308 572.8228
31 530.0333 57.82556
