1 682.0676 610.4603
2 275.8394 674.2078
3 242.8643 385.179
4 347.7533 603.9515
5 84.43356 510.9051
6 440.7767 562.8995
7 543.5245 264.7684
8 417.6005 734.6237
9 363.5404 685.7349
10 190.0285 159.651
11 652.4043 319.2532
12 160.5298 522.0187
13 448.2184 186.0123
14 182.195 367.3346
15 451.3775 937.651
16 165.4632 676.1552
17 58.01936 561.0061
18 296.6857 740.9421
19 508.8711 628.7038
20 289.9608 894.4542
21 53.26406 626.9907
22 282.1208 336.3747
23 685.1371 502.2608
24 336.9155 544.9886
25 250.2165 160.7289
26 422.3449 673.5302
27 917.8391 518.9351
28 499.0711 934.4742
29 544.7238 931.3297
30 753.4317 446.2546
31 58.99837 345.0877
