1 914.2548 536.8937
2 857.6232 626.5245
3 202.5936 458.5531
4 380.1335 679.8653
5 455.7479 82.33113
6 808.9315 597.2542
7 570.0668 487.4807
8 802.5067 653.6555
9 706.5998 434.5128
10 910.4997 601.8476
11 715.2261 865.353
12 409.1217 373.0005
13 273.5481 390.4111
14 129.5994 368.9159
15 798.5288 798.8348
16 855.5243 560.3431
17 876.7251 681.9085
18 554.5023 872.2363
19 81.71695 292.0684
20 833.833 731.9515
21 206.6679 628.5448
22 882.8566 330.9173
23 347.106 423.5258
24 100.5952 722.2529
25 121.7836 664.4137
26 252.0493 574.7798
27 199.8734 163.5432
28 150.9609 192.8779
29 512.8025 931.8613
30 111.1429 243.3101
31 403.4316 61.72912
