1 733.9524 593.5185
2 286.7231 726.1023
3 214.564 346.8345
4 306.7739 623.9038
5 65.37558 473.843
6 383.9081 547.7773
7 567.1596 224.2733
8 398.6915 687.3125
9 365.3314 639.2031
10 191.9192 158.2647
11 627.9785 269.3531
12 168.1252 476.7289
13 401.3671 160.7009
14 167.7049 399.0806
15 454.8744 935.3706
16 166.5881 621.6315
17 60.11858 533.2364
18 266.7297 781.4824
19 552.166 618.2791
20 290.3838 894.4157
21 44.38595 591.7788
22 275.246 294.8331
23 645.3822 460.8337
24 297.527 563.497
25 255.5107 118.9527
26 442.2581 645.571
27 916.1253 546.0732
28 509.7709 934.2971
29 553.7865 928.8271
30 754.8388 492.2638
31 109.2094 342.6713
