1 594.5158 490.3335
2 211.7337 511.2379
3 480.6025 197.1584
4 677.2048 297.1542
5 842.3221 472.4345
6 816.3189 324.0265
7 363.6559 172.0016
8 454.6816 469.1267
9 35.28867 438.1883
10 811.9164 394.5685
11 707.7339 790.5222
12 106.2362 737.8564
13 917.2107 479.5866
14 320.7386 906.2057
15 451.0023 623.8032
16 262.9887 476.569
17 897.262 630.6289
18 428.1646 815.9275
19 103.0216 254.6729
20 335.9643 476.0836
21 651.618 466.4296
22 499.8722 58.61493
23 282.1205 98.79086
24 759.7814 359.6539
25 845.1212 535.3345
26 59.09287 643.6177
27 546.057 926.5602
28 573.6845 872.157
29 903.9797 409.2107
30 88.67447 464.1044
31 870.6576 341.2604
