1 691.0641 381.3408
2 248.6761 655.8379
3 449.1785 291.5852
4 538.1662 302.4358
5 798.7502 611.0951
6 743.085 213.2883
7 372.7874 300.9878
8 566.9184 557.5217
9 37.21994 420.6686
10 758.0329 286.1953
11 848.4549 727.4496
12 124.2349 760.7516
13 909.3904 561.9445
14 374.6014 921.2776
15 313.8848 606.4131
16 250.4955 593.9625
17 855.4527 586.6633
18 417.1876 874.8678
19 91.65754 272.7827
20 326.2455 348.78
21 673.5559 325.5216
22 581.5667 69.59343
23 172.6333 169.3126
24 681.4726 248.1411
25 816.7659 677.0956
26 50.16316 614.4858
27 663.4171 893.9142
28 524.1635 733.8618
29 850.7216 523.939
30 152.0071 331.0125
31 802.858 202.631
