1 576.175 493.9308
2 221.1172 482.1735
3 506.7908 207.8966
4 701.9073 310.7288
5 852.9173 451.2106
6 838.7588 319.4836
7 342.238 156.3837
8 447.7325 442.0893
9 35.45878 435.824
10 803.4246 414.2541
11 681.0044 812.1834
12 107.4566 739.3093
13 914.8348 457.1969
14 296.5615 896.8643
15 479.5269 638.2308
16 277.7311 458.9945
17 876.8295 646.9466
18 435.4256 785.5447
19 99.90109 260.2547
20 330.3393 499.0464
21 643.732 495.0287
22 490.5351 58.23465
23 308.2923 85.49475
24 752.7925 382.3944
25 863.6129 508.1143
26 57.70071 642.075
27 535.7875 932.1222
28 587.7052 895.542
29 919.7187 390.9501
30 77.75321 480.2243
31 876.6477 364.8315
