1 913.3234 432.1258
2 579.4467 462.872
3 423.452 679.0442
4 578.2004 910.8627
5 802.5385 202.6631
6 401.67 539.0197
7 199.4405 563.8825
8 431.4773 617.8474
9 732.2908 218.9378
10 659.6901 830.0077
11 310.1656 750.1412
12 262.2553 556.7068
13 401.1948 70.84903
14 34.93512 449.805
15 620.7615 641.1226
16 591.2336 815.1149
17 640.8212 894.7772
18 239.3606 723.2375
19 76.69243 301.1454
20 493.011 616.7943
21 221.2325 329.5318
22 662.2645 162.5262
23 333.2461 497.2476
24 193.7014 831.6156
25 257.0193 384.1097
26 222.4358 190.9166
27 558.9597 193.1447
28 449.9196 90.65096
29 354.3335 603.1301
30 164.7979 180.6518
31 346.3473 73.14846
