1 780.8374 181.3446
2 392.0488 926.957
3 454.0479 622.4346
4 64.62726 658.969
5 545.5777 272.1345
6 719.635 218.7943
7 595.4032 93.66796
8 449.4236 267.578
9 39.61981 414.6668
10 103.1478 735.1075
11 570.305 560.0993
12 287.2784 278.582
13 281.6648 890.3135
14 666.572 191.4967
15 515.7344 58.68591
16 863.2326 286.4073
17 144.5987 787.622
18 64.7723 474.4748
19 676.6974 543.4751
20 515.1324 598.129
21 556.8064 64.42924
22 725.3804 136.6757
23 707.2464 383.1293
24 228.9206 604.5468
25 72.82133 312.44
26 803.3539 796.941
27 899.4384 629.4376
28 503.4123 661.9378
29 594.9638 920.4823
30 345.8731 889.9597
31 915.008 440.8856
