1 584.0525 364.8662
2 610.8382 627.7715
3 656.6308 900.872
4 612.1158 449.9845
5 656.9704 665.536
6 455.7355 934.2763
7 215.0773 830.4718
8 641.1544 287.974
9 838.4609 752.1448
10 670.0458 478.892
11 549.4336 927.9176
12 40.87003 575.747
13 678.3232 844.4046
14 872.8886 697.0839
15 834.525 238.7402
16 745.1481 796.6882
17 626.182 860.528
18 253.867 877.8584
19 606.6689 917.5312
20 877.1806 314.2518
21 714.7984 865.6775
22 630.5616 803.7934
23 895.1053 640.0704
24 417.3596 107.8099
25 615.9005 567.1152
26 706.5874 712.5599
27 769.5834 305.4946
28 133.1273 221.1943
29 94.25671 272.5388
30 103.2011 716.8448
31 683.5714 390.4788
