1 744.6525 431.2074
2 412.2874 317.2302
3 519.8814 157.2533
4 509.4394 358.1494
5 639.8731 531.592
6 111.5013 411.9089
7 394.0624 404.1469
8 721.3339 490.4278
9 217.4636 142.9219
10 563.5921 118.8544
11 613.6151 82.68612
12 279.1377 889.1547
13 684.6811 161.6121
14 834.9512 480.7383
15 192.7714 833.6159
16 554.4714 558.4901
17 896.4298 635.9878
18 582.4608 442.8468
19 60.32674 457.2313
20 584.5578 176.2034
21 780.9422 252.076
22 855.905 276.2432
23 551.8762 60.27461
24 234.0224 275.222
25 253.6851 822.2747
26 37.82647 561.5294
27 917.1622 547.0829
28 877.2255 590.4481
29 125.8311 477.283
30 502.4004 94.30429
31 492.8239 241.4967
