1 343.6639 457.9738
2 330.444 706.3193
3 702.0741 872.1604
4 471.946 269.6361
5 299.6616 786.7671
6 568.5477 888.5044
7 468.1505 935.1103
8 552.0484 566.254
9 554.4629 651.2337
10 416.5388 717.7941
11 620.7294 910.999
12 63.8415 653.0713
13 851.5153 597.698
14 589.0741 708.8792
15 722.352 451.2721
16 910.526 598.3302
17 662.6005 834.5389
18 97.24273 706.8242
19 673.7268 888.9949
20 828.7848 233.3837
21 744.0415 849.7056
22 710.8697 814.0381
23 811.7046 336.6575
24 630.9459 84.12141
25 298.2526 588.5917
26 341.8787 830.026
27 689.289 113.5133
28 171.6653 547.5363
29 268.7678 427.2179
30 264.8814 697.1785
31 357.7904 311.197
