1 639.9643 569.8212
2 782.9628 811.9634
3 290.0002 776.7973
4 519.459 704.9928
5 625.0045 511.1383
6 594.1951 185.7428
7 579.2748 698.3201
8 583.7818 596.111
9 903.9109 460.7394
10 629.6357 448.1403
11 321.0163 871.0995
12 415.5687 588.3125
13 34.60519 453.4654
14 402.9933 60.75008
15 862.1567 528.924
16 722.2022 441.758
17 729.9874 589.3747
18 350.8637 777.5867
19 74.38403 329.5353
20 633.1294 722.587
21 545.9708 648.7023
22 900.7455 624.3051
23 516.7244 377.3626
24 45.59003 395.6474
25 569.8142 477.8484
26 739.1789 707.979
27 94.34108 267.9493
28 36.65166 525.7223
29 613.042 655.3177
30 455.2485 168.2627
31 463.9338 90.37658
