1 348.8085 527.3822
2 481.8543 734.1526
3 586.0462 801.279
4 435.0044 282.3251
5 828.3132 759.7582
6 247.3011 704.4418
7 124.2888 760.3115
8 851.9022 473.821
9 658.7822 860.4056
10 778.4024 641.8409
11 305.2098 826.9982
12 38.70596 566.7074
13 641.8329 800.1482
14 724.5997 692.9935
15 696.8671 113.7067
16 423.9474 756.5948
17 540.8855 578.8621
18 234.4972 860.5037
19 544.0181 931.1607
20 832.6024 239.1009
21 543.5526 730.7831
22 867.34 707.9054
23 678.0229 526.1828
24 142.2022 311.6711
25 802.5856 703.4703
26 890.3551 656.8012
27 917.9843 474.2273
28 263.0791 108.8927
29 93.1253 272.8795
30 34.94195 502.8054
31 916.2939 538.1723
