1 653.2084 709.1321
2 303.1742 105.2263
3 742.9976 845.9349
4 791.8603 803.1773
5 583.4138 433.6695
6 115.6688 621.307
7 767.8928 166.3208
8 365.3222 614.1845
9 418.9023 647.3515
10 740.8652 769.2376
11 636.1396 89.44193
12 238.1595 122.6397
13 594.6004 259.3257
14 45.67583 387.6607
15 209.1162 844.9825
16 413.2907 431.6668
17 189.2105 155.0241
18 917.0984 454.7102
19 111.9144 488.0734
20 316.6144 703.7892
21 450.9319 702.9739
22 110.9963 346.8891
23 174.3717 403.7365
24 103.8923 682.7555
25 330.8799 205.2733
26 352.6872 71.37233
27 182.2354 617.0622
28 831.2408 759.3024
29 808.2518 211.2318
30 333.1996 454.7167
31 589.2389 920.3278
