1 669.4935 765.6237
2 598.2719 917.085
3 34.81049 544.9321
4 250.1543 692.6375
5 786.995 206.8794
6 526.0515 164.6814
7 711.8623 385.0338
8 544.8214 917.1436
9 685.83 697.4177
10 71.7054 671.9354
11 307.1758 900.5909
12 370.0655 692.2065
13 80.03835 295.3811
14 795.9338 598.3425
15 590.5296 71.17521
16 710.6943 867.5022
17 761.7392 831.1009
18 231.0599 750.4776
19 527.7417 58.72508
20 762.3922 414.4177
21 885.0246 326.0654
22 621.3726 804.3747
23 813.9278 315.479
24 113.0055 243.9106
25 133.3893 343.7036
26 471.134 624.3303
27 229.0885 130.1805
28 237.5301 311.7018
29 645.6892 901.4251
30 910.0152 461.7292
31 770.2654 258.3907
