1 437.123 337.6452
2 406.0642 118.9219
3 798.0385 382.2821
4 730.0128 857.6976
5 75.00905 512.9773
6 508.8822 153.7162
7 509.007 332.3872
8 380.3234 355.6497
9 806.202 269.5044
10 637.735 237.7601
11 255.5141 115.2991
12 195.5389 211.7996
13 837.1581 333.9998
14 45.25448 596.7109
15 189.7575 607.3642
16 776.0512 323.2244
17 141.4329 204.2877
18 793.4704 193.8468
19 63.59275 654.3069
20 399.2208 247.5445
21 740 369.1276
22 108.662 244.5763
23 685.4208 397.1614
24 300.826 186.0056
25 674.856 311.1967
26 204.6678 142.7138
27 254.3518 790.1381
28 777.7251 816.3115
29 461.2561 239.1634
30 81.51146 295.6112
31 670.2874 840.7685
