1 397.1453 535.4006
2 576.6199 425.0727
3 240.4582 477.0995
4 144.2591 787.006
5 503.2559 836.053
6 34.11307 455.6721
7 270.8368 216.1261
8 311.9856 614.4301
9 72.64402 409.3512
10 33.95902 554.8753
11 169.6311 176.54
12 201.188 414.0857
13 518.2452 477.5189
14 308.3181 303.1509
15 57.15216 513.0348
16 434.6528 489.1819
17 594.5553 488.6109
18 552.5386 327.5171
19 206.4504 626.0159
20 230.2846 801.1427
21 635.6834 406.1774
22 541.1774 518.4205
23 724.0741 318.6944
24 112.8646 242.7581
25 481.5167 300.6778
26 801.556 294.8396
27 913.3061 582.0119
28 802.7316 791.4931
29 657.6715 95.95849
30 187.2838 306.7408
31 177.546 734.9789
