1 666.2393 100.479
2 613.7253 125.2429
3 391.7794 503.4877
4 463.1043 576.3908
5 673.246 617.7202
6 634.2162 558.4687
7 460.4512 340.6269
8 660.1884 491.2032
9 44.89835 395.8343
10 523.0792 423.7322
11 310.307 835.5404
12 64.02593 653.8886
13 775.5093 409.6414
14 115.8501 745.2205
15 443.8217 870.5326
16 673.5498 182.4678
17 452.7191 514.6658
18 48.78636 461.8871
19 102.4221 406.2245
20 340.8244 892.0816
21 912.083 573.7391
22 207.9946 297.4359
23 198.4951 230.3204
24 499.8756 629.3234
25 818.7185 719.0622
26 443.4298 689.0109
27 276.8696 888.1813
28 651.7201 896.581
29 855.5033 596.812
30 459.6521 806.2391
31 589.7851 513.2566
