1 818.1641 219.4234
2 380.404 924.4757
3 509.1465 589.8823
4 73.779 678.5404
5 554.1649 186.5001
6 622.6138 214.593
7 554.9547 118.7236
8 383.8976 337.9614
9 39.57863 411.912
10 113.6808 726.6749
11 593.6741 466.703
12 203.3938 289.8412
13 264.5209 880.1068
14 605.517 154.755
15 552.2347 62.84471
16 854.0902 273.6674
17 143.8178 782.3219
18 36.56514 553.2742
19 728.5304 601.7299
20 552.9905 631.5647
21 605.3747 75.17582
22 761.4972 164.1723
23 792.5808 345.4337
24 179.7015 536.0361
25 57.3039 347.5557
26 852.5432 725.7999
27 910.5468 581.5266
28 494.5323 659.8002
29 548.9677 929.7032
30 324.796 909.9584
31 900.3907 375.0617
