1 730.003 138.51
2 378.1363 101.5394
3 546.7534 215.8421
4 487.6254 247.2448
5 223.2154 405.5011
6 187.27 338.5138
7 338.0046 207.2051
8 547.3658 324.758
9 227.6074 639.6039
10 836.8528 361.8433
11 516.3021 518.3194
12 33.33067 522.9807
13 856.8775 271.2192
14 424.9328 537.108
15 358.422 616.4934
16 884.5454 327.0669
17 747.2796 499.222
18 419.7454 597.5625
19 363.5725 527.1547
20 554.8551 736.779
21 779.0652 368.15
22 290.0979 93.50276
23 423.8464 56.93676
24 781.8725 811.0999
25 673.7429 329.9385
26 497.8996 935.132
27 131.5165 771.4712
28 417.6628 931.2323
29 728.9753 841.2296
30 573.0749 924.0499
31 246.1441 291.9545
