1 754.8022 155.2709
2 399.7948 928.0521
3 431.1594 610.0902
4 58.44103 641.9739
5 524.5307 320.8881
6 769.7956 211.4698
7 586.4034 71.99933
8 497.5099 251.4812
9 50.15791 375.0988
10 103.7368 733.1333
11 574.908 611.9716
12 327.8738 302.4848
13 267.9285 883.6824
14 707.3376 219.2557
15 495.8999 56.8296
16 879.7491 316.522
17 144.7602 783.9161
18 89.35702 427.5699
19 647.6141 510.5261
20 491.4621 589.5696
21 538.9027 59.56267
22 703.6914 121.4111
23 653.7792 374.6109
24 252.9737 643.669
25 76.70308 303.697
26 771.1546 825.5452
27 890.1096 654.8629
28 518.0577 666.2308
29 620.99 909.7438
30 383.807 870.8238
31 915.0832 463.6726
