1 909.4852 412.0875
2 587.5162 407.2073
3 411.291 720.232
4 577.5878 926.4088
5 836.3005 246.2655
6 340.3422 521.1263
7 186.6304 610.5127
8 384.0323 604.0284
9 758.2451 266.8749
10 604.6959 820.9735
11 260.9499 789.6452
12 252.1824 505.264
13 387.3751 65.25656
14 33.81384 461.539
15 636.3091 585.7714
16 536.5012 794.1713
17 642.1018 903.6009
18 202.6638 772.3421
19 87.49652 280.2781
20 445.8511 609.1468
21 236.4157 285.7318
22 628.3696 116.9822
23 295.6218 448.1612
24 232.2284 861.4051
25 303.6909 362.6439
26 283.4767 187.3186
27 602.454 173.4658
28 452.8115 55.04445
29 322.6633 569.5223
30 180.4229 165.9156
31 333.6302 79.89566
