1 499.8613 224.4039
2 510.5902 661.5688
3 560.0179 480.1194
4 685.64 479.2149
5 698.5726 875.4678
6 600.5532 113.2016
7 161.5214 278.489
8 636.8078 339.0768
9 41.96459 399.1352
10 528.6706 126.0035
11 914.3907 468.7221
12 138.5661 779.1055
13 633.635 551.5399
14 637.8539 905.2006
15 97.02284 721.422
16 237.1326 786.0895
17 700.3334 808.7182
18 250.3561 576.9305
19 85.51425 283.8492
20 362.813 123.3761
21 468.4409 128.1152
22 549.9364 72.85917
23 377.7429 65.28154
24 442.143 74.80463
25 829.2713 761.2763
26 54.20707 629.4775
27 769.2679 777.0218
28 619.9107 496.3541
29 572.3798 589.8902
30 305.7314 89.61638
31 646.6372 92.41171
