1 588.0913 371.3037
2 617.3169 631.154
3 652.6179 901.9809
4 609.1461 455.0214
5 664.9766 665.6298
6 458.5267 933.0534
7 209.8327 831.2503
8 647.6492 285.1347
9 836.8748 752.0785
10 672.5726 477.6578
11 547.2298 928.7229
12 40.70291 572.8801
13 677.2991 849.1
14 871.8705 698.7267
15 830.0341 232.7737
16 739.5439 798.9451
17 621.9947 859.9687
18 252.3263 874.8764
19 604.4014 917.7667
20 875.7117 310.8537
21 715.5143 864.853
22 635.3489 800.5517
23 889.4518 640.1743
24 411.1814 110.6319
25 622.5513 569.2981
26 713.9824 711.8748
27 772.4241 311.6216
28 131.2472 219.6559
29 94.20498 272.1685
30 101.1562 709.2597
31 690.4288 392.5274
