1 495.006 306.6811
2 404.4272 293.8014
3 574.4228 429.4148
4 700.488 536.2161
5 877.2979 512.6284
6 868.179 415.081
7 234.8761 244.8587
8 610.8808 273.375
9 32.04121 461.2283
10 640.0683 557.9556
11 530.4161 863.1744
12 87.76261 704.5133
13 902.7442 480.0717
14 179.1831 820.0607
15 639.0499 872.6427
16 478.2371 362.3535
17 643.6361 620.1804
18 329.3833 559.0791
19 123.2317 226.227
20 357.6816 673.4389
21 751.6361 603.1616
22 384.018 128.9143
23 383.679 64.19536
24 580.2719 527.8881
25 912.2921 577.7822
26 140.7126 612.9076
27 498.3144 932.7685
28 701.9214 875.0358
29 916.8525 440.4067
30 235.8453 644.1742
31 832.3909 457.0291
