1 763.9053 592.2677
2 286.8191 756.2287
3 204.556 319.2621
4 286.2025 630.4184
5 59.93471 445.2218
6 353.213 540.5746
7 574.577 197.3113
8 392.7352 658.0676
9 346.1014 618.1087
10 176.2893 171.2057
11 621.4557 237.9787
12 180.9769 451.9293
13 374.0835 149.1068
14 143.5239 409.6914
15 454.0886 934.0246
16 167.4348 593.2883
17 67.64588 515.8703
18 251.474 803.6607
19 576.6754 613.8241
20 295.8608 897.6724
21 40.37834 570.0083
22 283.338 269.6231
23 637.1613 429.0332
24 272.738 572.7312
25 276.7012 99.48101
26 463.2829 635.3384
27 914.2114 564.5199
28 513.2897 930.4597
29 559.5757 927.794
30 755.8359 520.4217
31 136.353 342.6411
