1 343.1035 638.6312
2 543.5751 60.97331
3 182.874 725.1142
4 156.782 799.6305
5 845.6791 402.2373
6 103.344 253.2763
7 486.9954 129.5913
8 461.0991 847.1078
9 282.5955 742.9515
10 200.4126 565.8359
11 650.9578 146.0099
12 333.2419 709.8401
13 169.6072 598.8024
14 580.6183 251.2483
15 296.543 165.462
16 254.7445 872.7028
17 210.3903 824.4429
18 631.2516 83.80486
19 523.628 850.3164
20 532.234 932.1271
21 895.7978 356.7322
22 134.648 625.9153
23 881.8301 669.5502
24 52.18145 367.7152
25 224.0401 769.5113
26 420.0102 59.4005
27 875.2197 310.115
28 272.2362 814.5873
29 423.7643 118.3526
30 478.8167 56.07546
31 523.5502 441.273
