1 392.8887 527.2727
2 534.5488 539.4028
3 723.2464 860.6618
4 392.3802 294.7002
5 338.7287 424.3378
6 191.6389 169.5505
7 861.0215 526.4062
8 546.1198 472.9648
9 681.9648 828.9074
10 915.2268 549.8367
11 580.1158 161.7468
12 39.84723 573.195
13 287.9916 96.4871
14 149.4548 419.601
15 669.0523 891.443
16 443.4379 257.0357
17 51.21576 637.5721
18 615.0583 913.5863
19 850.9198 379.1478
20 632.4379 778.9578
21 376.6219 654.398
22 229.6634 680.9789
23 344.8451 358.9905
24 443.4217 385.1493
25 347.512 574.3684
26 335.9778 489.3888
27 228.0606 131.1144
28 187.2538 340.8782
29 314.828 728.5482
30 881.5372 669.4172
31 265.2599 880.932
