1 311.4986 519.3346
2 493.9618 55.89206
3 772.8101 259.5957
4 602.0474 847.973
5 254.8868 647.1376
6 597.6779 72.54355
7 392.7146 172.2928
8 289.9062 574.1205
9 596.6932 220.5827
10 455.766 165.7758
11 193.6677 163.3754
12 354.5843 218.4528
13 848.9188 265.1613
14 34.93128 508.8971
15 73.01383 380.7486
16 796.0481 194.5712
17 329.0136 160.2297
18 680.8578 198.3125
19 69.10596 668.9408
20 467.4397 109.0062
21 605.8683 286.5936
22 146.033 200.2253
23 520.2359 238.9002
24 433.8329 59.65796
25 589.2034 132.7764
26 216.9886 211.8675
27 436.1903 905.6274
28 658.6585 824.043
29 538.2253 93.93437
30 111.5806 243.302
31 568.5192 641.4407
