1 820.8647 222.8738
2 372.9709 923.1709
3 529.5723 582.9016
4 71.63767 676.1474
5 539.7626 179.0904
6 599.2614 211.4775
7 537.9858 116.9793
8 375.1983 357.8936
9 42.48329 408.7582
10 130.6405 709.962
11 602.4959 447.5319
12 187.095 301.677
13 257.3841 881.1778
14 594.1255 139.719
15 555.0719 63.11623
16 859.8124 274.8054
17 142.2847 773.8996
18 39.62862 571.1972
19 741.8215 614.9842
20 560.3036 647.2651
21 620.3296 77.8137
22 771.5787 172.8564
23 807.9781 329.5783
24 167.4879 521.215
25 56.90267 347.3964
26 865.1353 707.7618
27 912.7626 570.7422
28 496.2351 657.0263
29 550.6156 929.8125
30 319.8331 905.0169
31 894.2941 358.971
