1 704.4976 802.0383
2 700.7393 874.4001
3 75.75942 520.4406
4 200.1124 581.672
5 876.4359 527.1827
6 367.5176 69.89386
7 410.9717 506.6842
8 470.7186 803.6778
9 899.3494 622.7389
10 379.677 566.6424
11 189.9773 827.5546
12 290.5817 410.258
13 35.33486 435.148
14 711.4963 212.3912
15 833.2657 235.0405
16 531.043 646.4713
17 809.7342 693.8932
18 242.4423 626.2231
19 387.8586 232.1908
20 489.7917 550.3464
21 765.6462 516.6525
22 872.3468 695.3631
23 424.5316 443.787
24 42.78838 382.018
25 408.3048 291.0162
26 841.1885 749.4756
27 87.45705 389.8419
28 27.81184 488.4552
29 746.2768 846.5738
30 769.6759 227.1806
31 440.93 378.6154
