1 314.5438 466.54
2 881.9059 670.9891
3 111.639 628.4912
4 73.8358 682.5849
5 576.5387 920.5607
6 197.8159 680.9685
7 346.8223 558.5211
8 361.5084 621.0194
9 293.2764 596.3549
10 195.4283 740.8964
11 196.8992 616.6635
12 361.3538 510.4993
13 715.5183 864.9469
14 815.927 240.7714
15 49.23697 370.0878
16 290.4797 95.0655
17 680.6846 240.1328
18 237.1664 123.7376
19 94.77485 566.6079
20 293.936 525.2777
21 780.5584 311.3027
22 896.1477 363.5462
23 387.9071 457.2698
24 592.8434 255.7956
25 97.03051 268.4743
26 914.222 421.2782
27 832.6086 758.7627
28 799.7558 797.7296
29 875.4944 307.9735
30 66.77099 324.0307
31 471.9282 522.9104
