1 805.7633 344.3341
2 348.2107 915.3451
3 627.6466 367.099
4 90.73335 709.8067
5 284.8208 96.14318
6 298.152 153.2631
7 470.7375 56.41478
8 515.9615 546.2922
9 194.8357 397.0833
10 373.4583 558.4789
11 745.6522 231.9546
12 213.3619 526.1959
13 167.0128 663.1314
14 362.669 166.3282
15 574.0119 262.1453
16 727.0416 338.3305
17 92.35215 537.4709
18 44.69567 580.9517
19 888.1812 662.1702
20 494.2358 864.2665
21 520.6048 88.17441
22 827.8108 222.2425
23 796.8593 197.4497
24 42.50938 407.6113
25 133.9058 391.47
26 919.785 476.3433
27 910.7486 404.7123
28 535.2284 814.9961
29 564.5539 925.2309
30 368.6665 672.097
31 845.9444 284.9926
