1 644.6069 458.1308
2 218.5899 576.014
3 445.5459 210.0528
4 618.1681 281.1888
5 815.3864 529.38
6 788.2918 293.1948
7 379.5989 218.4051
8 488.794 523.5725
9 31.30892 468.1012
10 805.7426 350.93
11 768.7309 753.3508
12 108.8398 738.8885
13 916.4641 531.1551
14 366.0903 921.7174
15 382.7295 604.0878
16 257.6992 533.951
17 906.5921 594.1189
18 406.9445 880.0927
19 116.3653 234.1463
20 337.8978 421.1903
21 664.6496 401.3597
22 536.4074 61.57956
23 225.4628 130.7935
24 729.2772 311.3411
25 828.4019 601.0452
26 60.3693 644.2622
27 599.7914 917.8924
28 538.2208 820.16
29 881.9007 459.2309
30 109.334 406.1991
31 846.8618 280.9801
