1 392.7174 568.7951
2 583.6414 69.07998
3 504.5243 520.7278
4 466.8914 935.3398
5 292.586 480.1713
6 44.20825 576.4505
7 347.221 504.9541
8 309.2416 372.8527
9 401.1203 469.2296
10 492.3177 149.4904
11 252.0092 875.8044
12 338.3577 598.9856
13 157.5829 560.7852
14 799.0464 461.7097
15 705.6567 120.2005
16 209.5958 429.5939
17 843.2479 383.0094
18 222.3123 555.5016
19 176.9493 169.5698
20 57.74475 641.1118
21 707.1485 398.7491
22 487.8794 58.08756
23 344.9185 440.6814
24 690.3998 710.8628
25 768.0424 164.5479
26 622.863 746.4631
27 714.4325 323.2687
28 879.996 328.8721
29 134.7955 776.0352
30 676.38 172.3498
31 44.35985 496.2441
