1 490.7898 526.9461
2 310.9748 84.61952
3 696.4901 878.5379
4 748.7794 744.4659
5 601.1886 693.1708
6 134.3115 584.0139
7 866.6808 291.9085
8 308.9204 371.0913
9 410.8665 418.7746
10 697.207 820.9087
11 833.984 241.3729
12 262.4851 248.1084
13 436.5721 66.13901
14 67.91202 322.7078
15 120.4514 756.1606
16 240.8195 397.3814
17 196.9774 151.6541
18 911.3185 568.8304
19 250.8399 334.2795
20 393.4463 834.7934
21 231.9926 769.679
22 116.1843 511.4999
23 369.2828 310.1777
24 49.32109 611.8505
25 238.8266 192.8059
26 499.9089 56.90617
27 128.6491 446.9511
28 786.4598 697.6409
29 906.3972 397.5803
30 554.4432 513.4298
31 614.8939 914.5761
