1 351.5042 428.4
2 624.3158 457.5697
3 166.9354 593.4156
4 159.5908 805.2716
5 543.7451 929.9774
6 32.81223 491.1073
7 358.8752 310.0654
8 180.1643 652.8122
9 93.04858 510.8434
10 30.72378 557.1283
11 205.1591 142.0614
12 150.2035 534.3504
13 567.2976 486.2866
14 405.1719 381.8562
15 73.97007 570.9461
16 457.3853 354.4077
17 718.0856 470.6367
18 421.0175 286.3179
19 90.96586 631.4756
20 203.4769 748.5145
21 677.4211 430.051
22 658.5983 510.3479
23 574.1309 263.0212
24 175.8239 201.3632
25 390.6632 181.2947
26 904.6325 393.8577
27 882.8827 673.9452
28 846.382 739.1445
29 752.9495 155.615
30 95.68805 272.0682
31 141.7313 760.5859
