1 354.4488 533.0035
2 487.315 732.753
3 584.5776 808.1364
4 431.9215 288.4544
5 829.6688 759.5
6 253.002 709.3035
7 124.1926 761.2183
8 853.2531 467.2998
9 665.473 863.7697
10 782.7833 636.4905
11 311.1868 832.9066
12 38.95914 566.4546
13 642.7964 804.6334
14 731.7689 695.7948
15 692.1144 112.0661
16 430.8473 757.9722
17 538.6299 584.7656
18 228.8367 857.9384
19 539.7795 931.246
20 832.5333 239.1507
21 548.5057 737.1396
22 865.4459 704.3957
23 684.6776 530.4819
24 146.8131 307.2947
25 799.4665 697.3875
26 890.855 654.424
27 917.7395 475.5528
28 263.4116 107.6273
29 91.83187 273.5567
30 34.44454 501.8872
31 917.8218 538.2587
